0 0.821875 0.34921875 0.14296875 0.06484375
0 0.55078125 0.465625 0.15703125 0.065625
0 0.109375 0.334375 0.1078125 0.1578125
0 0.434375 0.59609375 0.14921875 0.06640625
0 0.22265625 0.34609375 0.1046875 0.15546875
0 0.57265625 0.5921875 0.13203125 0.06328125
0 0.19140625 0.5140625 0.21015625 0.09765625
0 0.42421875 0.36171875 0.09140625 0.1421875
0 0.54609375 0.53515625 0.1546875 0.0671875
0 0.27265625 0.59765625 0.16640625 0.07265625
0 0.6765625 0.3421875 0.15234375 0.06953125
0 0.38515625 0.534375 0.1671875 0.07265625
0 0.32578125 0.3546875 0.0984375 0.14921875
0 0.671875 0.41015625 0.15625 0.06796875
0 0.53359375 0.36328125 0.128125 0.140625
0 0.38046875 0.46328125 0.17109375 0.07265625
0 0.121875 0.87265625 0.109375 0.1234375
0 0.18828125 0.4515625 0.21484375 0.08203125
0 0.81953125 0.415625 0.13671875 0.06171875
0 0.6890625 0.53515625 0.1375 0.0671875
0 0.1234375 0.6203125 0.1109375 0.12421875
0 0.69296875 0.46953125 0.1375 0.06640625
0 0.6984375 0.59140625 0.12578125 0.06171875
0 0.82265625 0.46953125 0.128125 0.06328125
0 0.48125 0.25703125 0.178125 0.0859375
0 0.121875 0.74921875 0.1109375 0.11953125
0 0.8265625 0.534375 0.12421875 0.06015625
0 0.809375 0.2890625 0.14140625 0.07109375
0 0.56953125 0.6609375 0.13203125 0.06796875
0 0.65234375 0.27578125 0.15703125 0.0765625
0 0.296875 0.234375 0.196875 0.1015625
0 0.69453125 0.65625 0.1234375 0.0625
0 0.4296875 0.66484375 0.14609375 0.0640625
0 0.2578125 0.88203125 0.16640625 0.075
0 0.56328125 0.734375 0.13359375 0.08125
0 0.2703125 0.6703125 0.16875 0.07421875
0 0.8203125 0.59296875 0.1265625 0.0640625
0 0.81796875 0.65 0.125 0.0609375
0 0.81328125 0.7046875 0.1265625 0.0625
0 0.6921875 0.7171875 0.1375 0.05703125
0 0.421875 0.73125 0.1421875 0.06875
0 0.26796875 0.7390625 0.16484375 0.06640625
0 0.26015625 0.80625 0.16640625 0.0703125
0 0.41953125 0.79453125 0.14765625 0.06796875
0 0.55546875 0.78125 0.13203125 0.07265625
0 0.6859375 0.771875 0.13203125 0.0703125
0 0.80625 0.76796875 0.11953125 0.05703125
0 0.4125 0.8578125 0.14375 0.07578125
0 0.5515625 0.8453125 0.13046875 0.07578125
0 0.6765625 0.834375 0.11953125 0.06875
0 0.7984375 0.8265625 0.11796875 0.06796875