0 0.37734375 0.22578125 0.09453125 0.11875
0 0.4578125 0.5515625 0.08515625 0.10703125
0 0.28984375 0.1 0.10546875 0.1328125
0 0.2796875 0.4515625 0.09921875 0.1140625
0 0.175 0.08984375 0.11171875 0.13828125
0 0.371875 0.4484375 0.0921875 0.11328125
0 0.05703125 0.33515625 0.11328125 0.12890625
0 0.171875 0.21875 0.11171875 0.13125
0 0.0640625 0.075 0.1203125 0.14296875
0 0.05703125 0.46171875 0.1140625 0.1265625
0 0.64296875 0.1375 0.078125 0.1078125
0 0.384375 0.11484375 0.09453125 0.12890625
0 0.28359375 0.22109375 0.103125 0.1234375
0 0.05859375 0.20703125 0.11640625 0.13828125
0 0.36796875 0.55625 0.08984375 0.109375
0 0.16953125 0.45546875 0.10859375 0.12109375
0 0.16796875 0.69140625 0.10703125 0.12265625
0 0.27421875 0.34375 0.10234375 0.11875
0 0.27890625 0.77890625 0.0953125 0.11328125
0 0.375 0.34453125 0.09375 0.11484375
0 0.1671875 0.34296875 0.11328125 0.121875
0 0.4515625 0.653125 0.084375 0.103125
0 0.5640625 0.13046875 0.0796875 0.11484375
0 0.459375 0.45 0.08671875 0.10703125
0 0.47265625 0.2375 0.084375 0.11328125
0 0.0578125 0.5828125 0.1140625 0.12265625
0 0.6328125 0.24375 0.078125 0.10703125
0 0.0625 0.69765625 0.11328125 0.1203125
0 0.36171875 0.665625 0.09140625 0.10703125
0 0.275 0.56875 0.1 0.115625
0 0.47734375 0.12109375 0.0890625 0.12109375
0 0.55859375 0.24140625 0.08515625 0.109375
0 0.45703125 0.85234375 0.08203125 0.10546875
0 0.26953125 0.67109375 0.09765625 0.11640625
0 0.62109375 0.44296875 0.0765625 0.09921875
0 0.72265625 0.14140625 0.07734375 0.109375
0 0.77109375 0.43984375 0.0703125 0.09375
0 0.6890625 0.5375 0.07421875 0.09375
0 0.603125 0.63828125 0.075 0.09296875
0 0.7921875 0.53203125 0.12734375 0.0921875
0 0.84609375 0.34609375 0.06640625 0.09375
0 0.85390625 0.25703125 0.06875 0.09765625
0 0.5359375 0.6453125 0.07734375 0.10234375
0 0.6984375 0.4421875 0.071875 0.0953125
0 0.84140625 0.44140625 0.0625 0.09375
0 0.6046875 0.72734375 0.07109375 0.096875
0 0.88359375 0.6125 0.06640625 0.0875
0 0.6796875 0.62734375 0.07421875 0.0921875
0 0.90625 0.34765625 0.0625 0.090625
0 0.1765625 0.57265625 0.1078125 0.11796875
0 0.61171875 0.540625 0.075 0.096875
0 0.91484375 0.25703125 0.0625 0.09453125
0 0.77578125 0.34453125 0.06796875 0.09765625
0 0.54296875 0.546875 0.07890625 0.10234375
0 0.86171875 0.16171875 0.06328125 0.096875
0 0.703125 0.346875 0.075 0.1
0 0.16953125 0.79921875 0.109375 0.12109375
0 0.4515625 0.75625 0.08359375 0.1015625
0 0.54609375 0.4453125 0.07890625 0.10390625
0 0.79296875 0.15078125 0.06796875 0.1046875
0 0.36796875 0.8703125 0.090625 0.11328125
0 0.8765625 0.69140625 0.06171875 0.084375
0 0.2828125 0.8875 0.09375 0.1125
0 0.92109375 0.16484375 0.0625 0.09765625
0 0.8171875 0.61953125 0.06171875 0.0859375
0 0.6796875 0.72421875 0.0703125 0.09453125
0 0.75546875 0.62734375 0.0703125 0.0921875
0 0.784375 0.25 0.06796875 0.10078125
0 0.5359375 0.74453125 0.078125 0.1015625
0 0.62734375 0.3453125 0.07734375 0.10234375
0 0.17265625 0.90390625 0.10625 0.12265625
0 0.715625 0.246875 0.07734375 0.10390625
0 0.54453125 0.840625 0.08671875 0.103125
0 0.36328125 0.76953125 0.090625 0.109375
0 0.75078125 0.7171875 0.065625 0.08828125
0 0.89140625 0.52890625 0.06484375 0.0890625
0 0.7515625 0.8015625 0.065625 0.0890625
0 0.6109375 0.81953125 0.06171875 0.090625
0 0.896875 0.4375 0.0578125 0.0890625
0 0.81171875 0.78671875 0.0609375 0.09140625
0 0.8734375 0.78125 0.05546875 0.08671875
0 0.55078125 0.3453125 0.0828125 0.10625
0 0.4609375 0.34375 0.08359375 0.11015625
0 0.67890625 0.815625 0.06796875 0.09296875
0 0.8109375 0.7 0.0625 0.08515625
0 0.05 0.9296875 0.1 0.125
0 0.83359375 0.53125 0.0578125 0.08984375
0 0.05234375 0.82265625 0.1046875 0.12265625