0 0.62734375 0.271875 0.1375 0.0890625
0 0.4921875 0.3546875 0.13671875 0.0890625
0 0.76640625 0.271875 0.13125 0.0875
0 0.49453125 0.2734375 0.1359375 0.090625
0 0.22421875 0.3171875 0.1296875 0.14765625
0 0.9 0.34921875 0.1359375 0.08515625
0 0.8921875 0.271875 0.13046875 0.084375
0 0.2921875 0.5796875 0.03203125 0.07109375
0 0.63203125 0.353125 0.1359375 0.0875
0 0.21640625 0.43359375 0.14140625 0.0890625
0 0.6921875 0.85703125 0.03359375 0.0703125
0 0.36171875 0.34765625 0.14140625 0.08828125
0 0.37890625 0.9328125 0.0328125 0.07421875
0 0.4953125 0.44296875 0.13515625 0.084375
0 0.20390625 0.715625 0.03359375 0.07265625
0 0.3578125 0.2625 0.1390625 0.09140625
0 0.84140625 0.85625 0.03203125 0.07109375
0 0.80703125 0.51484375 0.03125 0.06640625
0 0.6671875 0.790625 0.03203125 0.06484375
0 0.66015625 0.8546875 0.0328125 0.06875
0 0.62890625 0.85703125 0.0328125 0.07109375
0 0.56640625 0.58359375 0.0328125 0.06640625
0 0.56875 0.928125 0.03046875 0.075
0 0.63125 0.4390625 0.14140625 0.084375
0 0.90078125 0.8875 0.03203125 0.13828125
0 0.74921875 0.515625 0.02890625 0.0671875
0 0.7671875 0.35234375 0.13515625 0.08515625
0 0.4796875 0.5203125 0.034375 0.06484375
0 0.390625 0.790625 0.0328125 0.07421875
0 0.5421875 0.85546875 0.03203125 0.0703125
0 0.17265625 0.7171875 0.02890625 0.0703125
0 0.17890625 0.57734375 0.0296875 0.0703125
0 0.69453125 0.92734375 0.03203125 0.07421875
0 0.3546875 0.4375 0.140625 0.08984375
0 0.471875 0.928125 0.0328125 0.07265625
0 0.50390625 0.928125 0.03359375 0.07578125
0 0.71953125 0.515625 0.0296875 0.06796875
0 0.6625 0.9265625 0.0328125 0.0734375
0 0.4421875 0.93046875 0.03359375 0.0734375
0 0.415625 0.5828125 0.0359375 0.06640625
0 0.93203125 0.78515625 0.02890625 0.06875
0 0.865625 0.5140625 0.03203125 0.0671875
0 0.53984375 0.58203125 0.03359375 0.0640625
0 0.8734375 0.8546875 0.03203125 0.0734375
0 0.93203125 0.8546875 0.03125 0.06953125
0 0.41875 0.51640625 0.03125 0.06640625
0 0.7171875 0.58203125 0.03203125 0.06640625
0 0.3859375 0.5125 0.03046875 0.065625
0 0.81640625 0.7890625 0.03125 0.07109375
0 0.6296875 0.928125 0.0328125 0.075
0 0.80625 0.64765625 0.03203125 0.0671875
0 0.41875 0.71875 0.03203125 0.06875
0 0.3515625 0.578125 0.0328125 0.06953125
0 0.8953125 0.646875 0.0328125 0.07109375
0 0.06875 0.8625 0.0359375 0.075
0 0.38671875 0.71953125 0.03125 0.06875
0 0.325 0.57890625 0.03125 0.0703125
0 0.875 0.715625 0.03984375 0.06953125
0 0.83984375 0.92578125 0.03203125 0.0734375
0 0.6015625 0.51796875 0.0296875 0.0640625
0 0.62890625 0.515625 0.03125 0.065625
0 0.35234375 0.64765625 0.03203125 0.06796875
0 0.103125 0.859375 0.0328125 0.0734375
0 0.890625 0.5796875 0.0328125 0.06875
0 0.5078125 0.6515625 0.03125 0.07109375
0 0.84140625 0.7171875 0.0359375 0.0671875
0 0.54140625 0.5203125 0.0296875 0.0640625
0 0.753125 0.85625 0.0359375 0.071875
0 0.78125 0.92578125 0.02734375 0.07265625
0 0.7203125 0.85625 0.03359375 0.071875
0 0.5640625 0.65 0.0328125 0.071875
0 0.44296875 0.65 0.03203125 0.07109375
0 0.14453125 0.71484375 0.03359375 0.07109375
0 0.5359375 0.6515625 0.03359375 0.07109375
0 0.38203125 0.57890625 0.03359375 0.06796875
0 0.50859375 0.521875 0.0328125 0.065625
0 0.60703125 0.79296875 0.03125 0.059375
0 0.7578125 0.78515625 0.03125 0.06796875
0 0.56953125 0.51875 0.03125 0.0640625
0 0.63828125 0.78984375 0.0328125 0.065625
0 0.78203125 0.8546875 0.034375 0.06953125
0 0.6984375 0.7875 0.0328125 0.06640625
0 0.47890625 0.7203125 0.03203125 0.0703125
0 0.921875 0.5796875 0.03125 0.06953125
0 0.29375 0.71796875 0.03203125 0.0703125
0 0.76796875 0.43671875 0.13671875 0.0859375
0 0.71875 0.6484375 0.03125 0.0703125
0 0.7765625 0.51484375 0.028125 0.0671875
0 0.3234375 0.64921875 0.0328125 0.06953125
0 0.59609375 0.64921875 0.03125 0.07109375
0 0.3265625 0.71640625 0.03125 0.07109375
0 0.60078125 0.9265625 0.03359375 0.0734375
0 0.23125 0.7171875 0.03125 0.07109375
0 0.3453125 0.93515625 0.0328125 0.0734375
0 0.83828125 0.5171875 0.02890625 0.0671875
0 0.72265625 0.7203125 0.0328125 0.071875
0 0.5109375 0.8546875 0.03125 0.0703125
0 0.20546875 0.64765625 0.03125 0.06796875
0 0.41171875 0.9328125 0.0328125 0.07421875
0 0.65625 0.64921875 0.03125 0.0703125
0 0.26953125 0.78828125 0.0296875 0.071875
0 0.8140625 0.85703125 0.0328125 0.07109375
0 0.7234375 0.9265625 0.03203125 0.0734375
0 0.2640625 0.71484375 0.03203125 0.07265625
0 0.10078125 0.9359375 0.03203125 0.075
0 0.53828125 0.928125 0.034375 0.0765625
0 0.3546875 0.715625 0.03203125 0.06953125
0 0.44765625 0.72265625 0.03203125 0.0703125
0 0.153125 0.57578125 0.03046875 0.06953125
0 0.7546875 0.9265625 0.0328125 0.07265625
0 0.17578125 0.78984375 0.0359375 0.07265625
0 0.6578125 0.58125 0.03125 0.06875
0 0.5734375 0.71953125 0.03828125 0.07265625
0 0.17265625 0.646875 0.03046875 0.0703125
0 0.6609375 0.5125 0.03125 0.06484375
0 0.7484375 0.5796875 0.03125 0.0671875
0 0.51015625 0.7203125 0.03359375 0.06796875
0 0.54453125 0.71953125 0.03515625 0.06875
0 0.83125 0.58046875 0.0328125 0.06796875
0 0.57421875 0.7921875 0.0359375 0.06640625
0 0.3546875 0.51328125 0.03046875 0.065625
0 0.7859375 0.78671875 0.0328125 0.06953125
0 0.6 0.58046875 0.03359375 0.0671875
0 0.209375 0.50859375 0.028125 0.065625
0 0.07578125 0.7859375 0.034375 0.075
0 0.25859375 0.8625 0.0328125 0.0765625
0 0.26484375 0.57890625 0.02890625 0.0734375
0 0.77578125 0.57890625 0.0296875 0.0671875
0 0.121875 0.57265625 0.03125 0.06875
0 0.11015625 0.7875 0.034375 0.07265625
0 0.68828125 0.51796875 0.0296875 0.06640625
0 0.115625 0.6453125 0.03125 0.06953125
0 0.77578125 0.64765625 0.0296875 0.06875
0 0.89375 0.5140625 0.02890625 0.06640625
0 0.4796875 0.58515625 0.03515625 0.06640625
0 0.184375 0.5125 0.02890625 0.06640625
0 0.78046875 0.7171875 0.03203125 0.07109375
0 0.62578125 0.58125 0.03203125 0.0703125
0 0.81171875 0.92890625 0.03203125 0.0734375
0 0.234375 0.575 0.0296875 0.07109375
0 0.925 0.5140625 0.03046875 0.0671875
0 0.90234375 0.78359375 0.03203125 0.06875
0 0.8046875 0.58125 0.03359375 0.06875
0 0.296875 0.509375 0.0296875 0.06640625
0 0.1453125 0.6453125 0.03046875 0.0703125
0 0.14453125 0.7890625 0.034375 0.071875
0 0.446875 0.5828125 0.03515625 0.065625
0 0.6953125 0.71875 0.0328125 0.06875
0 0.09140625 0.571875 0.03359375 0.06796875
0 0.12734375 0.9359375 0.03203125 0.075
0 0.8734375 0.92578125 0.03046875 0.07421875
0 0.23671875 0.5078125 0.03046875 0.06640625
0 0.2078125 0.7875 0.03203125 0.07109375
0 0.74921875 0.65 0.0328125 0.06875
0 0.625 0.65 0.0328125 0.07109375
0 0.20859375 0.575 0.02890625 0.0703125
0 0.26875 0.5109375 0.03203125 0.065625
0 0.23671875 0.7875 0.0328125 0.07109375
0 0.47734375 0.859375 0.03359375 0.0703125
0 0.31640625 0.93359375 0.0328125 0.0734375
0 0.2328125 0.64765625 0.03125 0.06796875
0 0.1625 0.86328125 0.034375 0.075
0 0.5171875 0.7875 0.0328125 0.06796875
0 0.08671875 0.64296875 0.0328125 0.071875
0 0.6890625 0.65078125 0.03203125 0.07109375
0 0.75390625 0.7171875 0.034375 0.071875
0 0.12109375 0.50546875 0.03125 0.06796875
0 0.60625 0.7203125 0.03203125 0.075
0 0.54609375 0.78984375 0.03359375 0.065625
0 0.92578125 0.71640625 0.03828125 0.0640625
0 0.11171875 0.7140625 0.03203125 0.071875
0 0.6859375 0.57890625 0.03125 0.0671875
0 0.93203125 0.925 0.0328125 0.07421875
0 0.13359375 0.86171875 0.0328125 0.07421875
0 0.6015625 0.8546875 0.034375 0.06953125
0 0.86328125 0.578125 0.0359375 0.06796875
0 0.33046875 0.78984375 0.03203125 0.07265625
0 0.38359375 0.6484375 0.03125 0.0703125
0 0.47421875 0.653125 0.03203125 0.06875
0 0.875 0.784375 0.03203125 0.06796875
0 0.84765625 0.78671875 0.03125 0.0703125
0 0.28671875 0.8609375 0.0328125 0.07578125
0 0.81171875 0.71875 0.0375 0.06875
0 0.153125 0.50703125 0.03125 0.065625
0 0.44609375 0.51953125 0.03203125 0.06484375
0 0.29140625 0.64765625 0.03046875 0.06875
0 0.3609375 0.7875 0.03125 0.07421875
0 0.45390625 0.7921875 0.0328125 0.0703125
0 0.1609375 0.93671875 0.034375 0.07578125
0 0.6625 0.71875 0.03359375 0.06953125
0 0.41484375 0.65 0.03125 0.071875
0 0.903125 0.4375 0.140625 0.08828125
0 0.31875 0.86328125 0.03046875 0.07578125
0 0.7265625 0.78828125 0.03203125 0.0671875
0 0.284375 0.9359375 0.034375 0.071875
0 0.10859375 0.334375 0.06953125 0.26953125
0 0.86875 0.64921875 0.03125 0.06953125
0 0.2640625 0.6484375 0.03125 0.06796875
0 0.30234375 0.78671875 0.034375 0.071875
0 0.95 0.5796875 0.0359375 0.0703125
0 0.63515625 0.725 0.0328125 0.06953125
0 0.56875 0.86171875 0.03046875 0.059375
0 0.8375 0.65 0.0328125 0.0703125
0 0.20078125 0.86328125 0.0328125 0.07734375
0 0.32734375 0.5109375 0.02890625 0.065625
0 0.48203125 0.78828125 0.03203125 0.0671875
0 0.4140625 0.8625 0.0359375 0.06796875
0 0.51171875 0.58203125 0.0328125 0.065625
0 0.44375 0.8625 0.03671875 0.06875
0 0.9265625 0.64921875 0.03046875 0.07109375
0 0.0671875 0.93671875 0.034375 0.07421875
0 0.25390625 0.9328125 0.03046875 0.07109375
0 0.0828125 0.7109375 0.034375 0.07109375
0 0.09453125 0.50859375 0.0328125 0.0671875
0 0.90078125 0.71640625 0.02734375 0.06796875
0 0.22734375 0.8625 0.03125 0.07890625
0 0.95703125 0.78359375 0.0265625 0.06796875
0 0.95625 0.715625 0.0359375 0.0625
0 0.9609375 0.853125 0.02578125 0.07265625
0 0.9609375 0.925 0.0296875 0.0765625
0 0.9578125 0.646875 0.03984375 0.0703125