0 0.21015625 0.26796875 0.1765625 0.10390625
0 0.36171875 0.27890625 0.13046875 0.165625
0 0.49375 0.26875 0.1390625 0.1828125
0 0.64609375 0.25703125 0.15625 0.1921875
0 0.8171875 0.24765625 0.17578125 0.21328125
0 0.81015625 0.4375 0.1828125 0.18671875
0 0.64140625 0.440625 0.1609375 0.1765625
0 0.49609375 0.44296875 0.1453125 0.159375
0 0.3640625 0.43828125 0.13046875 0.15546875
0 0.21171875 0.37265625 0.17421875 0.0984375
0 0.21015625 0.465625 0.17109375 0.096875
0 0.209375 0.55859375 0.16953125 0.10390625
0 0.35703125 0.5890625 0.1296875 0.153125
0 0.48046875 0.60078125 0.1390625 0.1609375
0 0.628125 0.6078125 0.14609375 0.175
0 0.79921875 0.61640625 0.1765625 0.18046875
0 0.20703125 0.65 0.171875 0.10546875
0 0.20703125 0.73828125 0.16953125 0.11015625
0 0.3515625 0.734375 0.121875 0.16015625
0 0.4796875 0.7484375 0.134375 0.1640625
0 0.62109375 0.7671875 0.140625 0.17265625
0 0.7875 0.7875 0.171875 0.1828125