0 0.1765625 0.6875 0.13203125 0.103125
0 0.3 0.68828125 0.13359375 0.1015625
0 0.4234375 0.68984375 0.134375 0.1015625
0 0.553125 0.67734375 0.12890625 0.10390625
0 0.6953125 0.675 0.14765625 0.11953125
0 0.85 0.675 0.16640625 0.128125
0 0.925 0.815625 0.08203125 0.1484375
0 0.86328125 0.815625 0.071875 0.14140625
0 0.8046875 0.81328125 0.07421875 0.14609375
0 0.7484375 0.80703125 0.06484375 0.14140625
0 0.68984375 0.803125 0.065625 0.1390625
0 0.634375 0.79921875 0.06015625 0.14296875
0 0.5796875 0.79609375 0.053125 0.13359375
0 0.5296875 0.796875 0.04921875 0.128125
0 0.4796875 0.80078125 0.04609375 0.13203125
0 0.42734375 0.8046875 0.0515625 0.1234375
0 0.38125 0.80625 0.04609375 0.1265625
0 0.33203125 0.809375 0.053125 0.12890625
0 0.2875 0.80546875 0.05625 0.128125
0 0.24375 0.80859375 0.053125 0.128125
0 0.2 0.8078125 0.05859375 0.1265625
0 0.159375 0.81015625 0.059375 0.11796875
0 0.1171875 0.8109375 0.06015625 0.128125
0 0.0828125 0.765625 0.06328125 0.1125
0 0.0546875 0.8875 0.07109375 0.15
0 0.08828125 0.9328125 0.0671875 0.1265625
0 0.13125 0.93828125 0.053125 0.115625
0 0.1765625 0.9421875 0.04375 0.109375
0 0.221875 0.9359375 0.0625 0.128125
0 0.2640625 0.93359375 0.059375 0.1328125
0 0.3203125 0.93671875 0.04921875 0.1265625
0 0.365625 0.93828125 0.05859375 0.1234375
0 0.4203125 0.93671875 0.0484375 0.1265625
0 0.47109375 0.9359375 0.053125 0.128125
0 0.5265625 0.9359375 0.05703125 0.128125
0 0.58046875 0.93359375 0.0546875 0.1328125
0 0.6390625 0.93515625 0.06015625 0.12890625
0 0.696875 0.93671875 0.06328125 0.1265625
0 0.759375 0.93671875 0.0625 0.1265625
0 0.8203125 0.9390625 0.0671875 0.121875
0 0.878125 0.9421875 0.065625 0.115625
0 0.94453125 0.94453125 0.0765625 0.1109375