0 0.1125 0.58984375 0.11484375 0.1171875
0 0.70234375 0.840625 0.1578125 0.096875
0 0.46328125 0.5921875 0.11796875 0.11875
0 0.21875 0.70703125 0.11875 0.11640625
0 0.57890625 0.71015625 0.11875 0.1171875
0 0.23203125 0.35859375 0.11796875 0.11875
0 0.5828125 0.353125 0.11953125 0.125
0 0.45390625 0.70859375 0.11875 0.11640625
0 0.46484375 0.35546875 0.115625 0.1203125
0 0.225 0.81953125 0.11484375 0.11171875
0 0.46640625 0.475 0.11875 0.11796875
0 0.10703125 0.703125 0.1140625 0.115625
0 0.33828125 0.81640625 0.11640625 0.11484375
0 0.11953125 0.3578125 0.11796875 0.11640625
0 0.71171875 0.74296875 0.13515625 0.109375
0 0.1140625 0.8109375 0.11171875 0.11171875
0 0.22890625 0.59140625 0.11796875 0.1171875
0 0.23203125 0.47890625 0.11640625 0.11875
0 0.34609375 0.35703125 0.1171875 0.11875
0 0.56953125 0.81875 0.11953125 0.11484375
0 0.1203125 0.47265625 0.11484375 0.11953125
0 0.725 0.53515625 0.13671875 0.1046875
0 0.7171875 0.6390625 0.13671875 0.1078125
0 0.871875 0.65625 0.146875 0.109375
0 0.86953125 0.84453125 0.16796875 0.0921875
0 0.58671875 0.5890625 0.121875 0.11796875
0 0.3453125 0.47265625 0.1171875 0.1203125
0 0.4515625 0.81953125 0.11875 0.1140625
0 0.346875 0.590625 0.1171875 0.11640625
0 0.58359375 0.47578125 0.121875 0.11875
0 0.3375 0.70703125 0.11796875 0.115625
0 0.87421875 0.44453125 0.146875 0.1109375
0 0.109375 0.26328125 0.14453125 0.090625
0 0.7109375 0.43046875 0.1359375 0.10703125
0 0.87265625 0.75625 0.17421875 0.0953125
0 0.71875 0.315625 0.12109375 0.12421875
0 0.8703125 0.55234375 0.14765625 0.10703125
0 0.4109375 0.2515625 0.15390625 0.096875
0 0.26171875 0.25546875 0.1453125 0.09453125
0 0.86640625 0.34375 0.17265625 0.0984375
0 0.56640625 0.25078125 0.1578125 0.09453125
0 0.86640625 0.24765625 0.175 0.1015625