0 0.47890625 0.178125 0.1125 0.0875
0 0.56015625 0.43984375 0.0625 0.153125
0 0.47890625 0.26796875 0.115625 0.084375
0 0.4765625 0.3609375 0.115625 0.0828125
0 0.47890625 0.46640625 0.115625 0.090625
0 0.38203125 0.44609375 0.0765625 0.14375
0 0.384375 0.3140625 0.078125 0.121875
0 0.38671875 0.1921875 0.078125 0.1125
0 0.30859375 0.2109375 0.075 0.1796875
0 0.30703125 0.3640625 0.078125 0.121875
0 0.30625 0.47265625 0.078125 0.0984375
0 0.22890625 0.421875 0.08125 0.11875
0 0.2296875 0.2984375 0.08125 0.121875
0 0.23359375 0.17265625 0.0828125 0.11875