0 0.446875 0.53125 0.0953125 0.10625
0 0.72890625 0.43515625 0.103125 0.103125
0 0.54609375 0.42578125 0.096875 0.1078125
0 0.640625 0.42890625 0.096875 0.103125
0 0.634375 0.53515625 0.096875 0.103125
0 0.5421875 0.53125 0.0953125 0.10625
0 0.66015625 0.76328125 0.075 0.10625
0 0.67421875 0.6421875 0.0765625 0.115625
0 0.525 0.7546875 0.075 0.10625
0 0.73828125 0.328125 0.103125 0.109375
0 0.44765625 0.41484375 0.096875 0.10625
0 0.65 0.32421875 0.1 0.1125
0 0.65078125 0.8671875 0.075 0.1
0 0.37890625 0.84765625 0.0640625 0.090625
0 0.45390625 0.64765625 0.075 0.121875
0 0.53046875 0.64296875 0.075 0.115625
0 0.4484375 0.8546875 0.06875 0.0953125
0 0.54921875 0.3171875 0.1 0.1109375
0 0.60625 0.64140625 0.075 0.11875
0 0.37890625 0.75234375 0.0671875 0.10625
0 0.35234375 0.4140625 0.096875 0.10625
0 0.57890625 0.8625 0.0703125 0.0953125
0 0.45078125 0.7546875 0.0734375 0.103125
0 0.590625 0.7609375 0.075 0.10625
0 0.359375 0.18203125 0.10625 0.121875
0 0.45859375 0.1953125 0.1 0.121875
0 0.45234375 0.30859375 0.1 0.115625
0 0.253125 0.17578125 0.10625 0.1234375
0 0.1734375 0.496875 0.0875 0.103125
0 0.51796875 0.8578125 0.06875 0.09375
0 0.16015625 0.3953125 0.09375 0.109375
0 0.7203125 0.53515625 0.1 0.0984375
0 0.37890625 0.6359375 0.071875 0.1125
0 0.1546875 0.28125 0.1 0.11875
0 0.56015625 0.20625 0.1 0.1171875
0 0.3515625 0.52109375 0.0921875 0.1046875
0 0.25390625 0.29375 0.103125 0.11875
0 0.17578125 0.71796875 0.0671875 0.1015625
0 0.24453125 0.73125 0.0625 0.103125
0 0.25 0.83125 0.0625 0.0921875
0 0.35625 0.3015625 0.1015625 0.115625
0 0.14921875 0.165625 0.1046875 0.128125
0 0.74140625 0.225 0.096875 0.10625
0 0.65 0.21640625 0.096875 0.1125
0 0.18671875 0.8171875 0.0625 0.0984375
0 0.3109375 0.63671875 0.071875 0.1125
0 0.2390625 0.61640625 0.0640625 0.1125
0 0.73515625 0.76640625 0.0765625 0.1046875
0 0.31640625 0.83984375 0.0625 0.090625
0 0.16875 0.615625 0.075 0.1125
0 0.2609375 0.515625 0.0921875 0.1
0 0.75 0.646875 0.0875 0.125
0 0.71796875 0.871875 0.0765625 0.1
0 0.25859375 0.4046875 0.096875 0.1078125
0 0.31328125 0.7375 0.06875 0.1