0 0.628125 0.775 0.090625 0.146875
0 0.6375 0.634375 0.084375 0.128125
0 0.6484375 0.50625 0.0859375 0.1234375
0 0.659375 0.384375 0.096875 0.121875
0 0.67734375 0.26796875 0.0875 0.115625
0 0.671875 0.1921875 0.1015625 0.040625
0 0.7703125 0.171875 0.096875 0.040625
0 0.77265625 0.2046875 0.096875 0.040625
0 0.76953125 0.2390625 0.09375 0.040625
0 0.759375 0.2734375 0.10625 0.04375
0 0.7578125 0.31015625 0.10625 0.04375
0 0.75 0.34453125 0.10625 0.0390625
0 0.7484375 0.3828125 0.103125 0.04375
0 0.74296875 0.4203125 0.10625 0.040625
0 0.74140625 0.459375 0.103125 0.0375
0 0.740625 0.49765625 0.10625 0.0390625
0 0.73984375 0.5359375 0.10625 0.040625
0 0.7390625 0.575 0.103125 0.040625
0 0.7359375 0.6171875 0.109375 0.0375
0 0.7328125 0.6578125 0.10625 0.0375
0 0.73125 0.7 0.103125 0.0390625
0 0.728125 0.74375 0.109375 0.040625
0 0.728125 0.7875 0.1015625 0.0421875
0 0.721875 0.834375 0.10625 0.0484375
0 0.846875 0.84609375 0.115625 0.0453125
0 0.84296875 0.79375 0.115625 0.040625
0 0.84609375 0.75 0.1109375 0.04375
0 0.8484375 0.70625 0.115625 0.0453125
0 0.85 0.6625 0.115625 0.0390625
0 0.84921875 0.61875 0.1125 0.0421875
0 0.84921875 0.5765625 0.1234375 0.040625
0 0.85 0.534375 0.1140625 0.040625
0 0.853125 0.4953125 0.1109375 0.0375
0 0.84921875 0.4546875 0.1125 0.040625
0 0.853125 0.415625 0.115625 0.04375
0 0.85625 0.37734375 0.115625 0.0421875
0 0.86328125 0.3390625 0.1125 0.040625
0 0.86328125 0.30390625 0.109375 0.040625
0 0.8671875 0.265625 0.10625 0.0390625
0 0.8734375 0.23203125 0.109375 0.040625
0 0.87578125 0.1984375 0.0984375 0.040625
0 0.8765625 0.1625 0.096875 0.040625
0 0.96484375 0.15390625 0.0703125 0.0421875
0 0.96484375 0.18828125 0.0703125 0.0390625
0 0.965625 0.2234375 0.065625 0.0375
0 0.96640625 0.2609375 0.065625 0.04375
0 0.965625 0.2984375 0.06875 0.040625
0 0.959375 0.33515625 0.08125 0.046875
0 0.9578125 0.3734375 0.084375 0.04375
0 0.9578125 0.41328125 0.084375 0.0421875
0 0.9578125 0.453125 0.084375 0.04375
0 0.95703125 0.49609375 0.0859375 0.0390625
0 0.9578125 0.53515625 0.084375 0.0390625
0 0.95703125 0.5765625 0.0859375 0.040625
0 0.9578125 0.61875 0.084375 0.040625
0 0.959375 0.66484375 0.08125 0.0421875
0 0.95625 0.709375 0.0875 0.04375
0 0.9546875 0.7546875 0.090625 0.04375
0 0.953125 0.80078125 0.09375 0.04375
0 0.95390625 0.846875 0.090625 0.053125