0 0.184375 0.725 0.159375 0.1390625
0 0.659375 0.71171875 0.16875 0.14375
0 0.4953125 0.715625 0.1671875 0.1421875
0 0.340625 0.4515625 0.153125 0.13125
0 0.33671875 0.72109375 0.15625 0.14375
0 0.49375 0.578125 0.1625 0.134375
0 0.65234375 0.57109375 0.1671875 0.134375
0 0.18984375 0.584375 0.153125 0.1328125
0 0.6359375 0.44296875 0.153125 0.128125
0 0.4953125 0.8640625 0.171875 0.153125
0 0.3375 0.58203125 0.153125 0.1328125
0 0.3375 0.865625 0.1609375 0.15
0 0.18515625 0.46015625 0.153125 0.13125
0 0.4890625 0.44921875 0.15625 0.128125
0 0.24296875 0.34296875 0.13125 0.1171875
0 0.49296875 0.19375 0.1296875 0.140625
0 0.61796875 0.31640625 0.134375 0.13125
0 0.3640625 0.32890625 0.121875 0.128125
0 0.4890625 0.321875 0.134375 0.134375
0 0.66640625 0.86015625 0.171875 0.146875
0 0.61875 0.18125 0.134375 0.146875
0 0.36328125 0.20234375 0.121875 0.140625
0 0.240625 0.21171875 0.1328125 0.1421875
0 0.77578125 0.5578125 0.0921875 0.11875
0 0.17734375 0.86171875 0.1609375 0.1453125
0 0.78125 0.68125 0.1 0.121875
0 0.73984375 0.29609375 0.103125 0.134375
0 0.73359375 0.159375 0.0921875 0.15
0 0.7671875 0.43828125 0.1 0.13125
0 0.790625 0.803125 0.103125 0.1234375