0 0.11796875 0.33125 0.1453125 0.23203125
0 0.2578125 0.3515625 0.159375 0.246875
0 0.40703125 0.365625 0.15625 0.24140625
0 0.54921875 0.378125 0.125 0.24609375
0 0.6890625 0.38828125 0.12578125 0.2515625
0 0.8421875 0.40546875 0.13828125 0.25859375
0 0.140625 0.53515625 0.1390625 0.20390625
0 0.271875 0.5578125 0.1421875 0.2125
0 0.4109375 0.578125 0.14453125 0.2140625
0 0.5453125 0.60078125 0.11953125 0.2234375
0 0.6734375 0.61875 0.11953125 0.23203125
0 0.82265625 0.6390625 0.13125 0.23359375
0 0.1421875 0.734375 0.13125 0.20390625
0 0.26875 0.76640625 0.13515625 0.225
0 0.4046875 0.79375 0.14140625 0.22109375
0 0.53125 0.8140625 0.1125 0.225
0 0.65625 0.84453125 0.12109375 0.23046875
0 0.79765625 0.875 0.1421875 0.228125