0 0.3109375 0.43828125 0.1546875 0.2625
0 0.11484375 0.75546875 0.17578125 0.31875
0 0.459375 0.43515625 0.15546875 0.27265625
0 0.7640625 0.425 0.1734375 0.2765625
0 0.63203125 0.7140625 0.17265625 0.32734375
0 0.6171875 0.42578125 0.16171875 0.278125
0 0.28828125 0.71796875 0.16015625 0.32109375
0 0.79375 0.71796875 0.18046875 0.3328125
0 0.4609375 0.7203125 0.1640625 0.3203125
0 0.16171875 0.45390625 0.153125 0.27421875
0 0.28046875 0.9109375 0.265625 0.0453125
0 0.5453125 0.9078125 0.2703125 0.04453125
0 0.82734375 0.90703125 0.290625 0.0453125
0 0.2796875 0.94609375 0.26953125 0.04296875
0 0.5484375 0.9484375 0.2734375 0.0453125
0 0.83125 0.94765625 0.2984375 0.04921875