0 0.26796875 0.78984375 0.103125 0.1765625
0 0.27890625 0.63828125 0.165625 0.13125
0 0.26875 0.50625 0.1828125 0.1390625
0 0.25703125 0.35390625 0.1921875 0.15625
0 0.24765625 0.1828125 0.2125 0.175
0 0.4375 0.18984375 0.1875 0.1828125
0 0.440625 0.35859375 0.1765625 0.1609375
0 0.44296875 0.50390625 0.159375 0.1453125
0 0.43828125 0.6359375 0.15625 0.13125
0 0.37265625 0.78828125 0.0984375 0.175
0 0.465625 0.78984375 0.096875 0.171875
0 0.55859375 0.790625 0.103125 0.16875
0 0.5890625 0.64296875 0.153125 0.1296875
0 0.60078125 0.51953125 0.1609375 0.1390625
0 0.6078125 0.371875 0.175 0.146875
0 0.61640625 0.20078125 0.18125 0.1765625
0 0.65 0.79296875 0.10625 0.171875
0 0.73828125 0.79296875 0.109375 0.16875
0 0.734375 0.6484375 0.159375 0.121875
0 0.7484375 0.5203125 0.1640625 0.134375
0 0.7671875 0.37890625 0.171875 0.140625
0 0.7875 0.2125 0.1828125 0.171875