0 0.12109375 0.56015625 0.1640625 0.13515625
0 0.31796875 0.4265625 0.184375 0.121875
0 0.13046875 0.428125 0.2015625 0.1265625
0 0.2890625 0.81796875 0.14921875 0.14375
0 0.44375 0.80703125 0.1421875 0.13671875
0 0.3125 0.67734375 0.20078125 0.14296875
0 0.43046875 0.540625 0.13984375 0.121875
0 0.28671875 0.54765625 0.15234375 0.1265625
0 0.4890625 0.6640625 0.14609375 0.1359375
0 0.1296875 0.6875 0.1578125 0.14453125
0 0.19296875 0.2890625 0.10390625 0.14375
0 0.4859375 0.42421875 0.13203125 0.11875
0 0.2953125 0.290625 0.1 0.140625
0 0.13203125 0.8328125 0.16484375 0.13984375
0 0.39140625 0.290625 0.09765625 0.1359375
0 0.08515625 0.28515625 0.109375 0.14921875
0 0.47421875 0.2890625 0.0984375 0.1375
0 0.5265625 0.54140625 0.059375 0.1203125