0 0.6921875 0.38515625 0.109375 0.1859375
0 0.6 0.38359375 0.10625 0.1859375
0 0.50390625 0.3875 0.103125 0.1859375
0 0.5640625 0.7609375 0.0875 0.10625
0 0.38828125 0.76953125 0.096875 0.103125
0 0.7421875 0.75078125 0.10625 0.103125
0 0.6515625 0.75859375 0.084375 0.103125
0 0.5703125 0.6515625 0.090625 0.1125
0 0.47734375 0.64765625 0.09375 0.109375
0 0.775 0.53828125 0.090625 0.109375
0 0.51171875 0.1796875 0.1203125 0.228125
0 0.59375 0.53203125 0.09375 0.1171875
0 0.40390625 0.26484375 0.115625 0.14375
0 0.6578125 0.64921875 0.09375 0.1125
0 0.5078125 0.540625 0.096875 0.115625
0 0.38671875 0.66015625 0.1 0.1140625
0 0.63046875 0.8515625 0.0984375 0.096875
0 0.78359375 0.39140625 0.10625 0.178125
0 0.40234375 0.4109375 0.115625 0.1453125
0 0.684375 0.53671875 0.090625 0.1140625
0 0.403125 0.10859375 0.1203125 0.165625
0 0.75390625 0.64765625 0.10625 0.115625
0 0.40703125 0.5390625 0.103125 0.11875
0 0.5421875 0.8609375 0.0875 0.096875
0 0.61953125 0.1796875 0.1328125 0.23125
0 0.47734375 0.76484375 0.090625 0.1
0 0.721875 0.84765625 0.096875 0.09375
0 0.36171875 0.86953125 0.090625 0.0953125
0 0.4546875 0.88046875 0.084375 0.046875
0 0.7140625 0.19453125 0.11875 0.20625
0 0.8046875 0.1984375 0.115625 0.2109375