0 0.571875 0.70703125 0.121875 0.1515625
0 0.68359375 0.5703125 0.125 0.1375
0 0.3625 0.40078125 0.0984375 0.075
0 0.6765625 0.4421875 0.115625 0.128125
0 0.6671875 0.215625 0.103125 0.1109375
0 0.56875 0.56484375 0.115625 0.134375
0 0.69296875 0.71796875 0.125 0.15
0 0.675 0.32578125 0.1125 0.1125
0 0.61328125 0.884375 0.1296875 0.175
0 0.56796875 0.3265625 0.10625 0.1109375
0 0.453125 0.73359375 0.11875 0.1
0 0.66484375 0.1234375 0.1 0.06875
0 0.46484375 0.28515625 0.1015625 0.11875
0 0.34921875 0.6453125 0.1125 0.090625
0 0.4546875 0.54921875 0.1125 0.084375
0 0.3578125 0.47265625 0.103125 0.0796875
0 0.240625 0.63828125 0.109375 0.0890625
0 0.56875 0.44140625 0.109375 0.128125
0 0.3671875 0.3265625 0.096875 0.071875
0 0.37421875 0.25703125 0.096875 0.071875
0 0.46328125 0.3828125 0.103125 0.078125
0 0.22890625 0.73359375 0.1125 0.09375
0 0.14453125 0.6296875 0.1046875 0.0984375
0 0.1671875 0.44921875 0.1015625 0.0828125
0 0.796875 0.69140625 0.090625 0.215625
0 0.45546875 0.63515625 0.1140625 0.09375
0 0.75390625 0.89140625 0.14375 0.171875
0 0.565625 0.1328125 0.096875 0.071875
0 0.565625 0.2203125 0.1 0.1046875
0 0.12890625 0.7234375 0.1140625 0.0984375
0 0.26484375 0.40703125 0.0953125 0.071875
0 0.46171875 0.46328125 0.10625 0.08125
0 0.74765625 0.11796875 0.065625 0.109375
0 0.33984375 0.7375 0.1171875 0.096875
0 0.75546875 0.23359375 0.0734375 0.115625
0 0.18671875 0.29375 0.090625 0.0765625
0 0.46796875 0.17109375 0.0953125 0.1109375
0 0.15703125 0.53671875 0.1015625 0.0875
0 0.275 0.33203125 0.096875 0.071875
0 0.27734375 0.26015625 0.090625 0.0671875
0 0.25 0.55859375 0.10625 0.08125
0 0.259375 0.4765625 0.0984375 0.078125
0 0.7640625 0.3640625 0.0734375 0.1359375
0 0.353125 0.5578125 0.109375 0.084375
0 0.19609375 0.21796875 0.0875 0.071875
0 0.77890625 0.49765625 0.08125 0.146875
0 0.28359375 0.1984375 0.090625 0.0609375
0 0.17734375 0.3671875 0.0921875 0.0796875
0 0.38125 0.12734375 0.090625 0.0609375
0 0.29453125 0.13359375 0.090625 0.0609375
0 0.0953125 0.85859375 0.090625 0.1625
0 0.4375 0.8765625 0.075 0.1796875
0 0.365625 0.875 0.075 0.178125
0 0.47265625 0.878125 0.159375 0.18125
0 0.3015625 0.871875 0.0875 0.18125
0 0.23515625 0.865625 0.090625 0.171875
0 0.16640625 0.86640625 0.09375 0.178125
0 0.2078125 0.14375 0.1 0.0765625