0 0.725 0.815625 0.1390625 0.159375
0 0.71171875 0.340625 0.14375 0.16875
0 0.715625 0.5046875 0.1421875 0.1671875
0 0.4515625 0.659375 0.13046875 0.15390625
0 0.72109375 0.66328125 0.14375 0.15703125
0 0.578125 0.50625 0.13515625 0.16171875
0 0.57109375 0.34765625 0.134375 0.1671875
0 0.584375 0.81015625 0.1328125 0.15390625
0 0.44296875 0.3640625 0.12890625 0.153125
0 0.8640625 0.5046875 0.15234375 0.17109375
0 0.58203125 0.6625 0.1328125 0.15390625
0 0.865625 0.6625 0.14921875 0.1609375
0 0.46015625 0.81484375 0.13046875 0.153125
0 0.44921875 0.5109375 0.12890625 0.15546875
0 0.34296875 0.75703125 0.1171875 0.13203125
0 0.19375 0.50703125 0.13984375 0.1296875
0 0.31640625 0.38203125 0.13046875 0.13515625
0 0.32890625 0.6359375 0.12734375 0.121875
0 0.321875 0.5109375 0.13359375 0.13515625
0 0.86015625 0.33359375 0.14765625 0.17265625
0 0.18125 0.38125 0.14609375 0.13515625
0 0.20234375 0.63671875 0.14140625 0.121875
0 0.21171875 0.759375 0.1421875 0.1328125
0 0.5578125 0.22421875 0.11953125 0.0921875
0 0.86171875 0.82265625 0.1453125 0.1609375
0 0.68125 0.21875 0.12265625 0.1
0 0.29609375 0.26015625 0.13359375 0.10234375
0 0.159375 0.26640625 0.14921875 0.0921875
0 0.43828125 0.2328125 0.13046875 0.1
0 0.803125 0.209375 0.1234375 0.103125