0 0.4828125 0.58671875 0.115625 0.103125
0 0.33203125 0.346875 0.08515625 0.13046875
0 0.3734375 0.58203125 0.1109375 0.09765625
0 0.26953125 0.575 0.10390625 0.10234375
0 0.18125 0.6640625 0.096875 0.09609375
0 0.51796875 0.228125 0.16171875 0.0921875
0 0.8375 0.43984375 0.11484375 0.1484375
0 0.72890625 0.59375 0.13125 0.1109375
0 0.4203125 0.34140625 0.08984375 0.13515625
0 0.60078125 0.69140625 0.12109375 0.109375
0 0.7203125 0.33359375 0.10703125 0.14765625
0 0.6125 0.3359375 0.103125 0.1453125
0 0.86328125 0.57734375 0.14296875 0.11796875
0 0.715625 0.47578125 0.1078125 0.1359375
0 0.5109375 0.33984375 0.09609375 0.140625
0 0.4859375 0.684375 0.1125 0.103125
0 0.596875 0.590625 0.12265625 0.10859375
0 0.425 0.4765625 0.08828125 0.128125
0 0.253125 0.4828125 0.07890625 0.11015625
0 0.61015625 0.475 0.1015625 0.134375
0 0.284375 0.675 0.103125 0.090625
0 0.3875 0.6796875 0.10390625 0.09609375
0 0.5171875 0.4765625 0.0921875 0.13046875
0 0.3625 0.240625 0.15078125 0.08125
0 0.7296875 0.7 0.12890625 0.115625
0 0.1609375 0.353125 0.08125 0.1234375
0 0.1796875 0.56953125 0.08203125 0.10625
0 0.5078125 0.77421875 0.0734375 0.07578125
0 0.24453125 0.3578125 0.08125 0.13046875
0 0.66328125 0.78828125 0.08125 0.08203125
0 0.103125 0.56796875 0.07734375 0.10234375
0 0.58203125 0.78125 0.08046875 0.0796875
0 0.17578125 0.46796875 0.08046875 0.103125
0 0.43359375 0.7671875 0.06953125 0.07734375
0 0.30078125 0.753125 0.0625 0.0703125
0 0.09921875 0.46640625 0.078125 0.1046875
0 0.33671875 0.4734375 0.08359375 0.1234375
0 0.0859375 0.35546875 0.07734375 0.121875
0 0.7515625 0.79921875 0.08671875 0.08515625
0 0.85859375 0.68515625 0.1265625 0.13046875
0 0.16484375 0.74765625 0.0609375 0.0640625
0 0.29453125 0.82265625 0.06328125 0.0734375
0 0.10546875 0.66015625 0.06484375 0.09140625
0 0.3625 0.7609375 0.06640625 0.0765625
0 0.5015625 0.84921875 0.075 0.08046875
0 0.43046875 0.840625 0.07109375 0.078125
0 0.578125 0.86171875 0.07890625 0.08046875
0 0.696875 0.21484375 0.17734375 0.1
0 0.23125 0.7484375 0.06484375 0.065625
0 0.66015625 0.8703125 0.08046875 0.08359375
0 0.16484375 0.80859375 0.0609375 0.071875
0 0.84921875 0.278125 0.12109375 0.1703125
0 0.10703125 0.8015625 0.0609375 0.06953125
0 0.359375 0.834375 0.0671875 0.08125
0 0.74140625 0.88125 0.08828125 0.0890625
0 0.2328125 0.81328125 0.06640625 0.06953125
0 0.10625 0.74140625 0.06328125 0.06796875
0 0.853125 0.8828125 0.1234375 0.115625
0 0.85390625 0.78203125 0.1234375 0.06640625
0 0.09453125 0.259375 0.13359375 0.0796875
0 0.22421875 0.2484375 0.13515625 0.0859375