0 0.434375 0.38828125 0.153125 0.06328125
0 0.609375 0.4078125 0.1953125 0.05078125
0 0.81015625 0.41328125 0.1984375 0.04921875
0 0.8140625 0.4609375 0.2046875 0.04921875
0 0.81640625 0.5078125 0.209375 0.05
0 0.6046875 0.45546875 0.1921875 0.0515625
0 0.6109375 0.50625 0.203125 0.05546875
0 0.46015625 0.46953125 0.0890625 0.11328125
0 0.35546875 0.4703125 0.08671875 0.11328125
0 0.25859375 0.46796875 0.08828125 0.1140625
0 0.16015625 0.46796875 0.0890625 0.115625
0 0.17265625 0.5640625 0.1140625 0.078125
0 0.30078125 0.5640625 0.12578125 0.08125
0 0.46015625 0.565625 0.1859375 0.0796875
0 0.615625 0.565625 0.13125 0.08203125
0 0.74296875 0.56953125 0.1265625 0.08359375
0 0.865625 0.56953125 0.13359375 0.078125
0 0.871875 0.646875 0.13515625 0.078125
0 0.74375 0.6453125 0.1328125 0.08046875
0 0.615625 0.64375 0.1390625 0.08359375
0 0.4890625 0.6421875 0.1375 0.0828125
0 0.359375 0.64140625 0.12890625 0.08046875
0 0.19453125 0.64296875 0.1984375 0.078125
0 0.15234375 0.72421875 0.1234375 0.0828125
0 0.28984375 0.725 0.1265625 0.084375
0 0.42109375 0.725 0.13125 0.084375
0 0.5484375 0.7265625 0.13515625 0.084375
0 0.678125 0.725 0.1359375 0.09140625
0 0.84453125 0.725 0.203125 0.0890625