0 0.71640625 0.46796875 0.16796875 0.1296875
0 0.9046875 0.32265625 0.18515625 0.14375
0 0.709375 0.71796875 0.1625 0.12890625
0 0.26171875 0.8671875 0.16640625 0.1125
0 0.90234375 0.46640625 0.1875 0.14140625
0 0.721875 0.334375 0.1671875 0.13203125
0 0.565625 0.46328125 0.15078125 0.1265625
0 0.8921875 0.60546875 0.18671875 0.14296875
0 0.421875 0.46015625 0.1390625 0.11875
0 0.41796875 0.5765625 0.1390625 0.12109375
0 0.71328125 0.590625 0.16796875 0.13359375
0 0.41640625 0.68828125 0.13515625 0.11875
0 0.56015625 0.58203125 0.1484375 0.1265625
0 0.16875 0.45 0.1125 0.1109375
0 0.71171875 0.21796875 0.17109375 0.11015625
0 0.2828125 0.57109375 0.128125 0.11640625
0 0.28828125 0.34375 0.12890625 0.11484375
0 0.28671875 0.4578125 0.1234375 0.115625
0 0.1640625 0.6609375 0.11640625 0.1125
0 0.8421875 0.93203125 0.2265625 0.1234375
0 0.62890625 0.91796875 0.19921875 0.128125
0 0.1640625 0.55703125 0.11484375 0.11328125
0 0.56640625 0.34296875 0.1453125 0.12265625
0 0.05234375 0.2734375 0.08046875 0.10234375
0 0.43984375 0.79375 0.1875 0.11953125
0 0.55859375 0.69765625 0.15 0.12578125
0 0.14921875 0.28125 0.1171875 0.0828125
0 0.63125 0.8234375 0.20390625 0.11953125
0 0.25859375 0.76484375 0.171875 0.11484375
0 0.28671875 0.678125 0.12890625 0.11484375
0 0.55390625 0.23203125 0.15234375 0.1015625
0 0.89921875 0.20234375 0.190625 0.1234375
0 0.06484375 0.65390625 0.0890625 0.09609375
0 0.05078125 0.46484375 0.08203125 0.096875
0 0.40859375 0.234375 0.14140625 0.0984375
0 0.16640625 0.35625 0.1234375 0.08515625
0 0.109375 0.84375 0.14765625 0.11484375
0 0.10546875 0.753125 0.109375 0.10390625
0 0.4203125 0.3421875 0.13671875 0.121875
0 0.43671875 0.890625 0.17578125 0.1171875
0 0.0625 0.56171875 0.090625 0.09609375
0 0.05546875 0.36484375 0.078125 0.096875
0 0.26953125 0.23984375 0.13359375 0.08984375
0 0.88671875 0.73203125 0.18671875 0.13984375
0 0.84765625 0.84765625 0.23828125 0.1359375