0 0.3359375 0.1578125 0.128125 0.146875
0 0.46171875 0.1859375 0.1203125 0.1140625
0 0.57578125 0.19453125 0.103125 0.10625
0 0.68125 0.20078125 0.103125 0.1375
0 0.7875 0.19140625 0.109375 0.121875
0 0.79453125 0.31015625 0.1109375 0.121875
0 0.6859375 0.32890625 0.109375 0.128125
0 0.578125 0.31875 0.109375 0.153125
0 0.471875 0.315625 0.109375 0.153125
0 0.359375 0.30859375 0.109375 0.1609375
0 0.24765625 0.284375 0.1078125 0.184375
0 0.2390625 0.45859375 0.10625 0.190625
0 0.3453125 0.46640625 0.1046875 0.18125
0 0.4453125 0.47109375 0.1 0.171875
0 0.5421875 0.47421875 0.1 0.1765625
0 0.640625 0.478125 0.103125 0.171875
0 0.73984375 0.478125 0.1015625 0.178125
0 0.8328125 0.46953125 0.075 0.19375
0 0.8296875 0.65859375 0.075 0.178125
0 0.8359375 0.83828125 0.0765625 0.190625
0 0.74375 0.653125 0.10625 0.1875
0 0.64375 0.65 0.103125 0.184375
0 0.5421875 0.64921875 0.103125 0.1765625
0 0.43984375 0.64296875 0.0953125 0.184375
0 0.33671875 0.64140625 0.096875 0.178125
0 0.2328125 0.6421875 0.10625 0.184375
0 0.22265625 0.82890625 0.1046875 0.196875
0 0.3296875 0.8296875 0.1 0.1875
0 0.4359375 0.83046875 0.103125 0.1890625
0 0.5421875 0.834375 0.103125 0.190625
0 0.646875 0.83515625 0.109375 0.1984375
0 0.7484375 0.834375 0.103125 0.190625