0 0.4109375 0.38828125 0.09375 0.128125
0 0.76328125 0.48515625 0.1015625 0.159375
0 0.66484375 0.63046875 0.090625 0.134375
0 0.6859375 0.33984375 0.1 0.1453125
0 0.40625 0.521875 0.09375 0.1453125
0 0.66796875 0.49140625 0.096875 0.1546875
0 0.8875 0.32109375 0.11875 0.153125
0 0.58515625 0.21484375 0.103125 0.1625
0 0.68828125 0.203125 0.103125 0.1625
0 0.78671875 0.33671875 0.103125 0.14375
0 0.5890625 0.35390625 0.1 0.1390625
0 0.865625 0.46796875 0.115625 0.165625
0 0.49375 0.509375 0.09375 0.1484375
0 0.4859375 0.23046875 0.1 0.15625
0 0.303125 0.39609375 0.13125 0.125
0 0.57421875 0.5015625 0.0953125 0.153125
0 0.7890625 0.18984375 0.109375 0.16875
0 0.3875 0.2484375 0.103125 0.153125
0 0.33984375 0.653125 0.0875 0.1203125
0 0.503125 0.3671875 0.096875 0.1375
0 0.759375 0.62890625 0.096875 0.134375
0 0.5015625 0.64609375 0.084375 0.121875
0 0.4203125 0.653125 0.084375 0.121875
0 0.31875 0.5265625 0.1 0.140625
0 0.58046875 0.63671875 0.084375 0.128125
0 0.89921875 0.171875 0.1265625 0.165625
0 0.85078125 0.621875 0.1109375 0.140625
0 0.27734375 0.26640625 0.140625 0.14375
0 0.815625 0.81328125 0.1234375 0.071875
0 0.82265625 0.7328125 0.1234375 0.0875
0 0.60546875 0.7359375 0.096875 0.078125
0 0.70625 0.81484375 0.103125 0.0734375
0 0.33515625 0.75859375 0.06875 0.090625
0 0.709375 0.7359375 0.10625 0.084375
0 0.421875 0.8203125 0.0984375 0.071875
0 0.51015625 0.7421875 0.1 0.0796875
0 0.60859375 0.815625 0.103125 0.0765625
0 0.4140625 0.75078125 0.1 0.075
0 0.5171875 0.81796875 0.0921875 0.071875