0 0.26484375 0.7359375 0.06875 0.0734375
0 0.25078125 0.65859375 0.059375 0.0796875
0 0.24453125 0.5765625 0.059375 0.084375
0 0.23125 0.49140625 0.065625 0.0921875
0 0.20859375 0.3953125 0.053125 0.0984375
0 0.196875 0.2953125 0.075 0.10625
0 0.275 0.2203125 0.175 0.05
0 0.4546875 0.2125 0.184375 0.05
0 0.64375 0.20625 0.1984375 0.05625
0 0.840625 0.2015625 0.20625 0.053125
0 0.25546875 0.2921875 0.078125 0.109375
0 0.315625 0.2921875 0.071875 0.109375
0 0.375 0.290625 0.06875 0.1109375
0 0.4390625 0.2875 0.0640625 0.1125
0 0.5015625 0.28828125 0.0640625 0.115625
0 0.56484375 0.28828125 0.071875 0.1125
0 0.63203125 0.284375 0.065625 0.11875
0 0.69765625 0.284375 0.0734375 0.11875
0 0.7671875 0.2828125 0.0734375 0.1140625
0 0.834375 0.2828125 0.0734375 0.1171875
0 0.90390625 0.28125 0.06875 0.115625
0 0.96953125 0.2375 0.0609375 0.109375
0 0.96484375 0.3515625 0.0703125 0.10625
0 0.96171875 0.45703125 0.0765625 0.0953125
0 0.95625 0.55078125 0.0875 0.0890625
0 0.95078125 0.646875 0.0984375 0.1015625
0 0.94609375 0.75078125 0.1078125 0.0953125
0 0.31484375 0.7390625 0.053125 0.075
0 0.30625 0.66015625 0.059375 0.08125
0 0.30078125 0.5796875 0.059375 0.084375
0 0.28828125 0.4921875 0.059375 0.09375
0 0.2765625 0.3953125 0.0609375 0.1
0 0.32734375 0.396875 0.06875 0.1015625
0 0.3890625 0.3953125 0.0640625 0.1
0 0.45 0.3953125 0.0640625 0.103125
0 0.509375 0.39453125 0.065625 0.103125
0 0.571875 0.39609375 0.0640625 0.1046875
0 0.6328125 0.39375 0.06875 0.1078125
0 0.7 0.3953125 0.065625 0.1046875
0 0.7609375 0.39375 0.065625 0.10625
0 0.8296875 0.39296875 0.0734375 0.10625
0 0.90078125 0.3921875 0.078125 0.10625
0 0.88828125 0.4953125 0.0734375 0.1
0 0.8234375 0.49375 0.0640625 0.096875
0 0.7609375 0.49453125 0.065625 0.096875
0 0.7 0.49296875 0.0609375 0.0953125
0 0.6375 0.49375 0.0609375 0.096875
0 0.578125 0.4921875 0.059375 0.09375
0 0.515625 0.4921875 0.059375 0.09375
0 0.45546875 0.49140625 0.0609375 0.09375
0 0.4 0.490625 0.0609375 0.090625
0 0.3515625 0.5796875 0.071875 0.0875
0 0.34375 0.490625 0.059375 0.09375
0 0.40703125 0.5796875 0.0640625 0.0890625
0 0.46328125 0.5796875 0.05625 0.0875
0 0.51875 0.5828125 0.0625 0.090625
0 0.575 0.5828125 0.059375 0.0921875
0 0.634375 0.5859375 0.071875 0.090625
0 0.6984375 0.5890625 0.065625 0.096875
0 0.759375 0.5890625 0.071875 0.096875
0 0.81953125 0.590625 0.065625 0.09375
0 0.87890625 0.59375 0.06875 0.090625
0 0.865625 0.6796875 0.06875 0.0875
0 0.80703125 0.67890625 0.06875 0.0859375
0 0.74921875 0.6765625 0.071875 0.0875
0 0.6890625 0.6765625 0.0640625 0.0875
0 0.63046875 0.6734375 0.0609375 0.0875
0 0.57578125 0.67109375 0.0515625 0.090625
0 0.5234375 0.6671875 0.059375 0.0875
0 0.46875 0.6640625 0.053125 0.084375
0 0.41484375 0.6640625 0.053125 0.08125
0 0.36015625 0.6625 0.0515625 0.084375
0 0.365625 0.7390625 0.0515625 0.078125
0 0.41796875 0.7421875 0.05625 0.08125
0 0.4703125 0.7453125 0.05625 0.078125
0 0.525 0.74765625 0.05625 0.078125
0 0.57734375 0.75 0.05625 0.075
0 0.6359375 0.7546875 0.05625 0.078125
0 0.69453125 0.759375 0.065625 0.084375
0 0.74765625 0.7609375 0.059375 0.0890625
0 0.80625 0.76328125 0.06875 0.084375
0 0.86484375 0.76484375 0.065625 0.0859375