0 0.153125 0.50546875 0.15 0.184375
0 0.41953125 0.8109375 0.140625 0.10625
0 0.1703125 0.1609375 0.1390625 0.1734375
0 0.55625 0.8140625 0.1375 0.10625
0 0.14453125 0.6984375 0.1453125 0.190625
0 0.55078125 0.70859375 0.134375 0.1
0 0.46171875 0.46953125 0.075 0.175
0 0.41796875 0.70546875 0.1375 0.1
0 0.60234375 0.46796875 0.075 0.171875
0 0.5359375 0.296875 0.0734375 0.16875
0 0.53515625 0.4671875 0.0734375 0.171875
0 0.30078125 0.31640625 0.140625 0.184375
0 0.6953125 0.82421875 0.1453125 0.1078125
0 0.6875 0.715625 0.14375 0.103125
0 0.55234375 0.60390625 0.1328125 0.1
0 0.41953125 0.60859375 0.134375 0.096875
0 0.68515625 0.6140625 0.1421875 0.096875
0 0.29296875 0.50390625 0.140625 0.1921875
0 0.603125 0.30234375 0.071875 0.16875
0 0.7109375 0.26015625 0.1359375 0.0875
0 0.3984375 0.4578125 0.0734375 0.175
0 0.465625 0.29453125 0.071875 0.16875
0 0.71171875 0.3546875 0.1375 0.090625
0 0.46640625 0.13125 0.0703125 0.1578125
0 0.421875 0.92265625 0.140625 0.115625
0 0.16484375 0.32578125 0.1375 0.175
0 0.56015625 0.92578125 0.1421875 0.115625
0 0.69609375 0.93125 0.15 0.1125
0 0.403125 0.29140625 0.071875 0.165625
0 0.5390625 0.1328125 0.071875 0.1578125
0 0.30703125 0.14765625 0.134375 0.1765625
0 0.24453125 0.68671875 0.078125 0.18125
0 0.40625 0.12421875 0.06875 0.15625
0 0.7046875 0.178125 0.13125 0.084375
0 0.3140625 0.8796875 0.08125 0.196875
0 0.3171875 0.69140625 0.078125 0.1859375
0 0.1328125 0.86796875 0.146875 0.1515625
0 0.240625 0.878125 0.08125 0.196875
0 0.16796875 0.86796875 0.071875 0.14375
0 0.6640625 0.12265625 0.196875 0.159375
0 0.6125 0.13125 0.075 0.15625
0 0.74921875 0.47890625 0.0953125 0.1625