0 0.615625 0.484375 0.12265625 0.1046875
0 0.7515625 0.4890625 0.128125 0.0984375
0 0.6234375 0.38046875 0.1265625 0.1109375
0 0.36484375 0.48125 0.12734375 0.10546875
0 0.86328125 0.5796875 0.13125 0.09375
0 0.765625 0.38046875 0.12421875 0.1078125
0 0.7234375 0.66953125 0.12109375 0.0890625
0 0.246875 0.665625 0.1265625 0.09140625
0 0.834375 0.7578125 0.12421875 0.07734375
0 0.4953125 0.3796875 0.12734375 0.1109375
0 0.49609375 0.5765625 0.12109375 0.0953125
0 0.4875 0.66875 0.11953125 0.0890625
0 0.62109375 0.57734375 0.121875 0.0953125
0 0.8765625 0.490625 0.13125 0.09921875
0 0.3703125 0.37890625 0.13125 0.1125
0 0.853125 0.671875 0.1328125 0.0890625
0 0.71796875 0.75703125 0.1171875 0.0859375
0 0.23984375 0.57265625 0.1296875 0.0984375
0 0.2328125 0.36875 0.13359375 0.11015625
0 0.36640625 0.66796875 0.121875 0.09375
0 0.59921875 0.759375 0.11484375 0.084375
0 0.6046875 0.6703125 0.11796875 0.0890625
0 0.36484375 0.575 0.125 0.09609375
0 0.740625 0.57890625 0.1234375 0.09140625
0 0.24765625 0.75546875 0.125 0.0875
0 0.36640625 0.75703125 0.11875 0.084375
0 0.115625 0.57109375 0.1328125 0.096875
0 0.23359375 0.47421875 0.1328125 0.10078125
0 0.89140625 0.38984375 0.13046875 0.10234375
0 0.49453125 0.48046875 0.13203125 0.10859375
0 0.4859375 0.759375 0.11640625 0.084375
0 0.12109375 0.66171875 0.134375 0.09140625
0 0.09140625 0.3671875 0.1515625 0.11796875
0 0.13046875 0.75390625 0.1265625 0.084375
0 0.10625 0.4734375 0.1453125 0.10625