0 0.39609375 0.25 0.234375 0.259375
0 0.58515625 0.49375 0.16875 0.1953125
0 0.58359375 0.27734375 0.165625 0.228125
0 0.734375 0.28828125 0.15625 0.203125
0 0.15859375 0.5171875 0.2875 0.259375
0 0.58359375 0.090625 0.1734375 0.1765625
0 0.14296875 0.065625 0.2828125 0.121875
0 0.4015625 0.5125 0.2125 0.23125
0 0.7234375 0.490625 0.1390625 0.18125
0 0.72578125 0.11875 0.140625 0.153125
0 0.3859375 0.071875 0.228125 0.134375
0 0.14765625 0.23984375 0.2953125 0.2875
0 0.72890625 0.02734375 0.1421875 0.053125