0 0.23671875 0.45 0.11484375 0.0578125
0 0.79765625 0.2625 0.10078125 0.0984375
0 0.9015625 0.26171875 0.10703125 0.1046875
0 0.61640625 0.19609375 0.11953125 0.071875
0 0.49609375 0.20234375 0.1109375 0.0734375
0 0.12890625 0.68671875 0.07578125 0.09609375
0 0.209375 0.303125 0.07265625 0.08203125
0 0.4390625 0.2890625 0.07890625 0.0875
0 0.6734375 0.44609375 0.17578125 0.07578125
0 0.89921875 0.353125 0.10390625 0.0953125
0 0.69765625 0.359375 0.09453125 0.08984375
0 0.3625 0.21796875 0.1328125 0.07578125
0 0.521875 0.284375 0.08515625 0.090625
0 0.79765625 0.35859375 0.1015625 0.0921875
0 0.8828125 0.17421875 0.1421875 0.08984375
0 0.61015625 0.2734375 0.08984375 0.090625
0 0.746875 0.1828125 0.12265625 0.0796875
0 0.10625 0.51015625 0.1 0.06875
0 0.35859375 0.29765625 0.078125 0.08671875
0 0.6984375 0.275 0.09453125 0.09765625
0 0.440625 0.36796875 0.07890625 0.08203125
0 0.35859375 0.51640625 0.14609375 0.0703125
0 0.28359375 0.30390625 0.07578125 0.0828125
0 0.296875 0.38046875 0.07265625 0.08046875
0 0.11484375 0.5890625 0.07578125 0.103125
0 0.3640625 0.37890625 0.075 0.08359375
0 0.52421875 0.36328125 0.084375 0.08515625
0 0.503125 0.4453125 0.1546875 0.07109375
0 0.14765625 0.36796875 0.0703125 0.078125
0 0.115625 0.4390625 0.12109375 0.06953125
0 0.2203125 0.38125 0.06796875 0.078125
0 0.6109375 0.36328125 0.08984375 0.0875
0 0.35859375 0.58125 0.14453125 0.06796875
0 0.3609375 0.44921875 0.12734375 0.05703125
0 0.08359375 0.365625 0.06484375 0.071875
0 0.1375 0.78671875 0.07265625 0.09765625
0 0.221875 0.51640625 0.13359375 0.065625
0 0.23359375 0.23125 0.11953125 0.06796875
0 0.36484375 0.70390625 0.1359375 0.065625
0 0.365625 0.6453125 0.1375 0.0609375
0 0.50390625 0.52109375 0.15390625 0.06875
0 0.22578125 0.57578125 0.134375 0.06953125
0 0.06953125 0.29296875 0.06484375 0.07734375
0 0.66953125 0.5234375 0.1703125 0.07265625
0 0.12890625 0.2875 0.075 0.0890625
0 0.23515625 0.815625 0.12578125 0.0671875
0 0.65703125 0.86796875 0.159375 0.07890625
0 0.509375 0.85 0.1453125 0.0734375
0 0.3625 0.7796875 0.1328125 0.0890625
0 0.36484375 0.834375 0.13359375 0.075
0 0.825 0.88828125 0.178125 0.08828125
0 0.50234375 0.7796875 0.146875 0.065625
0 0.2359375 0.64140625 0.13671875 0.0578125
0 0.234375 0.7578125 0.1265625 0.0625
0 0.85546875 0.44296875 0.19375 0.08046875
0 0.85 0.525 0.1859375 0.0796875
0 0.84609375 0.59921875 0.1890625 0.08359375
0 0.83828125 0.67578125 0.1875 0.08359375
0 0.83515625 0.74375 0.1875 0.0875
0 0.8328125 0.81484375 0.171875 0.0859375
0 0.6640625 0.59296875 0.17890625 0.084375
0 0.66328125 0.66171875 0.18046875 0.08828125
0 0.6609375 0.73046875 0.175 0.08828125
0 0.6609375 0.79609375 0.171875 0.0921875
0 0.50625 0.584375 0.16171875 0.08046875
0 0.50546875 0.653125 0.159375 0.08203125
0 0.5015625 0.7171875 0.159375 0.08359375