0 0.58828125 0.4765625 0.153125 0.14375
0 0.25390625 0.4859375 0.1109375 0.134375
0 0.56875 0.8375 0.1234375 0.228125
0 0.58671875 0.33671875 0.146875 0.1265625
0 0.1515625 0.48203125 0.115625 0.1734375
0 0.36171875 0.40078125 0.10625 0.13125
0 0.2640625 0.36015625 0.103125 0.1234375
0 0.4640625 0.4703125 0.10625 0.18125
0 0.48828125 0.63984375 0.153125 0.15
0 0.465625 0.3046875 0.1015625 0.1609375
0 0.3671875 0.2859375 0.1046875 0.11875
0 0.1359375 0.634375 0.125 0.14375
0 0.1109375 0.8296875 0.140625 0.21875
0 0.246875 0.628125 0.121875 0.1453125
0 0.4640625 0.1484375 0.096875 0.1484375
0 0.5765625 0.16875 0.140625 0.2203125
0 0.2796875 0.13984375 0.096875 0.1046875
0 0.690625 0.11640625 0.109375 0.146875
0 0.63515625 0.63359375 0.165625 0.1515625
0 0.3390625 0.8140625 0.1296875 0.215625
0 0.7046875 0.83515625 0.140625 0.2296875
0 0.2703125 0.24375 0.1015625 0.1125
0 0.2328125 0.82578125 0.1375 0.21875
0 0.72734375 0.4515625 0.125 0.18125
0 0.36953125 0.16015625 0.096875 0.1421875
0 0.45390625 0.825 0.121875 0.2296875
0 0.7078125 0.26953125 0.1125 0.15625
0 0.18671875 0.17890625 0.09375 0.140625
0 0.1671875 0.32421875 0.1078125 0.153125
0 0.353125 0.5953125 0.109375 0.203125