0 0.75703125 0.2453125 0.05625 0.0484375
0 0.7640625 0.2921875 0.05 0.046875
0 0.77109375 0.33515625 0.05 0.0421875
0 0.7796875 0.3796875 0.05625 0.046875
0 0.7859375 0.4296875 0.05625 0.05
0 0.79140625 0.47890625 0.05625 0.0546875
0 0.8 0.5328125 0.0609375 0.05
0 0.81328125 0.5859375 0.059375 0.053125
0 0.82734375 0.64375 0.06875 0.059375
0 0.83984375 0.70625 0.0625 0.0625
0 0.85625 0.771875 0.084375 0.075
0 0.771875 0.80390625 0.109375 0.0453125
0 0.765625 0.7625 0.1015625 0.040625
0 0.75703125 0.72265625 0.10625 0.0421875
0 0.74453125 0.68359375 0.1 0.0375
0 0.7390625 0.6453125 0.103125 0.034375
0 0.7328125 0.60625 0.0984375 0.0375
0 0.7296875 0.5703125 0.09375 0.034375
0 0.725 0.5375 0.096875 0.0375
0 0.721875 0.50078125 0.1 0.0359375
0 0.71484375 0.4703125 0.09375 0.034375
0 0.71484375 0.43828125 0.096875 0.0328125
0 0.709375 0.40625 0.09375 0.028125
0 0.70546875 0.37734375 0.09375 0.0328125
0 0.7 0.3453125 0.096875 0.034375
0 0.69609375 0.3140625 0.0890625 0.0296875
0 0.69140625 0.2875 0.0859375 0.03125
0 0.690625 0.2625 0.084375 0.03125
0 0.68671875 0.2328125 0.078125 0.028125
0 0.60703125 0.228125 0.08125 0.0296875
0 0.60390625 0.25625 0.090625 0.028125
0 0.609375 0.284375 0.090625 0.028125
0 0.60859375 0.3125 0.090625 0.028125
0 0.6109375 0.3421875 0.090625 0.0328125
0 0.6109375 0.371875 0.09375 0.03125
0 0.615625 0.40390625 0.09375 0.0359375
0 0.615625 0.43671875 0.09375 0.03125
0 0.62109375 0.4671875 0.096875 0.0328125
0 0.628125 0.5 0.1 0.03125
0 0.628125 0.534375 0.1015625 0.0375
0 0.63046875 0.5703125 0.109375 0.0375
0 0.63515625 0.6078125 0.109375 0.040625
0 0.6390625 0.64375 0.1109375 0.04375
0 0.6421875 0.684375 0.10625 0.040625
0 0.653125 0.725 0.1140625 0.046875
0 0.6609375 0.76640625 0.1109375 0.046875
0 0.665625 0.8078125 0.11875 0.046875
0 0.55859375 0.81328125 0.115625 0.0546875
0 0.55390625 0.76875 0.1109375 0.04375
0 0.54921875 0.7265625 0.103125 0.040625
0 0.5421875 0.6859375 0.1015625 0.046875
0 0.53671875 0.6484375 0.096875 0.04375
0 0.534375 0.609375 0.1015625 0.0390625
0 0.5328125 0.5703125 0.0984375 0.040625
0 0.53203125 0.5359375 0.1 0.0375
0 0.5296875 0.5015625 0.1015625 0.034375
0 0.52578125 0.46875 0.096875 0.034375
0 0.5265625 0.4375 0.1 0.03125
0 0.52421875 0.403125 0.09375 0.0375
0 0.521875 0.3734375 0.096875 0.034375
0 0.51875 0.3421875 0.09375 0.03125
0 0.5203125 0.3125 0.09375 0.03125
0 0.51484375 0.284375 0.09375 0.03125
0 0.5234375 0.2546875 0.09375 0.028125
0 0.51953125 0.2296875 0.0890625 0.034375
0 0.428125 0.22265625 0.0875 0.0296875
0 0.43046875 0.253125 0.0859375 0.028125
0 0.428125 0.28125 0.09375 0.034375
0 0.428125 0.3109375 0.09375 0.0265625
0 0.43125 0.340625 0.0984375 0.028125
0 0.43125 0.36875 0.096875 0.034375
0 0.43046875 0.4015625 0.1 0.034375
0 0.434375 0.434375 0.096875 0.03125
0 0.43203125 0.4671875 0.096875 0.034375
0 0.43359375 0.5 0.096875 0.0375
0 0.4359375 0.534375 0.109375 0.0390625
0 0.4359375 0.57109375 0.1 0.034375
0 0.43515625 0.609375 0.10625 0.0375
0 0.434375 0.6515625 0.10625 0.040625
0 0.44140625 0.6875 0.103125 0.040625
0 0.44140625 0.728125 0.1109375 0.0453125
0 0.44375 0.771875 0.1125 0.04375
0 0.446875 0.815625 0.115625 0.046875
0 0.328125 0.8203125 0.121875 0.053125
0 0.3328125 0.7765625 0.1234375 0.05
0 0.3296875 0.73125 0.109375 0.046875
0 0.33203125 0.690625 0.1140625 0.046875
0 0.33203125 0.6484375 0.1109375 0.040625
0 0.3296875 0.609375 0.103125 0.0359375
0 0.33203125 0.571875 0.10625 0.034375
0 0.33125 0.53515625 0.0984375 0.0375
0 0.334375 0.4984375 0.090625 0.0375
0 0.33515625 0.4640625 0.0984375 0.034375
0 0.33671875 0.4296875 0.0984375 0.034375
0 0.33671875 0.396875 0.090625 0.034375
0 0.3359375 0.3640625 0.090625 0.03125
0 0.3328125 0.33203125 0.0875 0.03125
0 0.334375 0.303125 0.0859375 0.03125
0 0.334375 0.2734375 0.0890625 0.028125
0 0.3359375 0.2453125 0.08125 0.03125
0 0.33984375 0.2140625 0.090625 0.0328125
0 0.24765625 0.2078125 0.096875 0.03125
0 0.25 0.2390625 0.090625 0.028125
0 0.24921875 0.27109375 0.09375 0.03125
0 0.246875 0.3 0.0890625 0.028125
0 0.24296875 0.33203125 0.103125 0.03125
0 0.24453125 0.36171875 0.10625 0.0328125
0 0.23828125 0.3921875 0.103125 0.034375
0 0.2375 0.42890625 0.10625 0.034375
0 0.23515625 0.46484375 0.103125 0.034375
0 0.23203125 0.49921875 0.109375 0.0359375
0 0.2296875 0.5375 0.115625 0.040625
0 0.23046875 0.57421875 0.11875 0.040625
0 0.22734375 0.6109375 0.11875 0.0375
0 0.2203125 0.65 0.1234375 0.046875
0 0.2203125 0.69375 0.1234375 0.04375
0 0.21640625 0.734375 0.125 0.046875
0 0.21796875 0.7796875 0.121875 0.053125
0 0.21875 0.828125 0.13125 0.0546875
0 0.096875 0.8265625 0.1234375 0.0546875
0 0.0984375 0.78125 0.13125 0.046875
0 0.10234375 0.73828125 0.128125 0.0453125
0 0.10625 0.6953125 0.115625 0.046875
0 0.10625 0.653125 0.115625 0.0421875
0 0.109375 0.61171875 0.11875 0.040625
0 0.1140625 0.575 0.1140625 0.04375
0 0.11640625 0.5359375 0.1140625 0.0375
0 0.1234375 0.4984375 0.1140625 0.0375
0 0.12421875 0.46328125 0.115625 0.034375
0 0.12578125 0.428125 0.115625 0.0390625
0 0.13125 0.39375 0.10625 0.03125
0 0.13828125 0.3578125 0.1125 0.034375
0 0.140625 0.328125 0.109375 0.03125
0 0.1453125 0.296875 0.103125 0.034375
0 0.146875 0.2640625 0.10625 0.0296875
0 0.146875 0.2375 0.1 0.028125
0 0.1515625 0.20390625 0.096875 0.03125