0 0.140625 0.71953125 0.08046875 0.08046875
0 0.7421875 0.8109375 0.1234375 0.10859375
0 0.4828125 0.49296875 0.17578125 0.1046875
0 0.3234375 0.47734375 0.1578125 0.10078125
0 0.32265625 0.56953125 0.15390625 0.1
0 0.3234375 0.38828125 0.1578125 0.1
0 0.85859375 0.59609375 0.165625 0.16171875
0 0.49296875 0.38515625 0.184375 0.10625
0 0.86953125 0.82734375 0.1359375 0.1109375
0 0.17421875 0.3765625 0.14140625 0.09765625
0 0.92265625 0.30390625 0.14609375 0.1125
0 0.1671875 0.46796875 0.14609375 0.09765625
0 0.41171875 0.675 0.103125 0.09296875
0 0.51328125 0.6859375 0.10859375 0.0984375
0 0.796875 0.7125 0.2109375 0.12421875
0 0.51015625 0.77734375 0.10703125 0.09296875
0 0.88125 0.4390625 0.1765625 0.16328125
0 0.29921875 0.20859375 0.103125 0.0859375
0 0.1703125 0.5609375 0.1453125 0.09609375
0 0.67265625 0.28984375 0.1375 0.096875
0 0.62421875 0.69453125 0.11640625 0.10703125
0 0.31484375 0.6609375 0.0953125 0.0921875
0 0.17578125 0.2890625 0.140625 0.09765625
0 0.31015625 0.74765625 0.09296875 0.08984375
0 0.3015625 0.2953125 0.1109375 0.0875
0 0.61640625 0.7890625 0.115625 0.10390625
0 0.665625 0.59296875 0.1875 0.1109375
0 0.225 0.65234375 0.090625 0.090625
0 0.13515625 0.63984375 0.08515625 0.0828125
0 0.796875 0.2859375 0.10390625 0.09765625
0 0.396875 0.215625 0.109375 0.06875
0 0.4078125 0.75859375 0.09921875 0.0921875
0 0.6703125 0.49765625 0.1953125 0.109375
0 0.48125 0.58828125 0.1765625 0.1046875
0 0.14375 0.19609375 0.0625 0.08671875
0 0.684375 0.390625 0.20390625 0.11015625
0 0.41875 0.29453125 0.115625 0.0890625
0 0.22109375 0.734375 0.0859375 0.0890625
0 0.5421875 0.29296875 0.12421875 0.09140625
0 0.2140625 0.19765625 0.0671875 0.0875
0 0.51171875 0.2125 0.11640625 0.071875
0 0.76953125 0.19375 0.1359375 0.08125
0 0.63984375 0.203125 0.12265625 0.07578125
0 0.92421875 0.2125 0.15078125 0.07578125