0 0.228125 0.78359375 0.09375 0.046875
0 0.23515625 0.7390625 0.0921875 0.0421875
0 0.2390625 0.6953125 0.0875 0.040625
0 0.24453125 0.653125 0.0875 0.040625
0 0.24765625 0.609375 0.090625 0.040625
0 0.25546875 0.56953125 0.08125 0.046875
0 0.2578125 0.52734375 0.08125 0.0375
0 0.2625 0.490625 0.08125 0.03125
0 0.2671875 0.45234375 0.078125 0.040625
0 0.271875 0.41640625 0.08125 0.03125
0 0.27421875 0.3796875 0.075 0.0359375
0 0.27421875 0.34296875 0.08125 0.03125
0 0.28046875 0.3109375 0.084375 0.0375
0 0.284375 0.28046875 0.08125 0.0375
0 0.2875 0.24765625 0.075 0.034375
0 0.290625 0.21484375 0.075 0.03125
0 0.30234375 0.18671875 0.078125 0.034375
0 0.30234375 0.15703125 0.0765625 0.0375
0 0.37578125 0.153125 0.071875 0.0390625
0 0.3765625 0.1828125 0.0609375 0.0296875
0 0.365625 0.2125 0.0671875 0.03125
0 0.36484375 0.24453125 0.071875 0.03125
0 0.3640625 0.27421875 0.0703125 0.0375
0 0.340625 0.31953125 0.046875 0.0578125
0 0.33984375 0.37421875 0.0421875 0.0546875
0 0.3328125 0.43359375 0.046875 0.05625
0 0.3296875 0.49296875 0.05 0.059375
0 0.321875 0.55390625 0.05 0.0640625
0 0.31796875 0.61640625 0.05625 0.065625
0 0.3125 0.68671875 0.059375 0.06875
0 0.30703125 0.759375 0.0625 0.0734375
0 0.37421875 0.784375 0.096875 0.0453125
0 0.3875 0.7359375 0.0875 0.046875
0 0.38515625 0.6921875 0.0859375 0.04375
0 0.3875 0.64140625 0.0875 0.046875
0 0.3921875 0.59765625 0.084375 0.0453125
0 0.39296875 0.5546875 0.08125 0.04375
0 0.39609375 0.515625 0.078125 0.0390625
0 0.39609375 0.47890625 0.0765625 0.0359375
0 0.39765625 0.4265625 0.078125 0.034375
0 0.40078125 0.3875 0.08125 0.0375
0 0.40546875 0.34609375 0.084375 0.0359375
0 0.409375 0.3109375 0.078125 0.0375
0 0.43671875 0.275 0.071875 0.0359375
0 0.440625 0.24140625 0.071875 0.034375
0 0.44296875 0.209375 0.071875 0.03125
0 0.4484375 0.17890625 0.0671875 0.03125
0 0.44765625 0.15 0.075 0.03125
0 0.52734375 0.146875 0.065625 0.0375
0 0.52421875 0.175 0.065625 0.034375
0 0.51953125 0.2046875 0.075 0.03125
0 0.51796875 0.2375 0.075 0.0359375
0 0.515625 0.271875 0.0765625 0.0375
0 0.48984375 0.31875 0.071875 0.034375
0 0.48515625 0.3546875 0.08125 0.0375
0 0.4828125 0.39765625 0.084375 0.040625
0 0.4796875 0.4421875 0.0765625 0.034375
0 0.47890625 0.4796875 0.08125 0.0375
0 0.478125 0.5203125 0.084375 0.0375
0 0.478125 0.56171875 0.08125 0.040625
0 0.475 0.603125 0.084375 0.040625
0 0.47109375 0.6453125 0.090625 0.0421875
0 0.475 0.6890625 0.0875 0.0453125
0 0.47109375 0.7375 0.090625 0.046875
0 0.46953125 0.784375 0.090625 0.0484375
0 0.56015625 0.7890625 0.090625 0.0453125
0 0.56328125 0.73828125 0.090625 0.046875
0 0.5640625 0.690625 0.0875 0.04375
0 0.5640625 0.6453125 0.0875 0.040625
0 0.56328125 0.60234375 0.084375 0.040625
0 0.565625 0.56015625 0.084375 0.040625
0 0.56328125 0.5203125 0.08125 0.034375
0 0.5640625 0.48125 0.08125 0.0359375
0 0.56328125 0.4390625 0.08125 0.0375
0 0.565625 0.39453125 0.078125 0.0375
0 0.56484375 0.3546875 0.075 0.0328125
0 0.56640625 0.31875 0.078125 0.0328125
0 0.59296875 0.28046875 0.0859375 0.034375
0 0.59296875 0.2453125 0.078125 0.0375
0 0.5953125 0.2015625 0.075 0.0375
0 0.59375 0.171875 0.075 0.0328125
0 0.5953125 0.14140625 0.071875 0.03125
0 0.67265625 0.153125 0.0765625 0.034375
0 0.675 0.1828125 0.075 0.03125
0 0.67421875 0.2140625 0.075 0.03125
0 0.67578125 0.246875 0.078125 0.034375
0 0.6734375 0.28046875 0.084375 0.0359375
0 0.64609375 0.32578125 0.084375 0.0375
0 0.64609375 0.36171875 0.08125 0.040625
0 0.6484375 0.39921875 0.0859375 0.0375
0 0.64765625 0.440625 0.078125 0.040625
0 0.64921875 0.48203125 0.0859375 0.0375
0 0.64921875 0.51953125 0.084375 0.0375
0 0.653125 0.55859375 0.084375 0.04375
0 0.653125 0.60234375 0.0859375 0.04375
0 0.65234375 0.646875 0.0875 0.040625
0 0.65546875 0.69375 0.090625 0.04375
0 0.65625 0.73828125 0.090625 0.046875
0 0.65703125 0.7875 0.09375 0.046875
0 0.75546875 0.790625 0.096875 0.04375
0 0.75390625 0.74296875 0.09375 0.04375
0 0.75078125 0.69375 0.0953125 0.040625
0 0.75 0.64921875 0.090625 0.0390625
0 0.746875 0.6046875 0.0875 0.040625
0 0.74765625 0.56171875 0.096875 0.04375
0 0.74375 0.52109375 0.084375 0.0375
0 0.74296875 0.4796875 0.078125 0.0390625
0 0.73359375 0.440625 0.0875 0.0375
0 0.734375 0.4046875 0.0875 0.034375
0 0.73046875 0.3578125 0.08125 0.0375
0 0.728125 0.31953125 0.0765625 0.040625
0 0.75625 0.2828125 0.08125 0.034375
0 0.75703125 0.24765625 0.084375 0.034375
0 0.75390625 0.21328125 0.08125 0.034375
0 0.7515625 0.18359375 0.08125 0.0328125
0 0.74921875 0.1421875 0.075 0.0421875
0 0.815625 0.3234375 0.0859375 0.040625
0 0.81796875 0.36015625 0.0921875 0.040625
0 0.8234375 0.3984375 0.0921875 0.04375
0 0.82578125 0.43671875 0.0953125 0.04375
0 0.8296875 0.47734375 0.0921875 0.0421875
0 0.83125 0.51796875 0.090625 0.0375
0 0.8359375 0.56171875 0.09375 0.0421875
0 0.84140625 0.6046875 0.1 0.04375
0 0.84296875 0.6484375 0.0953125 0.0390625
0 0.84765625 0.69375 0.1 0.0484375
0 0.82265625 0.253125 0.05 0.09375