0 0.19140625 0.29140625 0.1828125 0.103125
0 0.35 0.30859375 0.1375 0.159375
0 0.48828125 0.29765625 0.1421875 0.175
0 0.6390625 0.2828125 0.1609375 0.184375
0 0.8015625 0.27265625 0.178125 0.184375
0 0.80859375 0.4578125 0.178125 0.190625
0 0.6375 0.46015625 0.15625 0.18125
0 0.4828125 0.46171875 0.14375 0.16875
0 0.34921875 0.4625 0.1359375 0.1625
0 0.18671875 0.39375 0.19375 0.096875
0 0.18671875 0.49453125 0.1828125 0.103125
0 0.17734375 0.59296875 0.18125 0.109375
0 0.3390625 0.6234375 0.1328125 0.1703125
0 0.48125 0.63046875 0.146875 0.1828125
0 0.634375 0.63828125 0.159375 0.190625
0 0.80625 0.646875 0.165625 0.190625
0 0.1703125 0.69296875 0.1953125 0.115625
0 0.1703125 0.79765625 0.1875 0.121875
0 0.33203125 0.78671875 0.1375 0.184375
0 0.4734375 0.8015625 0.14375 0.1875
0 0.63125 0.81875 0.1625 0.2
0 0.80859375 0.8375 0.1734375 0.209375