0 0.575 0.815625 0.1 0.1828125
0 0.6765625 0.81953125 0.103125 0.184375
0 0.76796875 0.8234375 0.103125 0.18125
0 0.7390625 0.63359375 0.1015625 0.165625
0 0.2125 0.33203125 0.084375 0.146875
0 0.27109375 0.63203125 0.084375 0.159375
0 0.7640625 0.334375 0.0984375 0.15
0 0.49296875 0.740625 0.06875 0.103125
0 0.27890625 0.47890625 0.0828125 0.153125
0 0.49140625 0.84296875 0.06875 0.10625
0 0.20390625 0.48359375 0.0875 0.15
0 0.58203125 0.33125 0.090625 0.15
0 0.18125 0.79375 0.09375 0.165625
0 0.54140625 0.465625 0.065625 0.121875
0 0.67109375 0.18984375 0.0875 0.140625
0 0.49140625 0.32734375 0.090625 0.1515625
0 0.35390625 0.803125 0.0875 0.16875
0 0.28671875 0.33046875 0.0859375 0.15
0 0.55390625 0.61328125 0.0953125 0.1625
0 0.21796875 0.1828125 0.0875 0.146875
0 0.19453125 0.634375 0.090625 0.15625
0 0.475 0.54296875 0.0671875 0.0953125
0 0.6453125 0.62734375 0.096875 0.165625
0 0.49921875 0.1828125 0.0875 0.1421875
0 0.42578125 0.26484375 0.065625 0.0890625
0 0.590625 0.1875 0.0875 0.140625
0 0.42890625 0.84140625 0.065625 0.10625
0 0.47890625 0.45078125 0.0625 0.09375
0 0.76171875 0.19375 0.0921875 0.1328125
0 0.3 0.18203125 0.084375 0.1453125
0 0.66875 0.33125 0.090625 0.146875
0 0.26640625 0.80234375 0.09375 0.1734375
0 0.47109375 0.63671875 0.06875 0.1
0 0.70390625 0.4671875 0.128125 0.115625
0 0.43046875 0.74140625 0.065625 0.103125
0 0.43359375 0.1765625 0.0640625 0.1078125
0 0.3421875 0.671875 0.065625 0.096875
0 0.36640625 0.18359375 0.0640625 0.1125
0 0.4109375 0.6375 0.065625 0.0984375
0 0.41640625 0.45078125 0.0640625 0.090625
0 0.41328125 0.54765625 0.065625 0.09375
0 0.41953125 0.35859375 0.065625 0.0921875
0 0.35234375 0.48125 0.0625 0.09375
0 0.3453125 0.575 0.065625 0.0953125
0 0.60546875 0.46484375 0.0671875 0.1171875
0 0.353125 0.38359375 0.0625 0.0921875
0 0.35859375 0.290625 0.0625 0.1078125