0 0.225 0.23359375 0.103125 0.08125
0 0.3296875 0.2328125 0.109375 0.078125
0 0.44296875 0.2265625 0.1140625 0.075
0 0.5609375 0.21875 0.125 0.08125
0 0.69296875 0.21484375 0.134375 0.084375
0 0.78125 0.1953125 0.046875 0.1125
0 0.7921875 0.30703125 0.040625 0.1109375
0 0.7484375 0.31015625 0.040625 0.109375
0 0.70859375 0.31015625 0.040625 0.109375
0 0.66640625 0.309375 0.0421875 0.1109375
0 0.625 0.3125 0.0375 0.10625
0 0.5875 0.31015625 0.0375 0.10625
0 0.54765625 0.309375 0.0375 0.10625
0 0.5109375 0.31015625 0.03125 0.1015625
0 0.4734375 0.31484375 0.0375 0.0984375
0 0.440625 0.3125 0.0328125 0.1
0 0.40546875 0.315625 0.03125 0.0984375
0 0.371875 0.315625 0.0296875 0.1015625
0 0.340625 0.31875 0.03125 0.0984375
0 0.30625 0.31875 0.028125 0.096875
0 0.275 0.31953125 0.034375 0.096875
0 0.2453125 0.3203125 0.028125 0.096875
0 0.2140625 0.31875 0.028125 0.09375
0 0.184375 0.32109375 0.028125 0.09375
0 0.1796875 0.4140625 0.028125 0.090625
0 0.2109375 0.41171875 0.028125 0.096875
0 0.240625 0.4140625 0.028125 0.09375
0 0.271875 0.41640625 0.028125 0.096875
0 0.3046875 0.41796875 0.03125 0.09375
0 0.3375 0.41640625 0.03125 0.09375
0 0.371875 0.415625 0.03125 0.1015625
0 0.4015625 0.415625 0.03125 0.1015625
0 0.43828125 0.4140625 0.03125 0.1
0 0.47421875 0.4125 0.034375 0.096875
0 0.5109375 0.4140625 0.034375 0.10625
0 0.5484375 0.41484375 0.0359375 0.103125
0 0.5859375 0.41484375 0.0375 0.10625
0 0.625 0.4171875 0.0375 0.1125
0 0.6640625 0.41953125 0.04375 0.109375
0 0.70625 0.42109375 0.0390625 0.109375
0 0.746875 0.421875 0.0375 0.109375
0 0.7890625 0.4171875 0.04375 0.1125
0 0.1765625 0.509375 0.028125 0.090625
0 0.20859375 0.509375 0.0296875 0.0984375
0 0.2390625 0.50859375 0.03125 0.096875
0 0.271875 0.5125 0.03125 0.096875
0 0.303125 0.515625 0.03125 0.1015625
0 0.33515625 0.5125 0.034375 0.096875
0 0.36875 0.51171875 0.034375 0.0984375
0 0.403125 0.5140625 0.034375 0.103125
0 0.4390625 0.5140625 0.0375 0.103125
0 0.47265625 0.515625 0.034375 0.10625
0 0.50859375 0.51796875 0.0359375 0.10625
0 0.5453125 0.515625 0.0375 0.10625
0 0.58203125 0.5203125 0.0375 0.103125
0 0.6203125 0.525 0.0375 0.109375
0 0.6609375 0.52890625 0.0421875 0.1109375
0 0.703125 0.52890625 0.040625 0.115625
0 0.7453125 0.53125 0.04375 0.1125
0 0.7890625 0.5296875 0.046875 0.1125
0 0.17734375 0.5984375 0.03125 0.096875
0 0.2078125 0.60390625 0.028125 0.096875
0 0.2375 0.603125 0.028125 0.09375
0 0.26875 0.60703125 0.03125 0.1
0 0.3 0.60703125 0.03125 0.09375
0 0.3328125 0.61171875 0.028125 0.096875
0 0.3671875 0.6109375 0.03125 0.0890625
0 0.4015625 0.615625 0.03125 0.096875
0 0.43671875 0.615625 0.0328125 0.1015625
0 0.4703125 0.61484375 0.034375 0.10625
0 0.5078125 0.61953125 0.0375 0.103125
0 0.54453125 0.62265625 0.0359375 0.103125
0 0.58125 0.62734375 0.040625 0.10625
0 0.6203125 0.6328125 0.040625 0.109375
0 0.6625 0.63828125 0.040625 0.1125
0 0.703125 0.63984375 0.040625 0.109375
0 0.74609375 0.640625 0.0390625 0.1125
0 0.7875 0.64375 0.0421875 0.1125
0 0.175 0.690625 0.0296875 0.096875
0 0.2046875 0.6953125 0.0296875 0.090625
0 0.234375 0.7 0.03125 0.096875
0 0.26640625 0.69921875 0.0296875 0.096875
0 0.29921875 0.703125 0.03125 0.1015625
0 0.3328125 0.70859375 0.03125 0.1
0 0.3640625 0.7125 0.034375 0.090625
0 0.40078125 0.71484375 0.03125 0.096875
0 0.43515625 0.71484375 0.03125 0.103125
0 0.46953125 0.71640625 0.034375 0.10625
0 0.50546875 0.725 0.0375 0.103125
0 0.54375 0.728125 0.0375 0.10625
0 0.58125 0.7328125 0.0359375 0.109375
0 0.6203125 0.740625 0.040625 0.1109375
0 0.6609375 0.74765625 0.0375 0.103125
0 0.7015625 0.74921875 0.040625 0.10625
0 0.74296875 0.75546875 0.0359375 0.1109375
0 0.7859375 0.75625 0.0390625 0.1125
0 0.78359375 0.8703125 0.04375 0.1125
0 0.740625 0.86796875 0.040625 0.103125
0 0.7 0.86015625 0.0375 0.115625
0 0.65859375 0.85390625 0.0390625 0.1109375
0 0.61875 0.85234375 0.0390625 0.109375
0 0.578125 0.8421875 0.034375 0.109375
0 0.540625 0.83125 0.0375 0.10625
0 0.50546875 0.828125 0.0390625 0.103125
0 0.46875 0.82421875 0.0328125 0.109375
0 0.43203125 0.81640625 0.034375 0.103125
0 0.3984375 0.81953125 0.034375 0.10625
0 0.3625 0.81484375 0.0328125 0.103125
0 0.3296875 0.81328125 0.03125 0.115625
0 0.2984375 0.81015625 0.03125 0.109375
0 0.2640625 0.7984375 0.03125 0.103125
0 0.234375 0.796875 0.03125 0.103125
0 0.20390625 0.7921875 0.0296875 0.096875
0 0.1734375 0.78828125 0.028125 0.090625
0 0.171875 0.87421875 0.03125 0.090625
0 0.2015625 0.88125 0.028125 0.09375
0 0.2328125 0.88984375 0.03125 0.096875
0 0.265625 0.896875 0.03125 0.096875
0 0.29921875 0.9078125 0.03125 0.09375
0 0.334375 0.915625 0.034375 0.09375
0 0.3671875 0.9171875 0.03125 0.096875
0 0.4 0.91796875 0.0359375 0.096875
0 0.4359375 0.92265625 0.0375 0.1015625
0 0.471875 0.928125 0.0375 0.103125
0 0.51015625 0.9359375 0.0375 0.1109375
0 0.54609375 0.940625 0.0359375 0.1109375
0 0.603125 0.934375 0.0609375 0.0859375
0 0.6734375 0.9453125 0.06875 0.071875
0 0.746875 0.95390625 0.0703125 0.075