0 0.5046875 0.853125 0.171875 0.15
0 0.17890625 0.69453125 0.171875 0.14375
0 0.33671875 0.69765625 0.1625 0.14375
0 0.33828125 0.84921875 0.16875 0.15
0 0.34296875 0.56328125 0.1609375 0.134375
0 0.184375 0.4296875 0.1609375 0.13125
0 0.4984375 0.703125 0.16875 0.1453125
0 0.6703125 0.85234375 0.171875 0.146875
0 0.34609375 0.434375 0.1625 0.1296875
0 0.66640625 0.703125 0.1671875 0.1421875
0 0.18046875 0.56015625 0.1625 0.134375
0 0.5015625 0.56328125 0.165625 0.1375
0 0.6640625 0.56328125 0.1671875 0.1359375
0 0.36875 0.30703125 0.1375 0.1296875
0 0.6578125 0.4296875 0.1625 0.13125
0 0.496875 0.434375 0.1625 0.128125
0 0.1703125 0.84296875 0.171875 0.146875
0 0.6390625 0.30390625 0.1359375 0.134375
0 0.37421875 0.1515625 0.1359375 0.14375
0 0.503125 0.30625 0.134375 0.134375
0 0.49765625 0.15703125 0.13125 0.14375
0 0.2375 0.303125 0.1375 0.128125
0 0.63828125 0.15546875 0.140625 0.14375
0 0.24140625 0.16484375 0.14375 0.146875