0 0.21640625 0.3875 0.1421875 0.228125
0 0.228125 0.60625 0.14140625 0.19609375
0 0.234375 0.8046875 0.13359375 0.17890625
0 0.34765625 0.378125 0.125 0.20859375
0 0.35625 0.58828125 0.11796875 0.19296875
0 0.3609375 0.77890625 0.12265625 0.16953125
0 0.46484375 0.378125 0.10625 0.20859375
0 0.4703125 0.5765625 0.10703125 0.19140625
0 0.478125 0.7640625 0.10703125 0.171875
0 0.5796875 0.365625 0.1140625 0.19453125
0 0.584375 0.559375 0.11484375 0.1765625
0 0.5859375 0.73671875 0.109375 0.165625
0 0.7046875 0.365625 0.10078125 0.184375
0 0.8203125 0.35546875 0.09453125 0.18359375
0 0.696875 0.5484375 0.10546875 0.171875
0 0.8109375 0.5359375 0.09921875 0.16953125
0 0.696875 0.72265625 0.1078125 0.15703125
0 0.80234375 0.7046875 0.09375 0.159375