0 0.640625 0.44140625 0.0859375 0.1078125
0 0.64140625 0.546875 0.084375 0.1
0 0.6390625 0.64375 0.08125 0.09375
0 0.56015625 0.5484375 0.0828125 0.1
0 0.83984375 0.19453125 0.0984375 0.13125
0 0.5578125 0.6484375 0.08125 0.09375
0 0.4625 0.2046875 0.09375 0.125
0 0.4796875 0.73515625 0.0765625 0.084375
0 0.46640625 0.43671875 0.0875 0.10625
0 0.55703125 0.21015625 0.09375 0.1296875
0 0.73828125 0.3265625 0.096875 0.1203125
0 0.46640625 0.3234375 0.090625 0.1140625
0 0.6484375 0.3265625 0.0890625 0.11875
0 0.4734375 0.54765625 0.084375 0.1
0 0.47578125 0.6484375 0.08125 0.090625
0 0.72578125 0.546875 0.0859375 0.1
0 0.63203125 0.8140625 0.075 0.0828125
0 0.5578125 0.44375 0.0875 0.109375
0 0.7453125 0.20234375 0.09375 0.13125
0 0.48125 0.81953125 0.0734375 0.0828125
0 0.775 0.803125 0.075 0.08125
0 0.5578125 0.815625 0.0734375 0.08125
0 0.5578125 0.7296875 0.078125 0.0875
0 0.5578125 0.33515625 0.090625 0.1171875
0 0.6375 0.725 0.0796875 0.0875
0 0.69921875 0.80625 0.0734375 0.08125
0 0.734375 0.44375 0.090625 0.1109375
0 0.7140625 0.640625 0.084375 0.09375
0 0.7515625 0.71953125 0.15 0.0859375
0 0.8046875 0.54375 0.0875 0.1015625
0 0.65390625 0.20078125 0.096875 0.134375
0 0.8140625 0.4390625 0.0921875 0.10625
0 0.79375 0.6375 0.084375 0.090625
0 0.8234375 0.32265625 0.0890625 0.11875
0 0.71015625 0.721875 0.084375 0.084375