0 0.38984375 0.80390625 0.140625 0.15625
0 0.2828125 0.52421875 0.103125 0.10625
0 0.2890625 0.41796875 0.103125 0.103125
0 0.2890625 0.315625 0.10625 0.0984375
0 0.290625 0.21328125 0.1 0.103125
0 0.40078125 0.209375 0.13125 0.103125
0 0.40078125 0.3078125 0.1234375 0.103125
0 0.39765625 0.41171875 0.1296875 0.109375
0 0.396875 0.5171875 0.128125 0.10625
0 0.39140625 0.653125 0.1359375 0.1484375
0 0.5234375 0.803125 0.134375 0.153125
0 0.52421875 0.65 0.134375 0.15
0 0.525 0.51875 0.128125 0.10625
0 0.52421875 0.41484375 0.125 0.103125
0 0.52265625 0.3109375 0.1234375 0.10625
0 0.52578125 0.20859375 0.125 0.1015625
0 0.64453125 0.21015625 0.125 0.0953125
0 0.64453125 0.31171875 0.121875 0.1015625
0 0.64609375 0.4171875 0.125 0.10625
0 0.6453125 0.52109375 0.128125 0.103125
0 0.65078125 0.64453125 0.13125 0.153125
0 0.65625 0.80859375 0.1328125 0.153125
0 0.7875 0.8078125 0.1328125 0.1546875
0 0.77890625 0.64765625 0.134375 0.1484375
0 0.771875 0.5171875 0.1265625 0.1015625
0 0.771875 0.41171875 0.1265625 0.103125
0 0.7703125 0.31015625 0.128125 0.0953125
0 0.76640625 0.20703125 0.121875 0.1125