0 0.621875 0.36484375 0.2015625 0.0703125
0 0.628125 0.5703125 0.20546875 0.071875
0 0.846875 0.56875 0.22578125 0.0734375
0 0.88046875 0.9203125 0.153125 0.1296875
0 0.728125 0.90703125 0.14765625 0.12734375
0 0.87734375 0.80390625 0.15859375 0.12265625
0 0.45703125 0.78515625 0.12890625 0.10546875
0 0.62421875 0.50625 0.2046875 0.06953125
0 0.8453125 0.50234375 0.22578125 0.07421875
0 0.434375 0.37421875 0.18515625 0.06875
0 0.2234375 0.5078125 0.075 0.1328125
0 0.58828125 0.9015625 0.1375 0.11875
0 0.63125 0.64296875 0.20390625 0.0734375
0 0.440625 0.5703125 0.18203125 0.06796875
0 0.5875 0.790625 0.1359375 0.1109375
0 0.85 0.63984375 0.2234375 0.07421875
0 0.303125 0.50703125 0.08046875 0.1359375
0 0.14921875 0.50859375 0.06171875 0.12890625
0 0.43046875 0.44140625 0.18203125 0.06640625
0 0.61953125 0.4375 0.203125 0.07265625
0 0.446875 0.64140625 0.18671875 0.0703125
0 0.3015625 0.39765625 0.07421875 0.0796875
0 0.33359375 0.8859375 0.12421875 0.10859375
0 0.4390625 0.5125 0.18828125 0.06796875
0 0.73125 0.7984375 0.146875 0.11640625
0 0.4625 0.89609375 0.13046875 0.1125
0 0.1046875 0.871875 0.11640625 0.10625
0 0.31484375 0.640625 0.08125 0.1359375
0 0.8359375 0.3578125 0.22734375 0.0765625
0 0.840625 0.428125 0.2265625 0.07578125
0 0.21875 0.878125 0.115625 0.11015625
0 0.59765625 0.2921875 0.08671875 0.08984375
0 0.44765625 0.70078125 0.1796875 0.06796875
0 0.51640625 0.2984375 0.0828125 0.08828125
0 0.63515625 0.70703125 0.20078125 0.07265625
0 0.22578125 0.32109375 0.0640625 0.07890625
0 0.2265625 0.40234375 0.06953125 0.0765625
0 0.07890625 0.5046875 0.07421875 0.13125
0 0.23046875 0.63515625 0.078125 0.13515625
0 0.85078125 0.71015625 0.22109375 0.07734375
0 0.15234375 0.359375 0.06953125 0.16171875
0 0.14921875 0.6375 0.075 0.13203125
0 0.0859375 0.35859375 0.0703125 0.1578125
0 0.30625 0.7984375 0.16796875 0.06640625
0 0.11484375 0.73515625 0.15703125 0.06484375
0 0.27578125 0.74140625 0.16953125 0.065625
0 0.08125 0.63203125 0.06171875 0.13046875
0 0.69140625 0.2890625 0.0921875 0.09296875
0 0.32421875 0.32109375 0.11953125 0.07109375
0 0.4265625 0.3015625 0.084375 0.084375
0 0.78671875 0.27734375 0.09453125 0.09453125
0 0.13359375 0.7921875 0.15859375 0.0625
0 0.88671875 0.26875 0.1015625 0.0984375