0 0.540625 0.26171875 0.171875 0.103125
0 0.5453125 0.36171875 0.16875 0.09375
0 0.5453125 0.453125 0.165625 0.090625
0 0.5515625 0.5421875 0.15625 0.084375
0 0.55390625 0.62578125 0.153125 0.075
0 0.55546875 0.70546875 0.159375 0.071875
0 0.55859375 0.78125 0.15625 0.065625
0 0.375 0.26796875 0.1609375 0.1
0 0.37890625 0.3640625 0.15625 0.090625
0 0.3875 0.45390625 0.153125 0.0875
0 0.3953125 0.5421875 0.146875 0.084375
0 0.396875 0.62578125 0.14375 0.0734375
0 0.39921875 0.7015625 0.146875 0.071875
0 0.40625 0.77578125 0.146875 0.071875
0 0.2015625 0.2703125 0.165625 0.0984375
0 0.2109375 0.3671875 0.15625 0.09375
0 0.21484375 0.45625 0.15625 0.0875
0 0.23359375 0.54609375 0.146875 0.0875
0 0.2375 0.6296875 0.15 0.0734375
0 0.24140625 0.703125 0.140625 0.071875
0 0.24765625 0.7765625 0.146875 0.065625