0 0.7421875 0.5171875 0.21875 0.1609375
0 0.53203125 0.8484375 0.203125 0.209375
0 0.74453125 0.6859375 0.2265625 0.175
0 0.53515625 0.66484375 0.1953125 0.16875
0 0.35390625 0.65 0.171875 0.1625
0 0.53984375 0.50859375 0.1859375 0.153125
0 0.375 0.5 0.16875 0.146875
0 0.3453125 0.81015625 0.1734375 0.184375
0 0.2046875 0.63046875 0.1625 0.15
0 0.21875 0.4921875 0.15625 0.134375
0 0.23359375 0.36015625 0.1484375 0.121875
0 0.54453125 0.36015625 0.184375 0.1375
0 0.7375 0.3578125 0.20625 0.15
0 0.18125 0.7734375 0.159375 0.1734375
0 0.75078125 0.890625 0.234375 0.2140625
0 0.38203125 0.34921875 0.16875 0.13125