0 0.75 0.39609375 0.25859375 0.234375
0 0.50625 0.58515625 0.1953125 0.16953125
0 0.72265625 0.58359375 0.228125 0.16484375
0 0.71171875 0.734375 0.20234375 0.15625
0 0.4828125 0.15859375 0.259375 0.28828125
0 0.909375 0.58359375 0.1765625 0.1734375
0 0.934375 0.14296875 0.12265625 0.2828125
0 0.4875 0.4015625 0.23203125 0.21171875
0 0.509375 0.7234375 0.18203125 0.1390625
0 0.88125 0.72578125 0.153125 0.140625
0 0.928125 0.3859375 0.13359375 0.22890625
0 0.76015625 0.14765625 0.28828125 0.2953125
0 0.97265625 0.72890625 0.05390625 0.1421875