0 0.3375 0.896875 0.1703125 0.14375
0 0.3375 0.753125 0.171875 0.1421875
0 0.33671875 0.6109375 0.1734375 0.146875
0 0.3328125 0.471875 0.175 0.1421875
0 0.3359375 0.3078125 0.171875 0.1859375
0 0.33046875 0.1296875 0.1640625 0.18125
0 0.5 0.09140625 0.175 0.15
0 0.50546875 0.23984375 0.16875 0.15625
0 0.50390625 0.38046875 0.16875 0.146875
0 0.50703125 0.52109375 0.1703125 0.1421875
0 0.50234375 0.6890625 0.165625 0.18125
0 0.50625 0.87421875 0.1640625 0.196875
0 0.6734375 0.8984375 0.1703125 0.1546875
0 0.671875 0.75859375 0.175 0.1390625
0 0.67265625 0.61171875 0.1734375 0.1375
0 0.671875 0.46953125 0.16875 0.140625
0 0.6703125 0.30234375 0.1703125 0.19375
0 0.671875 0.115625 0.165625 0.196875
0 0.84296875 0.084375 0.178125 0.1546875
0 0.84375 0.228125 0.1796875 0.15
0 0.8421875 0.3703125 0.1734375 0.1375
0 0.84453125 0.5109375 0.175 0.15
0 0.84765625 0.684375 0.175 0.19375
0 0.846875 0.87421875 0.175 0.2