0 0.771875 0.24375 0.1078125 0.090625
0 0.75 0.3328125 0.153125 0.0875
0 0.76953125 0.41640625 0.10625 0.0859375
0 0.61640625 0.3359375 0.10625 0.0875
0 0.55078125 0.2484375 0.10625 0.0875
0 0.3 0.34296875 0.10625 0.084375
0 0.734375 0.15390625 0.146875 0.09375
0 0.6046875 0.15703125 0.1046875 0.09375
0 0.74375 0.57578125 0.1453125 0.084375
0 0.34140625 0.25703125 0.10625 0.0859375
0 0.4515625 0.42421875 0.103125 0.084375
0 0.2140625 0.25859375 0.146875 0.0875
0 0.2265625 0.42734375 0.153125 0.084375
0 0.44765625 0.2546875 0.10625 0.0875
0 0.66328125 0.2453125 0.10625 0.090625
0 0.55625 0.4203125 0.10625 0.084375
0 0.20703125 0.5875 0.1046875 0.084375
0 0.6625 0.41875 0.10625 0.0859375
0 0.3109375 0.58671875 0.103125 0.0875
0 0.74140625 0.5015625 0.14375 0.08125
0 0.309375 0.50390625 0.1 0.0828125
0 0.19609375 0.3421875 0.10625 0.084375
0 0.615625 0.50390625 0.103125 0.08125
0 0.415625 0.58515625 0.103125 0.08125
0 0.51640625 0.33984375 0.10625 0.0859375
0 0.40546875 0.50859375 0.103125 0.084375
0 0.50859375 0.50625 0.103125 0.0828125
0 0.29375 0.18046875 0.0984375 0.0828125
0 0.5 0.17109375 0.103125 0.0875
0 0.39453125 0.17265625 0.1046875 0.090625
0 0.35390625 0.42734375 0.1015625 0.084375
0 0.61640625 0.5796875 0.103125 0.0828125
0 0.20625 0.5046875 0.10625 0.08125
0 0.5171875 0.58046875 0.1015625 0.08125
0 0.409375 0.33984375 0.1 0.0875
0 0.1921875 0.1828125 0.103125 0.084375