0 0.7203125 0.68125 0.103125 0.19375
0 0.77890625 0.175 0.096875 0.153125
0 0.4265625 0.88515625 0.115625 0.209375
0 0.60859375 0.17265625 0.09375 0.159375
0 0.528125 0.6765625 0.1046875 0.19375
0 0.8234375 0.67578125 0.10625 0.184375
0 0.42890625 0.6859375 0.109375 0.19375
0 0.525 0.8828125 0.109375 0.2078125
0 0.63046875 0.68359375 0.10625 0.19375
0 0.32890625 0.5046875 0.103125 0.175
0 0.69921875 0.3328125 0.09375 0.1625
0 0.33359375 0.175 0.0984375 0.159375
0 0.4265625 0.17421875 0.09375 0.15625
0 0.428125 0.49921875 0.103125 0.178125
0 0.31875 0.6875 0.109375 0.19375
0 0.615625 0.32890625 0.096875 0.165625
0 0.51875 0.1703125 0.096875 0.1625
0 0.521875 0.32890625 0.096875 0.1671875
0 0.20546875 0.75625 0.140625 0.146875
0 0.42734375 0.33125 0.0984375 0.165625
0 0.68984375 0.178125 0.0890625 0.1546875
0 0.33203125 0.334375 0.1 0.165625
0 0.2328125 0.37421875 0.1 0.1140625
0 0.5265625 0.496875 0.103125 0.175
0 0.78828125 0.33203125 0.0953125 0.159375
0 0.72890625 0.875 0.109375 0.20625
0 0.2296875 0.4984375 0.1046875 0.1203125
0 0.715625 0.4984375 0.0984375 0.175
0 0.83125 0.85625 0.10625 0.2015625
0 0.79921875 0.49296875 0.1 0.16875
0 0.2359375 0.26953125 0.096875 0.1078125
0 0.63046875 0.86953125 0.109375 0.209375
0 0.22421875 0.62265625 0.1109375 0.128125
0 0.1953125 0.915625 0.146875 0.1625
0 0.621875 0.50078125 0.096875 0.175
0 0.31640625 0.88046875 0.115625 0.2203125
0 0.23828125 0.1515625 0.096875 0.115625