0 0.196875 0.225 0.1953125 0.090625
0 0.19140625 0.3265625 0.2 0.1
0 0.19609375 0.4296875 0.19375 0.103125
0 0.19765625 0.53203125 0.190625 0.1078125
0 0.19453125 0.62734375 0.1828125 0.109375
0 0.36640625 0.28671875 0.134375 0.171875
0 0.50703125 0.28046875 0.140625 0.178125
0 0.65859375 0.2703125 0.15625 0.190625
0 0.8296875 0.26171875 0.175 0.190625
0 0.825 0.44609375 0.178125 0.184375
0 0.6546875 0.4484375 0.1609375 0.178125
0 0.50546875 0.45 0.14375 0.171875
0 0.3640625 0.45 0.134375 0.1640625
0 0.35390625 0.61484375 0.140625 0.16875
0 0.496875 0.61796875 0.15 0.175
0 0.65 0.62578125 0.1625 0.1828125
0 0.8203125 0.63046875 0.175 0.190625
0 0.82578125 0.81171875 0.1421875 0.196875
0 0.69296875 0.8046875 0.103125 0.19375
0 0.5625 0.79375 0.153125 0.1875
0 0.409375 0.78046875 0.1375 0.184375
0 0.2765625 0.7640625 0.125 0.16875
0 0.153125 0.75390625 0.125 0.1671875