0 0.3203125 0.87734375 0.0890625 0.159375
0 0.71796875 0.9171875 0.128125 0.1546875
0 0.3671875 0.7296875 0.1078125 0.1125
0 0.48046875 0.70546875 0.121875 0.184375
0 0.16015625 0.69765625 0.115625 0.153125
0 0.721875 0.07890625 0.1125 0.121875
0 0.7109375 0.7625 0.128125 0.1390625
0 0.6 0.35 0.1140625 0.140625
0 0.48203125 0.53359375 0.109375 0.1671875
0 0.609375 0.21171875 0.1109375 0.128125
0 0.5 0.2171875 0.1109375 0.13125
0 0.50859375 0.1 0.10625 0.109375
0 0.3890625 0.31796875 0.1 0.096875
0 0.41484375 0.2 0.075 0.125
0 0.6140625 0.08359375 0.10625 0.125
0 0.70546875 0.49453125 0.11875 0.125
0 0.590625 0.6984375 0.1171875 0.184375
0 0.340625 0.1984375 0.0765625 0.121875
0 0.71328125 0.2125 0.1125 0.13125
0 0.59765625 0.50859375 0.1125 0.16875
0 0.37265625 0.62109375 0.1046875 0.109375
0 0.7078125 0.62421875 0.121875 0.128125
0 0.3890625 0.41953125 0.1 0.1
0 0.38515625 0.5140625 0.1015625 0.103125
0 0.17265625 0.5546875 0.10625 0.140625
0 0.48515625 0.365625 0.10625 0.159375
0 0.2015625 0.19765625 0.0765625 0.11875
0 0.58671875 0.89609375 0.128125 0.16875
0 0.26640625 0.72890625 0.1078125 0.1125
0 0.184375 0.43203125 0.1 0.1
0 0.14765625 0.85703125 0.125 0.159375
0 0.42421875 0.0828125 0.078125 0.11875
0 0.28515625 0.4140625 0.1 0.103125
0 0.70546875 0.35078125 0.115625 0.1375
0 0.296875 0.3140625 0.1 0.096875
0 0.19921875 0.32265625 0.1 0.096875
0 0.26953125 0.62265625 0.1046875 0.10625
0 0.34921875 0.084375 0.075 0.1171875
0 0.28359375 0.51640625 0.1046875 0.10625
0 0.40625 0.88203125 0.084375 0.159375
0 0.26953125 0.20625 0.071875 0.11875
0 0.484375 0.89140625 0.0921875 0.1609375
0 0.2359375 0.8671875 0.0875 0.1546875
0 0.2140625 0.0859375 0.0796875 0.1125
0 0.2796875 0.0875 0.075 0.11875