0 0.49296875 0.43046875 0.10625 0.109375
0 0.4921875 0.53671875 0.109375 0.109375
0 0.49140625 0.646875 0.1125 0.115625
0 0.61484375 0.5484375 0.1375 0.10625
0 0.61953125 0.6453125 0.1546875 0.084375
0 0.63828125 0.33515625 0.10625 0.103125
0 0.609375 0.440625 0.134375 0.103125
0 0.4078125 0.365625 0.078125 0.05
0 0.5109375 0.3328125 0.140625 0.0765625
0 0.42421875 0.23515625 0.103125 0.1
0 0.40546875 0.465625 0.0765625 0.05
0 0.40703125 0.41953125 0.078125 0.05
0 0.4046875 0.5203125 0.0765625 0.05
0 0.32890625 0.4203125 0.071875 0.046875
0 0.3265625 0.465625 0.075 0.05
0 0.33125 0.3203125 0.071875 0.05
0 0.53203125 0.2375 0.125 0.1015625
0 0.325 0.51953125 0.0734375 0.05
0 0.41015625 0.31796875 0.078125 0.053125
0 0.40390625 0.56796875 0.078125 0.05
0 0.2484375 0.51796875 0.0734375 0.046875
0 0.25703125 0.26875 0.071875 0.046875
0 0.40234375 0.6734375 0.078125 0.0546875
0 0.66015625 0.23046875 0.128125 0.103125
0 0.25390625 0.3671875 0.065625 0.05
0 0.3203125 0.6703125 0.078125 0.053125
0 0.4015625 0.615625 0.0796875 0.0515625
0 0.321875 0.6140625 0.075 0.05
0 0.32421875 0.56640625 0.075 0.0515625
0 0.32890625 0.3671875 0.071875 0.05
0 0.2546875 0.321875 0.071875 0.05
0 0.17265625 0.46484375 0.06875 0.05
0 0.2453125 0.5640625 0.075 0.053125
0 0.33359375 0.2671875 0.071875 0.0484375
0 0.25 0.46484375 0.071875 0.05
0 0.17109375 0.5171875 0.071875 0.05
0 0.16640625 0.609375 0.0734375 0.05
0 0.24375 0.6125 0.075 0.0515625
0 0.17265625 0.56328125 0.071875 0.05
0 0.25234375 0.4203125 0.06875 0.0484375
0 0.1875 0.3234375 0.071875 0.0484375
0 0.18671875 0.36796875 0.0734375 0.0484375
0 0.175 0.41953125 0.0703125 0.05
0 0.33515625 0.22265625 0.071875 0.046875
0 0.16796875 0.66328125 0.084375 0.05
0 0.19140625 0.27109375 0.071875 0.0484375
0 0.19453125 0.2296875 0.071875 0.04375
0 0.26015625 0.22578125 0.075 0.0453125
0 0.24375 0.66640625 0.084375 0.059375