0 0.22734375 0.45625 0.071875 0.0703125
0 0.37265625 0.31015625 0.0765625 0.07421875
0 0.8859375 0.29375 0.09375 0.0875
0 0.3015625 0.52734375 0.071875 0.06875
0 0.884375 0.37421875 0.09296875 0.08359375
0 0.459375 0.66953125 0.07734375 0.07265625
0 0.696875 0.38203125 0.0890625 0.07890625
0 0.15546875 0.3875 0.06875 0.0703125
0 0.89609375 0.53984375 0.1 0.0796875
0 0.53046875 0.45859375 0.078125 0.0734375
0 0.7 0.7578125 0.08203125 0.0765625
0 0.3 0.45703125 0.07265625 0.0703125
0 0.60625 0.384375 0.08203125 0.0765625
0 0.78515625 0.29921875 0.090625 0.0859375
0 0.1 0.58515625 0.06484375 0.06484375
0 0.60859375 0.3078125 0.084375 0.08046875
0 0.3 0.5953125 0.071875 0.06796875
0 0.2296875 0.5234375 0.071875 0.0671875
0 0.69609375 0.4609375 0.08671875 0.07734375
0 0.528125 0.30625 0.0796875 0.07890625
0 0.44921875 0.4578125 0.07890625 0.0734375
0 0.54296875 0.6734375 0.07734375 0.071875
0 0.8671875 0.84453125 0.090625 0.07734375
0 0.61875 0.53515625 0.08515625 0.07265625
0 0.5265625 0.384375 0.078125 0.0765625
0 0.69453125 0.303125 0.0875 0.08125
0 0.37421875 0.4578125 0.07421875 0.06953125
0 0.790625 0.6859375 0.08828125 0.07734375
0 0.7875 0.3765625 0.09296875 0.08125
0 0.37578125 0.528125 0.07421875 0.0703125
0 0.78828125 0.459375 0.09296875 0.08125
0 0.61484375 0.7515625 0.07734375 0.07265625
0 0.5484375 0.5984375 0.0765625 0.071875
0 0.778125 0.834375 0.0859375 0.07578125
0 0.53984375 0.7484375 0.07890625 0.0703125
0 0.22265625 0.31328125 0.07109375 0.07265625
0 0.46640625 0.596875 0.07421875 0.07109375
0 0.89375 0.61328125 0.09609375 0.078125
0 0.69140625 0.83046875 0.08359375 0.071875
0 0.70390625 0.68359375 0.08203125 0.07421875
0 0.78515625 0.76328125 0.0859375 0.07734375
0 0.29140625 0.3109375 0.071875 0.07421875
0 0.8828125 0.45859375 0.09453125 0.0828125
0 0.7046875 0.5375 0.08828125 0.0765625
0 0.60859375 0.45859375 0.0859375 0.07421875
0 0.225 0.3859375 0.071875 0.07109375
0 0.45703125 0.53125 0.0765625 0.0703125
0 0.3078125 0.73046875 0.06796875 0.06875
0 0.70859375 0.6109375 0.0859375 0.07734375
0 0.09453125 0.45625 0.06484375 0.06875
0 0.30703125 0.7921875 0.06875 0.065625
0 0.7953125 0.5375 0.090625 0.07734375
0 0.16484375 0.58671875 0.06796875 0.0671875
0 0.23515625 0.72265625 0.06484375 0.0671875
0 0.29453125 0.38671875 0.07265625 0.07265625
0 0.0890625 0.31875 0.0625 0.0671875
0 0.29921875 0.66171875 0.06875 0.0671875
0 0.62421875 0.67578125 0.08203125 0.0734375
0 0.62578125 0.6015625 0.08046875 0.07265625
0 0.1625 0.65546875 0.06796875 0.06640625
0 0.3703125 0.38671875 0.0734375 0.075
0 0.15859375 0.52421875 0.06796875 0.0671875
0 0.53828125 0.53359375 0.08046875 0.071875
0 0.6140625 0.82109375 0.075 0.07109375
0 0.37265625 0.7375 0.0703125 0.0703125
0 0.0953125 0.521875 0.0671875 0.06640625
0 0.37265625 0.79921875 0.06953125 0.06796875
0 0.15546875 0.45546875 0.06796875 0.06953125
0 0.38046875 0.59375 0.0875 0.0703125
0 0.16640625 0.72109375 0.07109375 0.06640625
0 0.4578125 0.74296875 0.075 0.06875
0 0.87109375 0.7671875 0.0890625 0.07578125
0 0.10625 0.77890625 0.0671875 0.06328125
0 0.3734375 0.66640625 0.0734375 0.06953125
0 0.234375 0.5890625 0.0703125 0.0671875
0 0.09921875 0.65234375 0.0640625 0.06640625
0 0.44765625 0.384375 0.0796875 0.075
0 0.23515625 0.65625 0.06484375 0.0671875
0 0.8828125 0.6921875 0.0953125 0.0765625
0 0.53984375 0.8140625 0.08125 0.06875
0 0.45078125 0.3125 0.0765625 0.078125
0 0.16796875 0.78359375 0.06328125 0.06171875
0 0.1515625 0.3171875 0.06875 0.0703125
0 0.796875 0.609375 0.0890625 0.07734375
0 0.4515625 0.809375 0.07578125 0.0703125
0 0.09296875 0.38515625 0.06171875 0.06953125
0 0.0984375 0.7140625 0.0609375 0.06484375
0 0.23515625 0.78828125 0.06796875 0.065625
0 0.9359375 0.453125 0.028125 0.07734375
0 0.9390625 0.371875 0.03125 0.0828125