0 0.1421875 0.26484375 0.096875 0.2125
0 0.225 0.27734375 0.0953125 0.2234375
0 0.3140625 0.2890625 0.09921875 0.23046875
0 0.42109375 0.30625 0.103125 0.23203125
0 0.5328125 0.32421875 0.10546875 0.24296875
0 0.6625 0.27578125 0.13359375 0.23203125
0 0.821875 0.303125 0.16484375 0.240625
0 0.16953125 0.45859375 0.11875 0.20546875
0 0.2859375 0.48515625 0.12578125 0.215625
0 0.403125 0.49765625 0.11484375 0.190625
0 0.515625 0.521875 0.11328125 0.209375
0 0.6484375 0.5140625 0.12734375 0.271875
0 0.7921875 0.54296875 0.1671875 0.2859375
0 0.1828125 0.6328125 0.11640625 0.2015625
0 0.29375 0.66171875 0.121875 0.209375
0 0.4046875 0.68125 0.1078125 0.2375
0 0.5140625 0.7140625 0.11015625 0.246875
0 0.634375 0.75546875 0.1234375 0.26640625
0 0.76953125 0.784375 0.140625 0.2609375