0 0.85625 0.32421875 0.19609375 0.16875
0 0.6671875 0.33515625 0.18203125 0.165625
0 0.46328125 0.4890625 0.128125 0.16015625
0 0.88515625 0.82265625 0.153125 0.17578125
0 0.67578125 0.6515625 0.190625 0.16640625
0 0.51484375 0.32890625 0.13125 0.16640625
0 0.74296875 0.4921875 0.14375 0.16875
0 0.5984375 0.49296875 0.134375 0.165625
0 0.3703125 0.6484375 0.13203125 0.1625
0 0.325 0.803125 0.159375 0.15703125
0 0.24375 0.64609375 0.12265625 0.15625
0 0.30078125 0.490625 0.17421875 0.1546875
0 0.74375 0.81640625 0.1421875 0.17109375
0 0.58125 0.1984375 0.21484375 0.109375
0 0.859375 0.6546875 0.196875 0.16640625
0 0.3765625 0.340625 0.13125 0.1546875
0 0.50546875 0.6453125 0.13125 0.16015625
0 0.14453125 0.490625 0.153125 0.15390625
0 0.47109375 0.79453125 0.13046875 0.1609375
0 0.60234375 0.8015625 0.134375 0.1671875
0 0.1796875 0.78671875 0.15625 0.146875
0 0.8875 0.48828125 0.1578125 0.178125
0 0.12890625 0.6390625 0.11953125 0.1546875
0 0.24921875 0.3390625 0.12578125 0.159375
0 0.38828125 0.21953125 0.16015625 0.09921875
0 0.82578125 0.19296875 0.24765625 0.115625
0 0.090625 0.3375 0.18046875 0.1609375