0 0.21171875 0.2515625 0.13984375 0.11171875
0 0.34609375 0.265625 0.1328125 0.11484375
0 0.475 0.271875 0.1171875 0.10390625
0 0.584375 0.28203125 0.10625 0.1
0 0.2125 0.35859375 0.14140625 0.1078125
0 0.3515625 0.36328125 0.12890625 0.11171875
0 0.47265625 0.3640625 0.1203125 0.1
0 0.5859375 0.3703125 0.10625 0.0921875
0 0.21484375 0.45546875 0.13671875 0.1015625
0 0.34921875 0.45859375 0.13125 0.09609375
0 0.4765625 0.4609375 0.12421875 0.09921875
0 0.58828125 0.4625 0.11328125 0.09375
0 0.2171875 0.56015625 0.13984375 0.1015625
0 0.3515625 0.55546875 0.12578125 0.0921875
0 0.4734375 0.55234375 0.11171875 0.09609375
0 0.58828125 0.553125 0.10625 0.0921875
0 0.21640625 0.659375 0.134375 0.09765625
0 0.35390625 0.65390625 0.12734375 0.09921875
0 0.471875 0.64453125 0.121875 0.09140625
0 0.58828125 0.64296875 0.11328125 0.0859375
0 0.21328125 0.76171875 0.13984375 0.09921875
0 0.35 0.753125 0.12578125 0.0953125
0 0.475 0.74140625 0.1203125 0.0953125
0 0.59140625 0.73046875 0.11328125 0.08828125
0 0.21484375 0.86796875 0.14375 0.09765625
0 0.346875 0.853125 0.13828125 0.109375
0 0.4734375 0.83828125 0.11875 0.1015625
0 0.5921875 0.825 0.11875 0.0875
0 0.69609375 0.284375 0.08828125 0.0953125
0 0.78515625 0.290625 0.08671875 0.09140625
0 0.8703125 0.29765625 0.0796875 0.08984375
0 0.69375 0.3734375 0.090625 0.09140625
0 0.78671875 0.37578125 0.08515625 0.08984375
0 0.875 0.38046875 0.08125 0.0859375
0 0.6921875 0.46015625 0.08828125 0.08984375
0 0.78828125 0.46171875 0.08828125 0.084375
0 0.86953125 0.4625 0.08125 0.0859375
0 0.69375 0.55 0.09375 0.0875
0 0.7890625 0.546875 0.08671875 0.08046875
0 0.87109375 0.5453125 0.078125 0.08359375
0 0.69453125 0.63671875 0.09921875 0.0859375
0 0.78515625 0.63515625 0.08671875 0.0859375
0 0.8703125 0.6296875 0.0796875 0.0765625
0 0.6984375 0.72421875 0.090625 0.0859375
0 0.78984375 0.7203125 0.08125 0.08359375
0 0.8703125 0.71171875 0.08359375 0.084375
0 0.70078125 0.81875 0.09375 0.09609375
0 0.79375 0.80625 0.08125 0.078125
0 0.87578125 0.7984375 0.090625 0.08203125