0 0.34609375 0.5953125 0.16875 0.140625
0 0.3296875 0.7484375 0.1875 0.16875
0 0.49921875 0.76796875 0.1859375 0.171875
0 0.17421875 0.73125 0.1875 0.1609375
0 0.51875 0.36640625 0.14375 0.109375
0 0.3640625 0.4671875 0.1515625 0.11875
0 0.22109375 0.4578125 0.159375 0.115625
0 0.51171875 0.4796875 0.15625 0.121875
0 0.6796875 0.628125 0.1859375 0.15
0 0.38046875 0.3609375 0.146875 0.1046875
0 0.67265625 0.48671875 0.16875 0.125
0 0.2 0.58203125 0.175 0.13125
0 0.6859375 0.78984375 0.1953125 0.1765625
0 0.246875 0.3515625 0.1515625 0.1
0 0.67265625 0.365625 0.159375 0.109375
0 0.50859375 0.60703125 0.171875 0.146875
0 0.525 0.25546875 0.128125 0.1109375
0 0.6578125 0.2609375 0.1375 0.1125
0 0.528125 0.14921875 0.1203125 0.109375
0 0.41640625 0.14609375 0.121875 0.103125
0 0.40078125 0.259375 0.1359375 0.1109375
0 0.2859375 0.2578125 0.125 0.09375
0 0.65390625 0.14296875 0.128125 0.115625
0 0.3015625 0.1640625 0.1140625 0.1109375
0 0.86484375 0.63828125 0.196875 0.1625
0 0.8328125 0.34375 0.1578125 0.115625
0 0.85234375 0.47578125 0.1734375 0.1421875
0 0.896875 0.8 0.190625 0.190625