0 0.2140625 0.70625 0.103125 0.128125
0 0.315625 0.70625 0.08125 0.134375
0 0.4296875 0.7140625 0.15625 0.128125
0 0.25859375 0.609375 0.221875 0.05
0 0.24453125 0.546875 0.228125 0.0703125
0 0.240625 0.471875 0.240625 0.0796875
0 0.2296875 0.39765625 0.24375 0.071875
0 0.21953125 0.325 0.2515625 0.08125
0 0.2109375 0.2390625 0.25625 0.1
0 0.4359375 0.61171875 0.1375 0.06875
0 0.43359375 0.5390625 0.140625 0.075
0 0.43203125 0.44609375 0.1484375 0.109375
0 0.42734375 0.328125 0.153125 0.11875
0 0.41953125 0.22109375 0.159375 0.0953125
0 0.57578125 0.76953125 0.14375 0.0671875
0 0.57890625 0.68359375 0.1484375 0.096875
0 0.58046875 0.5828125 0.1484375 0.096875
0 0.58125 0.478125 0.1546875 0.109375
0 0.58515625 0.3640625 0.1625 0.1171875
0 0.590625 0.2390625 0.165625 0.134375
0 0.7171875 0.7859375 0.1484375 0.04375
0 0.72109375 0.7125 0.153125 0.0875
0 0.73046875 0.61796875 0.15625 0.0921875
0 0.7375 0.5171875 0.1703125 0.103125
0 0.746875 0.4234375 0.184375 0.0828125
0 0.7515625 0.353125 0.175 0.0640625
0 0.75859375 0.2875 0.184375 0.065625
0 0.7609375 0.21328125 0.18125 0.0921875