0 0.25859375 0.19296875 0.1 0.14453125
0 0.359375 0.165625 0.09921875 0.12890625
0 0.46875 0.13515625 0.11171875 0.134375
0 0.578125 0.11796875 0.10625 0.15
0 0.6921875 0.08515625 0.1140625 0.14296875
0 0.21171875 0.3421875 0.059375 0.14296875
0 0.2796875 0.334375 0.06328125 0.153125
0 0.3453125 0.30390625 0.07265625 0.15546875
0 0.421875 0.2953125 0.0765625 0.159375
0 0.50234375 0.28671875 0.0875 0.17109375
0 0.59296875 0.2703125 0.096875 0.18203125
0 0.6921875 0.25390625 0.10703125 0.1890625
0 0.21875 0.4828125 0.06875 0.1375
0 0.29375 0.48046875 0.071875 0.15
0 0.375 0.46875 0.0828125 0.1734375
0 0.46796875 0.46484375 0.0921875 0.17890625
0 0.5703125 0.459375 0.11015625 0.1859375
0 0.68125 0.4515625 0.11953125 0.19453125
0 0.7953125 0.22109375 0.09609375 0.36640625
0 0.7953125 0.590625 0.09296875 0.36640625
0 0.7828125 0.88203125 0.13515625 0.2359375
0 0.68125 0.659375 0.12734375 0.2109375
0 0.5625 0.653125 0.1046875 0.2
0 0.4625 0.64921875 0.09453125 0.19296875
0 0.3703125 0.64375 0.08515625 0.17890625
0 0.2796875 0.6390625 0.0859375 0.16953125
0 0.203125 0.634375 0.07421875 0.1625
0 0.19921875 0.8015625 0.0828125 0.178125
0 0.290625 0.81484375 0.09453125 0.1875
0 0.4015625 0.8328125 0.1046875 0.209375
0 0.5203125 0.85234375 0.12109375 0.215625
0 0.6484375 0.865625 0.13359375 0.23203125