0 0.74453125 0.84609375 0.1625 0.1140625
0 0.58046875 0.44609375 0.1828125 0.1453125
0 0.58359375 0.8375 0.153125 0.125
0 0.75625 0.584375 0.1875 0.15625
0 0.40546875 0.25 0.13125 0.26875
0 0.578125 0.5828125 0.1703125 0.13125
0 0.43359375 0.83515625 0.146875 0.1
0 0.41484375 0.4671875 0.178125 0.14375
0 0.42109375 0.603125 0.159375 0.128125
0 0.43203125 0.72109375 0.1515625 0.1125
0 0.58125 0.7078125 0.1625 0.1234375
0 0.77734375 0.434375 0.2125 0.159375
0 0.25390625 0.471875 0.171875 0.1375
0 0.27734375 0.60234375 0.159375 0.1234375
0 0.74609375 0.72734375 0.1734375 0.1234375
0 0.54921875 0.21875 0.15 0.30625
0 0.3 0.71796875 0.15625 0.109375
0 0.70390625 0.18203125 0.165625 0.3625
0 0.19140625 0.27265625 0.146875 0.25
0 0.3078125 0.79921875 0.1578125 0.159375
0 0.30703125 0.25859375 0.140625 0.275
0 0.85 0.2015625 0.184375 0.315625