0 0.14765625 0.8296875 0.1015625 0.034375
0 0.146875 0.79296875 0.10625 0.0328125
0 0.15078125 0.75625 0.10625 0.0328125
0 0.146875 0.71875 0.10625 0.0359375
0 0.14375 0.68203125 0.109375 0.0375
0 0.140625 0.6421875 0.10625 0.0359375
0 0.140625 0.603125 0.10625 0.0328125
0 0.1234375 0.55625 0.075 0.053125
0 0.12109375 0.503125 0.075 0.053125
0 0.109375 0.4515625 0.08125 0.053125
0 0.10078125 0.3953125 0.078125 0.05625
0 0.09453125 0.3296875 0.084375 0.05625
0 0.09140625 0.271875 0.08125 0.05625
0 0.08984375 0.21484375 0.084375 0.059375
0 0.18203125 0.153125 0.115625 0.040625
0 0.18828125 0.1953125 0.115625 0.0375
0 0.19140625 0.2359375 0.1140625 0.0453125
0 0.19453125 0.2796875 0.11875 0.040625
0 0.19453125 0.32109375 0.1140625 0.040625
0 0.19453125 0.36328125 0.1140625 0.0390625
0 0.196875 0.40625 0.109375 0.040625
0 0.20703125 0.44765625 0.109375 0.0421875
0 0.21328125 0.4890625 0.10625 0.0375
0 0.2203125 0.528125 0.1125 0.0375
0 0.221875 0.56796875 0.109375 0.0359375
0 0.253125 0.61015625 0.109375 0.0359375
0 0.253125 0.6484375 0.103125 0.040625
0 0.253125 0.6890625 0.1015625 0.0375
0 0.25546875 0.7265625 0.103125 0.0375
0 0.25625 0.76328125 0.1015625 0.0359375
0 0.253125 0.8015625 0.103125 0.0375
0 0.25390625 0.8390625 0.10625 0.034375
0 0.3625 0.84375 0.10625 0.0375
0 0.36171875 0.80625 0.109375 0.034375
0 0.36328125 0.7671875 0.109375 0.034375
0 0.36171875 0.73125 0.1125 0.0390625
0 0.3625 0.690625 0.1109375 0.040625
0 0.359375 0.65 0.1109375 0.040625
0 0.36484375 0.61171875 0.1125 0.0375
0 0.3328125 0.571875 0.115625 0.040625
0 0.33203125 0.53125 0.1109375 0.040625
0 0.32578125 0.490625 0.10625 0.040625
0 0.321875 0.44921875 0.115625 0.0375
0 0.3171875 0.409375 0.11875 0.04375
0 0.31171875 0.3640625 0.115625 0.04375
0 0.31015625 0.3234375 0.11875 0.0453125
0 0.3078125 0.28046875 0.121875 0.04375
0 0.30625 0.2359375 0.121875 0.046875
0 0.303125 0.1921875 0.115625 0.04375
0 0.29921875 0.14921875 0.11875 0.05
0 0.41796875 0.14609375 0.11875 0.0484375
0 0.41953125 0.1890625 0.115625 0.046875
0 0.421875 0.234375 0.1140625 0.04375
0 0.425 0.278125 0.1140625 0.046875
0 0.42421875 0.3234375 0.1125 0.046875
0 0.42890625 0.3640625 0.1109375 0.04375
0 0.4296875 0.40703125 0.109375 0.0453125
0 0.4359375 0.45 0.115625 0.04375
0 0.43828125 0.4890625 0.109375 0.040625
0 0.44375 0.53046875 0.103125 0.0453125
0 0.4421875 0.571875 0.10625 0.0375
0 0.4703125 0.6140625 0.115625 0.0375
0 0.471875 0.6515625 0.1109375 0.040625
0 0.471875 0.69375 0.109375 0.040625
0 0.4734375 0.73359375 0.103125 0.040625
0 0.47265625 0.771875 0.10625 0.040625
0 0.471875 0.809375 0.10625 0.0390625
0 0.4703125 0.8484375 0.10625 0.034375
0 0.58125 0.85 0.1125 0.034375
0 0.5828125 0.809375 0.1125 0.040625
0 0.58203125 0.7734375 0.1140625 0.040625
0 0.5828125 0.73359375 0.115625 0.0375
0 0.584375 0.69453125 0.11875 0.0390625
0 0.5875 0.6546875 0.115625 0.040625
0 0.58203125 0.615625 0.11875 0.040625
0 0.5328125 0.5609375 0.071875 0.0640625
0 0.53046875 0.496875 0.06875 0.065625
0 0.52578125 0.428125 0.06875 0.06875
0 0.521875 0.3578125 0.06875 0.06875
0 0.51953125 0.2890625 0.071875 0.065625
0 0.53984375 0.23203125 0.11875 0.046875
0 0.53671875 0.1875 0.11875 0.05
0 0.534375 0.1390625 0.121875 0.05
0 0.653125 0.1375 0.11875 0.046875
0 0.65859375 0.1875 0.121875 0.046875
0 0.65703125 0.23125 0.125 0.046875
0 0.61796875 0.275 0.121875 0.04375
0 0.615625 0.3203125 0.11875 0.05
0 0.6171875 0.365625 0.11875 0.046875
0 0.61640625 0.4078125 0.115625 0.040625
0 0.61953125 0.45078125 0.115625 0.0453125
0 0.621875 0.4921875 0.11875 0.04375
0 0.625 0.5328125 0.10625 0.04375
0 0.62265625 0.571875 0.1125 0.040625
0 0.690625 0.85234375 0.11875 0.0390625
0 0.69453125 0.8125 0.1140625 0.0421875
0 0.6953125 0.775 0.115625 0.0359375
0 0.6984375 0.7375 0.1140625 0.040625
0 0.70234375 0.696875 0.115625 0.0375
0 0.7015625 0.65625 0.1109375 0.040625
0 0.7015625 0.615625 0.115625 0.0375
0 0.73828125 0.5734375 0.121875 0.040625
0 0.7375 0.53125 0.11875 0.04375
0 0.7390625 0.4921875 0.115625 0.040625
0 0.7359375 0.4484375 0.11875 0.0421875
0 0.73515625 0.40625 0.1234375 0.040625
0 0.7359375 0.3640625 0.11875 0.04375
0 0.73828125 0.3203125 0.121875 0.046875
0 0.73984375 0.278125 0.128125 0.04375
0 0.77734375 0.2296875 0.1265625 0.05
0 0.78125 0.1828125 0.128125 0.04375
0 0.778125 0.1390625 0.121875 0.04375
0 0.903125 0.13828125 0.134375 0.0484375
0 0.90234375 0.18671875 0.121875 0.0453125
0 0.90625 0.2328125 0.1234375 0.04375
0 0.86328125 0.27734375 0.121875 0.0453125
0 0.859375 0.321875 0.134375 0.046875
0 0.8578125 0.3671875 0.1265625 0.0453125
0 0.85703125 0.41171875 0.125 0.04375
0 0.859375 0.4546875 0.1234375 0.040625
0 0.8609375 0.496875 0.128125 0.040625
0 0.8640625 0.5375 0.125 0.040625
0 0.859375 0.578125 0.1234375 0.04375
0 0.81640625 0.61875 0.115625 0.040625
0 0.815625 0.6609375 0.1109375 0.040625
0 0.93125 0.6609375 0.121875 0.04375
0 0.81171875 0.69921875 0.11875 0.040625
0 0.809375 0.7390625 0.1125 0.040625
0 0.80859375 0.775 0.109375 0.040625
0 0.809375 0.815625 0.10625 0.04375
0 0.809375 0.853125 0.115625 0.04375
0 0.92265625 0.8578125 0.11875 0.04375
0 0.921875 0.81875 0.13125 0.034375
0 0.9203125 0.78125 0.1265625 0.040625
0 0.92421875 0.7421875 0.128125 0.040625
0 0.9328125 0.703125 0.121875 0.04375
0 0.95625 0.578125 0.084375 0.1125
0 0.96015625 0.4578125 0.0734375 0.125
0 0.959375 0.3296875 0.0765625 0.134375