0 0.2578125 0.628125 0.0734375 0.075
0 0.2578125 0.55078125 0.07890625 0.07734375
0 0.571875 0.74375 0.0859375 0.08671875
0 0.66640625 0.66953125 0.08984375 0.08671875
0 0.18046875 0.46953125 0.0765625 0.07578125
0 0.8578125 0.68984375 0.1046875 0.08984375
0 0.85859375 0.77890625 0.10078125 0.09140625
0 0.7046875 0.34140625 0.09375 0.08359375
0 0.5015625 0.571875 0.08125 0.078125
0 0.3359375 0.6375 0.0796875 0.08125
0 0.771875 0.596875 0.09609375 0.0890625
0 0.253125 0.69765625 0.0734375 0.07578125
0 0.11328125 0.60703125 0.078125 0.07734375
0 0.89140625 0.4375 0.1078125 0.08984375
0 0.2578125 0.47421875 0.08125 0.07578125
0 0.52734375 0.33671875 0.08203125 0.0828125
0 0.19453125 0.40078125 0.07265625 0.0734375
0 0.75703125 0.68046875 0.09453125 0.09140625
0 0.034375 0.6734375 0.06875 0.0734375
0 0.7828125 0.51796875 0.1 0.08828125
0 0.871875 0.60546875 0.10390625 0.08984375
0 0.33671875 0.55859375 0.078125 0.08203125
0 0.41875 0.5640625 0.08359375 0.07890625
0 0.18203125 0.54453125 0.0765625 0.075
0 0.4890625 0.73359375 0.08203125 0.0859375
0 0.11015625 0.68203125 0.07265625 0.07734375
0 0.1875 0.62109375 0.0734375 0.075
0 0.6640625 0.75703125 0.09140625 0.090625
0 0.88203125 0.528125 0.10859375 0.0890625
0 0.6875 0.5140625 0.0921875 0.08671875
0 0.44453125 0.33515625 0.08203125 0.08046875
0 0.209375 0.32421875 0.07265625 0.07578125
0 0.10390625 0.5390625 0.0734375 0.0734375
0 0.61171875 0.34140625 0.0890625 0.08359375
0 0.79375 0.43515625 0.1 0.0890625
0 0.4125 0.72265625 0.0796875 0.07890625
0 0.9046875 0.3515625 0.1109375 0.08671875
0 0.26875 0.4015625 0.078125 0.07734375
0 0.675 0.5875 0.09375 0.0875
0 0.6953125 0.428125 0.09375 0.08515625
0 0.415625 0.64453125 0.08046875 0.0796875
0 0.10390625 0.75546875 0.06796875 0.07421875
0 0.3625 0.33125 0.07890625 0.078125
0 0.17890625 0.69140625 0.0765625 0.075
0 0.8046875 0.346875 0.1015625 0.0875
0 0.28203125 0.3265625 0.07578125 0.075
0 0.4921875 0.6515625 0.08125 0.08046875
0 0.7484375 0.93515625 0.09765625 0.09375
0 0.59375 0.50625 0.08984375 0.08203125
0 0.4046875 0.79453125 0.0796875 0.08203125
0 0.24453125 0.77421875 0.075 0.075
0 0.50390625 0.49921875 0.0875 0.078125
0 0.7609375 0.7671875 0.09609375 0.090625
0 0.03125 0.74765625 0.0625 0.0734375
0 0.4828125 0.8078125 0.0828125 0.08515625
0 0.575 0.6609375 0.0859375 0.08671875
0 0.58359375 0.58203125 0.08828125 0.0859375
0 0.03515625 0.59921875 0.06875 0.07421875
0 0.56796875 0.82734375 0.08515625 0.08359375
0 0.35 0.4046875 0.07734375 0.08125
0 0.10859375 0.46484375 0.0734375 0.07265625
0 0.11328125 0.39609375 0.07421875 0.07109375
0 0.4234375 0.49375 0.084375 0.07734375
0 0.65 0.91484375 0.0921875 0.09140625
0 0.51328125 0.41875 0.08515625 0.08125
0 0.6015625 0.4234375 0.09140625 0.08203125
0 0.3328125 0.70859375 0.08046875 0.08046875
0 0.86171875 0.86796875 0.1015625 0.0921875
0 0.12734375 0.32109375 0.06796875 0.0734375
0 0.65859375 0.8421875 0.0890625 0.0890625
0 0.03203125 0.534375 0.06328125 0.07421875
0 0.428125 0.4140625 0.08203125 0.0796875
0 0.475 0.88828125 0.0828125 0.08671875
0 0.340625 0.48125 0.0828125 0.0796875
0 0.321875 0.78828125 0.078125 0.08125
0 0.03671875 0.46171875 0.0625 0.071875
0 0.75390625 0.8546875 0.09609375 0.0921875
0 0.16953125 0.76640625 0.0671875 0.0765625
0 0.0984375 0.83125 0.065625 0.07421875
0 0.56328125 0.9015625 0.0859375 0.0875
0 0.0484375 0.3203125 0.06328125 0.0734375
0 0.39921875 0.87734375 0.08203125 0.0859375
0 0.85078125 0.953125 0.10625 0.09140625
0 0.23984375 0.85546875 0.07109375 0.07890625
0 0.16953125 0.84296875 0.07265625 0.07578125
0 0.31484375 0.86796875 0.08046875 0.08203125
0 0.025 0.81484375 0.05 0.0734375
0 0.040625 0.38828125 0.0640625 0.0703125