0 0.77421875 0.37734375 0.11875 0.09375
0 0.4484375 0.4578125 0.10625 0.084375
0 0.9 0.28984375 0.1328125 0.10625
0 0.5484375 0.2796875 0.1140625 0.1
0 0.91015625 0.175 0.1375 0.1125
0 0.5515625 0.371875 0.1125 0.0921875
0 0.66484375 0.05703125 0.128125 0.1125
0 0.78125 0.171875 0.13125 0.1125
0 0.925 0.0640625 0.14375 0.1203125
0 0.53828125 0.05703125 0.1265625 0.1140625
0 0.8625 0.64296875 0.1078125 0.078125
0 0.88515625 0.384375 0.128125 0.09375
0 0.77890625 0.28359375 0.1234375 0.103125
0 0.79296875 0.05859375 0.1375 0.115625
0 0.44375 0.36796875 0.109375 0.090625
0 0.54453125 0.16953125 0.121875 0.109375
0 0.30859375 0.16796875 0.121875 0.10625
0 0.65625 0.27421875 0.11875 0.103125
0 0.22109375 0.27890625 0.1125 0.0953125
0 0.65546875 0.375 0.115625 0.09375
0 0.65703125 0.1671875 0.121875 0.1125
0 0.346875 0.4515625 0.103125 0.084375
0 0.86953125 0.5640625 0.115625 0.0796875
0 0.55 0.459375 0.10625 0.0875
0 0.7625 0.47265625 0.1125 0.084375
0 0.4171875 0.0578125 0.121875 0.1140625
0 0.75625 0.6328125 0.10625 0.078125
0 0.30234375 0.0625 0.1203125 0.1125
0 0.334375 0.36171875 0.10625 0.090625
0 0.43125 0.275 0.115625 0.1
0 0.87890625 0.47734375 0.121875 0.0890625
0 0.75859375 0.55859375 0.109375 0.084375
0 0.14765625 0.45703125 0.10625 0.08125
0 0.32890625 0.26953125 0.115625 0.096875
0 0.55703125 0.62109375 0.1 0.0765625
0 0.85859375 0.72265625 0.109375 0.078125
0 0.56015625 0.77109375 0.09375 0.0703125
0 0.4625 0.6890625 0.09375 0.075
0 0.36171875 0.603125 0.09375 0.075
0 0.46796875 0.7921875 0.0921875 0.128125
0 0.65390625 0.84609375 0.09375 0.0671875
0 0.74296875 0.85390625 0.096875 0.06875
0 0.3546875 0.5359375 0.103125 0.078125
0 0.5578125 0.6984375 0.0953125 0.071875
0 0.55859375 0.84140625 0.09375 0.0625
0 0.27265625 0.6046875 0.096875 0.071875
0 0.3875 0.88359375 0.0875 0.065625
0 0.37265625 0.6796875 0.0921875 0.075
0 0.65234375 0.90625 0.090625 0.0625
0 0.42734375 0.1765625 0.11875 0.1078125
0 0.459375 0.61171875 0.096875 0.075
0 0.74296875 0.91484375 0.09375 0.0625
0 0.65546875 0.77578125 0.096875 0.06875
0 0.453125 0.54296875 0.103125 0.078125
0 0.83828125 0.86171875 0.096875 0.0625
0 0.653125 0.703125 0.1 0.075
0 0.20078125 0.16953125 0.121875 0.109375
0 0.24375 0.4515625 0.1015625 0.084375
0 0.5546875 0.54609375 0.103125 0.078125
0 0.84921875 0.79296875 0.1046875 0.06875
0 0.1296875 0.36796875 0.1125 0.090625
0 0.30859375 0.8765625 0.084375 0.0625
0 0.1125 0.2828125 0.1125 0.09375
0 0.83515625 0.92109375 0.096875 0.0625
0 0.38046875 0.8171875 0.0859375 0.0625
0 0.27578125 0.6796875 0.09375 0.0703125
0 0.37265625 0.75546875 0.0921875 0.0703125
0 0.75 0.784375 0.1 0.06875
0 0.25546875 0.5359375 0.1015625 0.078125
0 0.6546875 0.62734375 0.103125 0.078125
0 0.09609375 0.17265625 0.121875 0.10625
0 0.753125 0.715625 0.103125 0.078125
0 0.159375 0.54453125 0.103125 0.0875
0 0.23046875 0.36328125 0.109375 0.090625
0 0.2828125 0.75078125 0.0875 0.065625
0 0.47109375 0.89140625 0.0890625 0.065625
0 0.1984375 0.7515625 0.0890625 0.065625
0 0.18046875 0.6109375 0.090625 0.0625
0 0.5625 0.896875 0.0890625 0.0578125
0 0.21328125 0.81171875 0.090625 0.0609375
0 0.21875 0.8734375 0.0875 0.05625
0 0.6546875 0.55078125 0.10625 0.0828125
0 0.65625 0.4609375 0.109375 0.084375
0 0.184375 0.67890625 0.09375 0.06875
0 0.3 0.8109375 0.084375 0.0625
0 0.0703125 0.05 0.125 0.1
0 0.46875 0.83359375 0.090625 0.0578125
0 0.17734375 0.05234375 0.121875 0.1046875