0 0.053125 0.08828125 0.10625 0.1203125
0 0.15625 0.653125 0.10703125 0.115625
0 0.44609375 0.42734375 0.090625 0.1046875
0 0.2515625 0.75546875 0.09765625 0.11171875
0 0.35 0.4296875 0.09375 0.1078125
0 0.6921875 0.1359375 0.07578125 0.09765625
0 0.446875 0.63515625 0.08828125 0.103125
0 0.35234375 0.53515625 0.0921875 0.1046875
0 0.25390625 0.43125 0.1015625 0.1109375
0 0.35703125 0.32734375 0.09375 0.1078125
0 0.53671875 0.12578125 0.08203125 0.10703125
0 0.35625 0.115625 0.09140625 0.109375
0 0.35234375 0.640625 0.09296875 0.10703125
0 0.90703125 0.5125 0.06875 0.08984375
0 0.45078125 0.32578125 0.08671875 0.1046875
0 0.2609375 0.54140625 0.10078125 0.11015625
0 0.6140625 0.13125 0.07890625 0.1015625
0 0.53046875 0.73125 0.08203125 0.10234375
0 0.159375 0.0984375 0.10625 0.11875
0 0.4453125 0.5296875 0.0890625 0.1078125
0 0.2640625 0.6484375 0.09921875 0.1125
0 0.77109375 0.23515625 0.07109375 0.0953125
0 0.26171875 0.10546875 0.1 0.1140625
0 0.146875 0.20859375 0.10703125 0.1140625
0 0.1578125 0.54609375 0.10546875 0.11328125
0 0.7734375 0.140625 0.0734375 0.09609375
0 0.6140625 0.32890625 0.08203125 0.10078125
0 0.69375 0.2328125 0.078125 0.096875
0 0.04765625 0.321875 0.0953125 0.11796875
0 0.61328125 0.4265625 0.0828125 0.0984375
0 0.1484375 0.878125 0.10390625 0.11875
0 0.15078125 0.4328125 0.103125 0.11640625
0 0.046875 0.20703125 0.09296875 0.11953125
0 0.61015625 0.52421875 0.0765625 0.10078125
0 0.53515625 0.3265625 0.08125 0.1015625
0 0.7640625 0.60546875 0.06953125 0.09375
0 0.9125 0.33203125 0.075 0.0921875
0 0.85 0.14375 0.0703125 0.09609375
0 0.91328125 0.23828125 0.06953125 0.0890625
0 0.53359375 0.4265625 0.08359375 0.10078125
0 0.84609375 0.2375 0.07265625 0.09453125
0 0.0515625 0.55078125 0.103125 0.1171875
0 0.25234375 0.2203125 0.10390625 0.1125
0 0.05234375 0.66640625 0.1046875 0.121875
0 0.45234375 0.12109375 0.0859375 0.11171875
0 0.14921875 0.31953125 0.10703125 0.1171875
0 0.53359375 0.628125 0.08359375 0.103125
0 0.04921875 0.896875 0.0984375 0.1234375
0 0.046875 0.78203125 0.09375 0.1234375
0 0.61328125 0.62265625 0.0796875 0.1
0 0.35078125 0.2234375 0.09453125 0.1109375
0 0.8421875 0.421875 0.0703125 0.090625
0 0.76953125 0.3328125 0.06953125 0.0921875
0 0.0484375 0.43984375 0.096875 0.1203125
0 0.9140625 0.15078125 0.0703125 0.09296875
0 0.265625 0.32578125 0.103125 0.109375
0 0.25078125 0.865625 0.096875 0.1125
0 0.84296875 0.51328125 0.06796875 0.09296875
0 0.91015625 0.42265625 0.071875 0.09140625
0 0.690625 0.51953125 0.08125 0.0984375
0 0.44609375 0.225 0.09140625 0.10703125
0 0.4421875 0.7390625 0.0890625 0.10390625
0 0.69453125 0.33125 0.0765625 0.09609375
0 0.3484375 0.85390625 0.090625 0.1078125
0 0.9078125 0.596875 0.0671875 0.0921875
0 0.76796875 0.515625 0.07421875 0.09609375
0 0.15078125 0.771875 0.10703125 0.11484375
0 0.4390625 0.84375 0.08828125 0.103125
0 0.83125 0.69140625 0.06953125 0.0921875
0 0.7671875 0.42421875 0.07109375 0.09296875
0 0.6859375 0.7125 0.075 0.0953125
0 0.3515625 0.75 0.0921875 0.10859375
0 0.5359375 0.53046875 0.08359375 0.10234375
0 0.83984375 0.60078125 0.07265625 0.09375
0 0.690625 0.61484375 0.07421875 0.09609375
0 0.84375 0.3328125 0.06953125 0.08984375
0 0.53125 0.82890625 0.0828125 0.1015625
0 0.68984375 0.4234375 0.075 0.09296875
0 0.7640625 0.69921875 0.0703125 0.09140625
0 0.9015625 0.684375 0.06640625 0.0890625
0 0.534375 0.23203125 0.08515625 0.09921875
0 0.60859375 0.7234375 0.0765625 0.09921875
0 0.68515625 0.8046875 0.0734375 0.096875
0 0.90078125 0.77578125 0.05546875 0.08984375
0 0.6046875 0.8140625 0.078125 0.09765625
0 0.8421875 0.78359375 0.078125 0.09296875
0 0.76328125 0.79375 0.07421875 0.09296875
0 0.603125 0.2328125 0.10390625 0.1