0 0.54375 0.22734375 0.0703125 0.071875
0 0.68984375 0.37265625 0.075 0.0765625
0 0.70625 0.8859375 0.0875 0.09375
0 0.47265625 0.3015625 0.06875 0.071875
0 0.62578125 0.884375 0.084375 0.09375
0 0.33046875 0.459375 0.071875 0.078125
0 0.61796875 0.696875 0.078125 0.0890625
0 0.6125 0.15546875 0.0703125 0.06875
0 0.46015625 0.89609375 0.0796875 0.1
0 0.54140625 0.53046875 0.0734375 0.078125
0 0.2421875 0.7 0.0765625 0.08125
0 0.54296875 0.3 0.0703125 0.071875
0 0.615625 0.60625 0.0765625 0.08125
0 0.70078125 0.78515625 0.0859375 0.090625
0 0.41484375 0.1 0.065625 0.065625
0 0.6921875 0.60859375 0.08125 0.084375
0 0.4046875 0.3 0.06875 0.071875
0 0.4765625 0.2296875 0.0671875 0.071875
0 0.5390625 0.69609375 0.078125 0.0875
0 0.69375 0.528125 0.078125 0.0796875
0 0.5421875 0.44921875 0.0734375 0.078125
0 0.3265625 0.54296875 0.071875 0.078125
0 0.15546875 0.8671875 0.078125 0.090625
0 0.46484375 0.61875 0.071875 0.084375
0 0.615625 0.5265625 0.0765625 0.078125
0 0.696875 0.69453125 0.08125 0.0875
0 0.5421875 0.37421875 0.06875 0.075
0 0.3140625 0.790625 0.078125 0.0875
0 0.6234375 0.7875 0.08125 0.09375
0 0.471875 0.37578125 0.0703125 0.075
0 0.540625 0.78828125 0.08125 0.09375
0 0.2484375 0.61484375 0.071875 0.078125
0 0.4015625 0.5484375 0.071875 0.0765625
0 0.165625 0.778125 0.075 0.0859375
0 0.2515625 0.53984375 0.0703125 0.078125
0 0.68671875 0.22265625 0.071875 0.071875
0 0.403125 0.46640625 0.071875 0.075
0 0.38671875 0.89375 0.078125 0.096875
0 0.16953125 0.69140625 0.071875 0.084375
0 0.31640625 0.70390625 0.075 0.08125
0 0.23671875 0.78515625 0.078125 0.0859375
0 0.6890625 0.29140625 0.075 0.071875
0 0.54140625 0.8828125 0.0828125 0.09375
0 0.4625 0.7046875 0.0765625 0.0875
0 0.54140625 0.60859375 0.075 0.0859375
0 0.6140625 0.225 0.071875 0.071875
0 0.46875 0.45703125 0.0703125 0.0765625
0 0.26953125 0.3078125 0.06875 0.06875
0 0.3890625 0.70859375 0.078125 0.0859375
0 0.54375 0.09453125 0.06875 0.065625
0 0.2078125 0.30703125 0.065625 0.06875
0 0.4625 0.7953125 0.078125 0.090625
0 0.41328125 0.16484375 0.0671875 0.06875
0 0.27734375 0.23515625 0.0671875 0.065625
0 0.61328125 0.29453125 0.071875 0.071875
0 0.68125 0.0890625 0.0671875 0.0625
0 0.33828125 0.29921875 0.0671875 0.06875
0 0.32421875 0.62421875 0.0734375 0.08125
0 0.3984375 0.62578125 0.071875 0.08125
0 0.34453125 0.1625 0.065625 0.06875
0 0.61328125 0.3703125 0.075 0.0734375
0 0.47578125 0.15859375 0.0671875 0.06875
0 0.46640625 0.53828125 0.071875 0.08125
0 0.17890625 0.6140625 0.071875 0.075
0 0.2625 0.37265625 0.0703125 0.0703125
0 0.478125 0.0953125 0.065625 0.0671875
0 0.20078125 0.37265625 0.06875 0.06875
0 0.54453125 0.15546875 0.06875 0.06875
0 0.40625 0.38046875 0.0703125 0.0875
0 0.27890625 0.16640625 0.065625 0.071875
0 0.25703125 0.4578125 0.06875 0.075
0 0.2328125 0.87109375 0.075 0.0890625
0 0.22109375 0.10625 0.0625 0.0671875
0 0.33359375 0.3734375 0.06875 0.0734375
0 0.4109375 0.234375 0.0671875 0.0703125
0 0.34765625 0.09921875 0.065625 0.0640625
0 0.615625 0.44765625 0.075 0.0796875
0 0.34375 0.23515625 0.0671875 0.065625
0 0.3078125 0.8828125 0.0765625 0.0953125
0 0.1859375 0.53984375 0.06875 0.08125
0 0.6875 0.45078125 0.078125 0.0765625
0 0.21640625 0.16796875 0.0625 0.0625
0 0.6828125 0.1515625 0.0703125 0.06875
0 0.390625 0.796875 0.078125 0.0890625
0 0.190625 0.4515625 0.0703125 0.075
0 0.61484375 0.09296875 0.06875 0.0625
0 0.2859375 0.0984375 0.065625 0.0609375
0 0.21171875 0.23515625 0.065625 0.06875
0 0.546875 0.9359375 0.078125 0.028125
0 0.628125 0.9390625 0.0828125 0.03125