0 0.3875 0.78359375 0.228125 0.1421875
0 0.60625 0.771875 0.196875 0.140625
0 0.8046875 0.765625 0.178125 0.134375
0 0.378125 0.65234375 0.209375 0.125
0 0.58828125 0.64375 0.19375 0.11875
0 0.77890625 0.6390625 0.16875 0.121875
0 0.378125 0.53515625 0.209375 0.10625
0 0.5765625 0.5296875 0.190625 0.10625
0 0.7640625 0.521875 0.171875 0.10625
0 0.365625 0.4203125 0.19375 0.1140625
0 0.559375 0.415625 0.1765625 0.115625
0 0.73671875 0.4140625 0.165625 0.109375
0 0.365625 0.2953125 0.184375 0.1
0 0.35546875 0.1796875 0.184375 0.09375
0 0.5484375 0.303125 0.171875 0.10625
0 0.5359375 0.1890625 0.16875 0.1
0 0.72265625 0.303125 0.15625 0.1078125
0 0.7046875 0.19765625 0.159375 0.09375