0 0.5828125 0.78828125 0.1390625 0.359375
0 0.86328125 0.45546875 0.1359375 0.2890625
0 0.41484375 0.45078125 0.12265625 0.2875
0 0.7328125 0.45859375 0.1265625 0.28515625
0 0.4328125 0.7859375 0.13828125 0.35234375
0 0.90546875 0.771875 0.14765625 0.3578125
0 0.2796875 0.7875 0.14453125 0.35625
0 0.2859375 0.45234375 0.12578125 0.284375
0 0.69453125 0.78671875 0.11484375 0.35625
0 0.52890625 0.46015625 0.09296875 0.28125
0 0.61640625 0.459375 0.090625 0.284375
0 0.15625 0.48984375 0.13515625 0.30625
0 0.11640625 0.82109375 0.184375 0.3578125
0 0.79375 0.77890625 0.125 0.35703125