0 0.2578125 0.18203125 0.09765625 0.18203125
0 0.3578125 0.1890625 0.09296875 0.175
0 0.45078125 0.19453125 0.0859375 0.175
0 0.53828125 0.1953125 0.0828125 0.17109375
0 0.25 0.3859375 0.10546875 0.20390625
0 0.3578125 0.384375 0.1 0.18671875
0 0.459375 0.38515625 0.0984375 0.18828125
0 0.55625 0.38203125 0.08984375 0.18203125
0 0.253125 0.58125 0.10390625 0.1953125
0 0.3578125 0.57578125 0.1 0.18515625
0 0.46015625 0.56953125 0.09375 0.18125
0 0.5546875 0.56796875 0.09140625 0.171875
0 0.2515625 0.778125 0.10390625 0.18359375
0 0.3578125 0.76875 0.10078125 0.1796875
0 0.45859375 0.759375 0.09375 0.178125
0 0.553125 0.74921875 0.08984375 0.175
0 0.6203125 0.2 0.06875 0.16484375
0 0.69765625 0.20078125 0.06875 0.16796875
0 0.77421875 0.20546875 0.0671875 0.16171875
0 0.6546875 0.39140625 0.07890625 0.18671875
0 0.7375 0.39140625 0.07265625 0.18125
0 0.81640625 0.3859375 0.0765625 0.16953125
0 0.65078125 0.5734375 0.078125 0.178125
0 0.73203125 0.57109375 0.0734375 0.178125
0 0.8109375 0.565625 0.0734375 0.1734375
0 0.646875 0.7546875 0.08203125 0.171875
0 0.73125 0.75 0.075 0.17109375
0 0.8109375 0.74921875 0.07578125 0.175
0 0.2578125 0.046875 0.10234375 0.09375
0 0.3578125 0.05078125 0.09609375 0.1015625
0 0.45234375 0.0546875 0.0890625 0.1015625
0 0.54140625 0.05625 0.084375 0.11015625
0 0.625 0.0578125 0.075 0.1125
0 0.70078125 0.059375 0.065625 0.115625
0 0.77734375 0.0625 0.071875 0.121875