0 0.7953125 0.5421875 0.15078125 0.1625
0 0.51484375 0.67734375 0.125 0.153125
0 0.39609375 0.6671875 0.11640625 0.15078125
0 0.53671875 0.38046875 0.12265625 0.14921875
0 0.64296875 0.684375 0.134375 0.159375
0 0.80390625 0.38125 0.14453125 0.1671875
0 0.4109375 0.38203125 0.1125 0.14453125
0 0.6625 0.38125 0.134375 0.16328125
0 0.38671875 0.80859375 0.1140625 0.1546875
0 0.6578125 0.534375 0.1390625 0.159375
0 0.634375 0.8421875 0.134375 0.165625
0 0.503125 0.8203125 0.12265625 0.15859375
0 0.53125 0.52890625 0.1296875 0.15078125
0 0.2984375 0.3921875 0.121875 0.13203125
0 0.78515625 0.69140625 0.14921875 0.1625
0 0.5375 0.24609375 0.121875 0.125
0 0.7703125 0.853125 0.15234375 0.171875
0 0.15390625 0.51015625 0.1265625 0.1296875
0 0.403125 0.5234375 0.11171875 0.14765625
0 0.66640625 0.23515625 0.1328125 0.128125
0 0.290625 0.52265625 0.1171875 0.1328125
0 0.41796875 0.24765625 0.11640625 0.12265625
0 0.27890625 0.65234375 0.12890625 0.140625
0 0.1578125 0.3890625 0.1234375 0.1328125
0 0.80390625 0.23359375 0.1453125 0.13046875
0 0.28359375 0.26484375 0.13984375 0.1015625
0 0.28125 0.77265625 0.109375 0.14140625
0 0.1296875 0.27109375 0.1578125 0.1015625
0 0.14921875 0.634375 0.128125 0.13125
0 0.15390625 0.76328125 0.14765625 0.1328125