0 0.19609375 0.38984375 0.15546875 0.13984375
0 0.47578125 0.2828125 0.10703125 0.10390625
0 0.58203125 0.2890625 0.103125 0.103125
0 0.684375 0.2890625 0.0984375 0.10703125
0 0.78671875 0.290625 0.10390625 0.09921875
0 0.790625 0.40078125 0.103125 0.13125
0 0.6921875 0.40078125 0.103125 0.1234375
0 0.58828125 0.39765625 0.10859375 0.1296875
0 0.4828125 0.396875 0.10703125 0.128125
0 0.346875 0.39140625 0.1484375 0.1359375
0 0.196875 0.5234375 0.15390625 0.13515625
0 0.35 0.52421875 0.15 0.13359375
0 0.48125 0.525 0.10546875 0.12734375
0 0.58515625 0.52421875 0.103125 0.12421875
0 0.6890625 0.52265625 0.10546875 0.1234375
0 0.79140625 0.52578125 0.1015625 0.12421875
0 0.78984375 0.64453125 0.0953125 0.125
0 0.68828125 0.64453125 0.1015625 0.121875
0 0.5828125 0.64609375 0.10703125 0.12421875
0 0.47890625 0.6453125 0.10390625 0.128125
0 0.35546875 0.65078125 0.15390625 0.13046875
0 0.19140625 0.65625 0.15390625 0.1328125
0 0.1921875 0.7875 0.15546875 0.1328125
0 0.35234375 0.77890625 0.1484375 0.13359375
0 0.4828125 0.771875 0.1015625 0.1265625
0 0.58828125 0.771875 0.103125 0.1265625
0 0.68984375 0.7703125 0.0953125 0.12734375
0 0.79296875 0.76640625 0.1125 0.121875