0 0.6875 0.8234375 0.103125 0.13125
0 0.68828125 0.7 0.1015625 0.134375
0 0.68984375 0.5765625 0.1015625 0.134375
0 0.67734375 0.446875 0.103125 0.128125
0 0.675 0.3046875 0.11875 0.146875
0 0.675 0.15 0.128125 0.165625
0 0.815625 0.075 0.1484375 0.08125
0 0.815625 0.13671875 0.140625 0.071875
0 0.81328125 0.1953125 0.146875 0.075
0 0.80703125 0.2515625 0.140625 0.065625
0 0.803125 0.31015625 0.1390625 0.065625
0 0.79921875 0.365625 0.14375 0.059375
0 0.79609375 0.4203125 0.134375 0.053125
0 0.796875 0.4703125 0.128125 0.05
0 0.80078125 0.5203125 0.13125 0.046875
0 0.8046875 0.57265625 0.1234375 0.0515625
0 0.80625 0.61875 0.1265625 0.046875
0 0.809375 0.66796875 0.128125 0.053125
0 0.80546875 0.7125 0.128125 0.05625
0 0.80859375 0.75625 0.128125 0.053125
0 0.8078125 0.8 0.1265625 0.059375
0 0.81015625 0.840625 0.11875 0.059375
0 0.8109375 0.8828125 0.128125 0.0609375
0 0.765625 0.9171875 0.1125 0.0640625
0 0.8875 0.9453125 0.15 0.071875
0 0.9328125 0.91171875 0.1265625 0.0671875
0 0.93828125 0.86875 0.115625 0.053125
0 0.9421875 0.8234375 0.109375 0.04375
0 0.9359375 0.778125 0.128125 0.0625
0 0.93359375 0.7359375 0.1328125 0.059375
0 0.93671875 0.6796875 0.1265625 0.05
0 0.93828125 0.634375 0.1234375 0.059375
0 0.93671875 0.5796875 0.1265625 0.0484375
0 0.9359375 0.52890625 0.128125 0.053125
0 0.9359375 0.4734375 0.128125 0.05625
0 0.93359375 0.41953125 0.1328125 0.0546875
0 0.93515625 0.3609375 0.128125 0.059375
0 0.93671875 0.303125 0.1265625 0.0625
0 0.93671875 0.240625 0.1265625 0.0625
0 0.9390625 0.1796875 0.121875 0.0671875
0 0.9421875 0.121875 0.115625 0.065625
0 0.94453125 0.05546875 0.1109375 0.0765625