0 0.41796875 0.28515625 0.084375 0.0703125
0 0.4609375 0.4890625 0.0828125 0.06640625
0 0.38203125 0.48828125 0.08125 0.065625
0 0.4625 0.55390625 0.08359375 0.0671875
0 0.50234375 0.28359375 0.084375 0.071875
0 0.425 0.425 0.08359375 0.06953125
0 0.29765625 0.3546875 0.084375 0.06875
0 0.32109375 0.425 0.11953125 0.0671875
0 0.3828125 0.553125 0.08203125 0.06796875
0 0.3 0.553125 0.084375 0.06953125
0 0.3 0.48515625 0.08203125 0.0671875
0 0.37890625 0.3546875 0.08515625 0.06875
0 0.38046875 0.22109375 0.07890625 0.065625
0 0.4625 0.215625 0.08515625 0.071875
0 0.315625 0.29140625 0.1171875 0.0703125
0 0.4984375 0.42421875 0.07578125 0.06875
0 0.30078125 0.221875 0.07890625 0.06640625
0 0.47109375 0.353125 0.0859375 0.0703125
0 0.5265625 0.48828125 0.04375 0.0703125
0 0.525 0.55546875 0.03828125 0.06796875