0 0.12421875 0.31015625 0.10625 0.184375
0 0.225 0.325 0.121875 0.2015625
0 0.3421875 0.29296875 0.115625 0.2484375
0 0.4609375 0.30546875 0.121875 0.2625
0 0.6109375 0.303125 0.175 0.2484375
0 0.815625 0.31953125 0.21875 0.26875
0 0.1375 0.47265625 0.1 0.1734375
0 0.234375 0.49765625 0.11875 0.190625
0 0.3484375 0.49921875 0.125 0.209375
0 0.4859375 0.53671875 0.140625 0.225
0 0.63125 0.54921875 0.1375 0.28125
0 0.80078125 0.58828125 0.1765625 0.309375
0 0.1484375 0.621875 0.1 0.178125
0 0.2484375 0.66171875 0.109375 0.196875
0 0.3359375 0.678125 0.084375 0.2125
0 0.4140625 0.70546875 0.08125 0.215625
0 0.4953125 0.73203125 0.090625 0.2296875
0 0.584375 0.76875 0.0921875 0.2515625
0 0.6890625 0.80859375 0.109375 0.265625
0 0.809375 0.84921875 0.13125 0.26875