0 0.83359375 0.178125 0.10859375 0.11328125
0 0.7203125 0.1921875 0.10234375 0.1015625
0 0.72109375 0.2890625 0.10390625 0.103125
0 0.73515625 0.39140625 0.10234375 0.10390625
0 0.715625 0.7859375 0.09921875 0.1125
0 0.83828125 0.49296875 0.109375 0.109375
0 0.8359375 0.596875 0.11015625 0.11328125
0 0.9390625 0.17109375 0.1140625 0.115625
0 0.45234375 0.66015625 0.0796875 0.09296875
0 0.9453125 0.38984375 0.10234375 0.11171875
0 0.83828125 0.38828125 0.11171875 0.1046875
0 0.3609375 0.21796875 0.07890625 0.090625
0 0.2203125 0.39921875 0.06796875 0.08203125
0 0.14296875 0.31953125 0.06640625 0.08046875
0 0.28125 0.22421875 0.07421875 0.090625
0 0.53671875 0.76015625 0.084375 0.0984375
0 0.13828125 0.234375 0.06640625 0.08671875
0 0.6296875 0.58125 0.0921875 0.0984375
0 0.94765625 0.60703125 0.1046875 0.115625
0 0.53828125 0.48984375 0.0890625 0.0953125
0 0.71953125 0.6859375 0.1 0.10859375
0 0.62421875 0.396875 0.09609375 0.09921875
0 0.22578125 0.7234375 0.06796875 0.08515625
0 0.83671875 0.2875 0.11171875 0.10625
0 0.61953125 0.3 0.09375 0.10078125
0 0.6203125 0.20078125 0.09453125 0.1015625
0 0.2125 0.23046875 0.0703125 0.08671875
0 0.625 0.49296875 0.09609375 0.09921875
0 0.44765625 0.39609375 0.08125 0.09140625
0 0.72421875 0.58828125 0.103125 0.1
0 0.4546875 0.5703125 0.08203125 0.09296875
0 0.5375 0.665625 0.0875 0.09921875
0 0.284375 0.3140625 0.0765625 0.0875
0 0.540625 0.575 0.08828125 0.0984375
0 0.72421875 0.49609375 0.10234375 0.103125
0 0.15234375 0.396875 0.06953125 0.08125
0 0.5375 0.3953125 0.0875 0.09375
0 0.82734375 0.70234375 0.1125 0.1125
0 0.5328125 0.2046875 0.0875 0.09765625
0 0.37109375 0.565625 0.07734375 0.08984375
0 0.82265625 0.8046875 0.11015625 0.11015625
0 0.29375 0.39921875 0.07578125 0.08359375
0 0.22734375 0.64296875 0.06953125 0.084375
0 0.09296875 0.4796875 0.06328125 0.08046875
0 0.625 0.87265625 0.09140625 0.1109375
0 0.37109375 0.7421875 0.075 0.0890625
0 0.36640625 0.396875 0.0765625 0.0875
0 0.453125 0.4828125 0.08359375 0.0921875
0 0.9453125 0.2828125 0.109375 0.1125
0 0.30078125 0.56328125 0.075 0.08671875
0 0.29375 0.4828125 0.0765625 0.08671875
0 0.93828125 0.81640625 0.11484375 0.1234375
0 0.71953125 0.8828125 0.096875 0.1125
0 0.825 0.90234375 0.109375 0.11796875
0 0.94296875 0.50234375 0.10625 0.11328125
0 0.15546875 0.48125 0.06953125 0.08203125
0 0.3625 0.31015625 0.078125 0.08984375
0 0.44453125 0.21015625 0.08359375 0.09609375
0 0.53671875 0.8578125 0.08828125 0.103125
0 0.303125 0.6484375 0.07265625 0.0859375
0 0.15703125 0.559375 0.0703125 0.08359375
0 0.62265625 0.6734375 0.09296875 0.1046875
0 0.9421875 0.71328125 0.11015625 0.12265625
0 0.09375 0.55625 0.06328125 0.08203125
0 0.45234375 0.75234375 0.0796875 0.0921875
0 0.453125 0.84140625 0.0796875 0.096875
0 0.07890625 0.3203125 0.0609375 0.07890625
0 0.2125 0.315625 0.07265625 0.0859375
0 0.078125 0.2390625 0.06015625 0.0828125
0 0.62734375 0.7734375 0.09296875 0.10859375
0 0.93984375 0.91875 0.11328125 0.1234375
0 0.2265625 0.56015625 0.06953125 0.08359375
0 0.22578125 0.478125 0.0703125 0.0859375
0 0.15703125 0.6390625 0.06640625 0.08125
0 0.37265625 0.48203125 0.0796875 0.08828125
0 0.53359375 0.30234375 0.0859375 0.096875
0 0.15859375 0.72109375 0.0625 0.0796875
0 0.09921875 0.78828125 0.0578125 0.08203125
0 0.3703125 0.65703125 0.07734375 0.0921875
0 0.30078125 0.7359375 0.0703125 0.08828125
0 0.44453125 0.3078125 0.08515625 0.0921875
0 0.08984375 0.40234375 0.06015625 0.07734375
0 0.2265625 0.80859375 0.06953125 0.0828125
0 0.3015625 0.82265625 0.07421875 0.08828125
0 0.159375 0.79453125 0.06328125 0.08125
0 0.096875 0.6359375 0.06171875 0.08203125
0 0.37421875 0.82421875 0.075 0.090625
0 0.10078125 0.7078125 0.05625 0.0828125