0 0.7734375 0.10859375 0.09375 0.1390625
0 0.7765625 0.28984375 0.09375 0.1359375
0 0.7546875 0.43828125 0.15 0.1734375
0 0.7640625 0.6265625 0.159375 0.1890625
0 0.76640625 0.83046875 0.146875 0.2
0 0.66484375 0.140625 0.1171875 0.14375
0 0.66875 0.2828125 0.1203125 0.1484375
0 0.61640625 0.45078125 0.1265625 0.1640625
0 0.6203125 0.62890625 0.1296875 0.178125
0 0.62421875 0.81640625 0.13125 0.190625
0 0.48984375 0.8015625 0.13125 0.190625
0 0.49296875 0.6171875 0.1265625 0.171875
0 0.49140625 0.45 0.1140625 0.16875
0 0.55234375 0.296875 0.11875 0.153125
0 0.5546875 0.153125 0.1109375 0.146875
0 0.446875 0.16484375 0.1109375 0.1390625
0 0.4375 0.3046875 0.11875 0.15
0 0.3734375 0.5578125 0.125 0.1546875
0 0.36328125 0.76796875 0.134375 0.25
0 0.36015625 0.10703125 0.053125 0.0328125
0 0.359375 0.128125 0.05625 0.025
0 0.359375 0.1515625 0.053125 0.021875
0 0.359375 0.1671875 0.053125 0.021875
0 0.34375 0.4671875 0.0546875 0.025
0 0.346875 0.44296875 0.05625 0.021875
0 0.34765625 0.42109375 0.05625 0.0203125
0 0.34765625 0.4015625 0.0578125 0.025
0 0.3484375 0.37734375 0.05625 0.021875
0 0.35 0.359375 0.0546875 0.025
0 0.3515625 0.3390625 0.0546875 0.025
0 0.35078125 0.31796875 0.05625 0.028125
0 0.353125 0.2984375 0.05625 0.025
0 0.35390625 0.278125 0.0546875 0.028125
0 0.3546875 0.26015625 0.053125 0.025
0 0.35390625 0.2421875 0.05 0.028125
0 0.35625 0.221875 0.053125 0.021875
0 0.35625 0.20546875 0.05625 0.028125
0 0.3578125 0.1890625 0.05625 0.028125
0 0.2609375 0.86875 0.0625 0.025
0 0.26015625 0.8390625 0.0625 0.028125
0 0.2625 0.81015625 0.0625 0.025
0 0.265625 0.7859375 0.0625 0.028125
0 0.26953125 0.75859375 0.0609375 0.025
0 0.2703125 0.73203125 0.0609375 0.025
0 0.2703125 0.70625 0.05625 0.025
0 0.275 0.68125 0.0625 0.021875
0 0.28203125 0.65625 0.0625 0.025
0 0.27890625 0.63671875 0.0625 0.021875
0 0.2796875 0.61171875 0.059375 0.025
0 0.284375 0.5890625 0.05625 0.0203125
0 0.284375 0.5703125 0.0625 0.025
0 0.284375 0.546875 0.0640625 0.025
0 0.28515625 0.525 0.065625 0.021875
0 0.2875 0.50234375 0.0609375 0.025
0 0.2890625 0.48203125 0.059375 0.021875
0 0.28828125 0.46015625 0.059375 0.021875
0 0.28984375 0.4390625 0.059375 0.025
0 0.290625 0.4203125 0.05625 0.025
0 0.290625 0.39921875 0.05625 0.0203125
0 0.29296875 0.378125 0.059375 0.028125
0 0.296875 0.35703125 0.05625 0.025
0 0.296875 0.3375 0.059375 0.025
0 0.296875 0.315625 0.059375 0.03125
0 0.29921875 0.29375 0.0546875 0.021875
0 0.3015625 0.27734375 0.053125 0.021875
0 0.303125 0.259375 0.0515625 0.021875
0 0.303125 0.24296875 0.053125 0.03125
0 0.30546875 0.22109375 0.053125 0.028125
0 0.3046875 0.19765625 0.05 0.021875
0 0.3078125 0.17265625 0.0515625 0.028125
0 0.309375 0.153125 0.053125 0.021875
0 0.31015625 0.1359375 0.0515625 0.025
0 0.309375 0.11796875 0.05 0.028125
0 0.20078125 0.865625 0.05625 0.028125
0 0.2046875 0.83359375 0.05625 0.028125
0 0.20390625 0.80546875 0.05625 0.0234375
0 0.2078125 0.77734375 0.059375 0.03125
0 0.21171875 0.75 0.059375 0.028125
0 0.21171875 0.725 0.059375 0.028125
0 0.21484375 0.70078125 0.059375 0.03125
0 0.21484375 0.6765625 0.059375 0.028125
0 0.21875 0.653125 0.0625 0.025
0 0.2203125 0.63203125 0.0578125 0.025
0 0.22265625 0.60859375 0.0625 0.025
0 0.225 0.58359375 0.0625 0.025
0 0.225 0.5609375 0.0625 0.025
0 0.225 0.53984375 0.05625 0.025
0 0.22734375 0.5203125 0.059375 0.025
0 0.23046875 0.50078125 0.059375 0.025
0 0.23203125 0.478125 0.059375 0.028125
0 0.234375 0.45390625 0.0609375 0.021875
0 0.23671875 0.43515625 0.05625 0.025
0 0.2375 0.41796875 0.059375 0.015625
0 0.23984375 0.3953125 0.0546875 0.028125
0 0.240625 0.375 0.05625 0.021875
0 0.24609375 0.353125 0.053125 0.021875
0 0.2453125 0.3390625 0.053125 0.028125
0 0.2484375 0.31796875 0.053125 0.028125
0 0.25 0.296875 0.053125 0.025
0 0.253125 0.28046875 0.0515625 0.03125
0 0.253125 0.26328125 0.05625 0.025
0 0.25703125 0.24296875 0.053125 0.025
0 0.25546875 0.22421875 0.046875 0.03125
0 0.2578125 0.203125 0.05 0.025
0 0.25859375 0.1734375 0.0546875 0.03125
0 0.25859375 0.14609375 0.053125 0.025
0 0.1421875 0.86015625 0.0625 0.025
0 0.1421875 0.83046875 0.065625 0.025
0 0.14765625 0.80390625 0.0625 0.0234375
0 0.1484375 0.77890625 0.065625 0.0234375
0 0.14921875 0.75390625 0.0625 0.03125
0 0.15 0.7296875 0.0625 0.0328125
0 0.15390625 0.7046875 0.065625 0.025
0 0.15859375 0.6828125 0.0640625 0.028125
0 0.16015625 0.65859375 0.0625 0.028125
0 0.16171875 0.63671875 0.0625 0.028125
0 0.16328125 0.61328125 0.0609375 0.028125
0 0.165625 0.590625 0.0609375 0.025
0 0.16484375 0.5671875 0.059375 0.028125
0 0.16875 0.54296875 0.059375 0.028125
0 0.1703125 0.5203125 0.059375 0.028125
0 0.17265625 0.50078125 0.059375 0.025
0 0.17578125 0.478125 0.053125 0.025
0 0.18046875 0.45625 0.05625 0.01875
0 0.17890625 0.4359375 0.053125 0.025
0 0.18125 0.4125 0.05625 0.025
0 0.18359375 0.39296875 0.05625 0.01875
0 0.18515625 0.37421875 0.0625 0.0171875
0 0.18984375 0.3546875 0.059375 0.01875
0 0.19140625 0.3359375 0.05625 0.01875
0 0.19296875 0.315625 0.0625 0.01875
0 0.19375 0.2984375 0.059375 0.0171875
0 0.196875 0.2796875 0.053125 0.025
0 0.20078125 0.26015625 0.0515625 0.015625
0 0.1984375 0.2421875 0.059375 0.0140625
0 0.20234375 0.22265625 0.053125 0.0203125
0 0.2046875 0.20546875 0.0546875 0.01875
0 0.2046875 0.1890625 0.059375 0.0171875
0 0.20859375 0.171875 0.0515625 0.015625
0 0.20859375 0.1515625 0.053125 0.01875
0 0.2140625 0.1296875 0.0484375 0.0203125
0 0.2609375 0.121875 0.053125 0.028125