0 0.5953125 0.65390625 0.13984375 0.16953125
0 0.7484375 0.6703125 0.16796875 0.18671875
0 0.76796875 0.50078125 0.17109375 0.1859375
0 0.73125 0.82578125 0.1609375 0.18671875
0 0.36640625 0.48125 0.109375 0.14453125
0 0.4671875 0.6359375 0.11953125 0.1515625
0 0.4578125 0.77890625 0.115625 0.15859375
0 0.4796875 0.48828125 0.12265625 0.15546875
0 0.628125 0.3203125 0.15 0.1859375
0 0.3609375 0.61953125 0.1046875 0.14765625
0 0.48671875 0.32734375 0.12421875 0.16796875
0 0.58203125 0.8 0.13046875 0.17578125
0 0.78984375 0.3140625 0.1765625 0.1953125
0 0.3515625 0.753125 0.09921875 0.1515625
0 0.365625 0.32734375 0.109375 0.16015625
0 0.60703125 0.49140625 0.14609375 0.17265625
0 0.25546875 0.475 0.1109375 0.12734375
0 0.2609375 0.3421875 0.11171875 0.1375
0 0.14921875 0.471875 0.10859375 0.1203125
0 0.14609375 0.58359375 0.10390625 0.121875
0 0.259375 0.59921875 0.1109375 0.1359375
0 0.2578125 0.7140625 0.09375 0.12578125
0 0.14296875 0.34609375 0.115625 0.128125
0 0.1640625 0.6984375 0.1109375 0.1140625
0 0.63828125 0.13515625 0.1625 0.19609375
0 0.34375 0.1671875 0.11484375 0.1578125
0 0.47578125 0.14765625 0.1421875 0.1734375
0 0.8 0.103125 0.190625 0.19140625