0 0.4515625 0.41796875 0.0375 0.30234375
0 0.478125 0.41875 0.03515625 0.303125
0 0.5 0.42109375 0.0390625 0.303125
0 0.596875 0.42265625 0.0265625 0.30859375
0 0.62109375 0.41953125 0.02734375 0.3203125
0 0.6453125 0.421875 0.02421875 0.32578125
0 0.67265625 0.41953125 0.03125 0.328125
0 0.696875 0.42421875 0.0359375 0.32578125
0 0.484375 0.7015625 0.03125 0.26015625
0 0.50625 0.7 0.034375 0.26171875
0 0.52734375 0.70234375 0.02734375 0.26171875
0 0.59375 0.7125 0.02734375 0.26171875
0 0.6140625 0.71171875 0.0265625 0.2640625
0 0.63828125 0.71328125 0.0265625 0.2734375
0 0.6609375 0.7203125 0.0203125 0.27109375
0 0.68515625 0.72109375 0.02421875 0.26796875
0 0.70625 0.725 0.02734375 0.27734375
0 0.73359375 0.7234375 0.03515625 0.271875