0 0.8171875 0.67734375 0.1984375 0.1984375
0 0.675 0.27109375 0.18203125 0.2203125
0 0.84609375 0.48125 0.2234375 0.2109375
0 0.23203125 0.4640625 0.15703125 0.1515625
0 0.50078125 0.63046875 0.13359375 0.1671875
0 0.4890625 0.78046875 0.125 0.16171875
0 0.3609375 0.3015625 0.13046875 0.1796875
0 0.65234375 0.4765625 0.1625 0.19609375
0 0.3671875 0.4703125 0.1265625 0.16875
0 0.50859375 0.290625 0.14921875 0.2
0 0.6234375 0.8078125 0.146875 0.178125
0 0.6421875 0.65390625 0.15703125 0.1875
0 0.5046875 0.471875 0.13984375 0.1765625
0 0.37109375 0.6171875 0.11953125 0.14921875
0 0.24375 0.6109375 0.14375 0.14453125
0 0.36875 0.75859375 0.11171875 0.14765625
0 0.25078125 0.7359375 0.13671875 0.1453125
0 0.7828125 0.84609375 0.18515625 0.1890625
0 0.884375 0.25390625 0.225 0.24453125
0 0.21640625 0.29609375 0.16328125 0.18203125
0 0.078125 0.3078125 0.15625 0.1625
0 0.09375 0.4625 0.14921875 0.15078125
0 0.11484375 0.596875 0.121875 0.134375
0 0.1296875 0.71640625 0.13046875 0.12734375