0 0.21640625 0.228125 0.046875 0.09375
0 0.2609375 0.23515625 0.0421875 0.0921875
0 0.3046875 0.2390625 0.040625 0.0875
0 0.346875 0.24453125 0.040625 0.0875
0 0.390625 0.24765625 0.040625 0.090625
0 0.43046875 0.25546875 0.046875 0.08125
0 0.47265625 0.2578125 0.0375 0.08125
0 0.509375 0.2625 0.03125 0.08125
0 0.54765625 0.2671875 0.040625 0.078125
0 0.58359375 0.271875 0.03125 0.08125
0 0.6203125 0.27421875 0.0359375 0.075
0 0.65703125 0.27421875 0.03125 0.08125
0 0.6890625 0.28046875 0.0375 0.084375
0 0.71953125 0.284375 0.0375 0.08125
0 0.75234375 0.2875 0.034375 0.075
0 0.78515625 0.290625 0.03125 0.075
0 0.81328125 0.30234375 0.034375 0.078125
0 0.84296875 0.30234375 0.0375 0.0765625
0 0.846875 0.37578125 0.0390625 0.071875
0 0.8171875 0.3765625 0.0296875 0.0609375
0 0.7875 0.365625 0.03125 0.0671875
0 0.75546875 0.36484375 0.03125 0.071875
0 0.72578125 0.3640625 0.0375 0.0703125
0 0.68046875 0.340625 0.0578125 0.046875
0 0.62578125 0.33984375 0.0546875 0.0421875
0 0.56640625 0.3328125 0.05625 0.046875
0 0.50703125 0.3296875 0.059375 0.05
0 0.44609375 0.321875 0.0640625 0.05
0 0.38359375 0.31796875 0.065625 0.05625
0 0.31328125 0.3125 0.06875 0.059375
0 0.240625 0.30703125 0.0734375 0.0625
0 0.215625 0.37421875 0.0453125 0.096875
0 0.2640625 0.3875 0.046875 0.0875
0 0.3078125 0.38515625 0.04375 0.0859375
0 0.35859375 0.3875 0.046875 0.0875
0 0.40234375 0.3921875 0.0453125 0.084375
0 0.4453125 0.39296875 0.04375 0.08125
0 0.484375 0.39609375 0.0390625 0.078125
0 0.52109375 0.39609375 0.0359375 0.0765625
0 0.5734375 0.39765625 0.034375 0.078125
0 0.6125 0.40078125 0.0375 0.08125
0 0.65390625 0.40546875 0.0359375 0.084375
0 0.6890625 0.409375 0.0375 0.078125
0 0.725 0.43671875 0.0359375 0.071875
0 0.75859375 0.440625 0.034375 0.071875
0 0.790625 0.44296875 0.03125 0.071875
0 0.82109375 0.4484375 0.03125 0.0671875
0 0.85 0.44765625 0.03125 0.075
0 0.853125 0.52734375 0.0375 0.065625
0 0.825 0.52421875 0.034375 0.065625
0 0.7953125 0.51953125 0.03125 0.075
0 0.7625 0.51796875 0.0359375 0.075
0 0.728125 0.515625 0.0375 0.0765625
0 0.68125 0.48984375 0.034375 0.071875
0 0.6453125 0.48515625 0.0375 0.08125
0 0.60234375 0.4828125 0.040625 0.084375
0 0.5578125 0.4796875 0.034375 0.0765625
0 0.5203125 0.47890625 0.0375 0.08125
0 0.4796875 0.478125 0.0375 0.084375
0 0.43828125 0.478125 0.040625 0.08125
0 0.396875 0.475 0.040625 0.084375
0 0.3546875 0.47109375 0.0421875 0.090625
0 0.3109375 0.475 0.0453125 0.0875
0 0.2625 0.47109375 0.046875 0.090625
0 0.215625 0.46953125 0.0484375 0.090625
0 0.2109375 0.56015625 0.0453125 0.090625
0 0.26171875 0.56328125 0.046875 0.090625
0 0.309375 0.5640625 0.04375 0.0875
0 0.3546875 0.5640625 0.040625 0.0875
0 0.39765625 0.56328125 0.040625 0.084375
0 0.43984375 0.565625 0.040625 0.084375
0 0.4796875 0.56328125 0.034375 0.08125
0 0.51875 0.5640625 0.0359375 0.08125
0 0.5609375 0.56328125 0.0375 0.08125
0 0.60546875 0.565625 0.0375 0.078125
0 0.6453125 0.56484375 0.0328125 0.075
0 0.68125 0.56640625 0.0328125 0.078125
0 0.71953125 0.59296875 0.034375 0.0859375
0 0.7546875 0.59296875 0.0375 0.078125
0 0.7984375 0.5953125 0.0375 0.075
0 0.828125 0.59375 0.0328125 0.075
0 0.85859375 0.5953125 0.03125 0.071875
0 0.846875 0.67265625 0.034375 0.0765625
0 0.8171875 0.675 0.03125 0.075
0 0.7859375 0.67421875 0.03125 0.075
0 0.753125 0.67578125 0.034375 0.078125
0 0.71953125 0.6734375 0.0359375 0.084375
0 0.67421875 0.64609375 0.0375 0.084375
0 0.63828125 0.64609375 0.040625 0.08125
0 0.60078125 0.6484375 0.0375 0.0859375
0 0.559375 0.64765625 0.040625 0.078125
0 0.51796875 0.64921875 0.0375 0.0859375
0 0.48046875 0.64921875 0.0375 0.084375
0 0.44140625 0.653125 0.04375 0.084375
0 0.39765625 0.653125 0.04375 0.0859375
0 0.353125 0.65234375 0.040625 0.0875
0 0.30625 0.65546875 0.04375 0.090625
0 0.26171875 0.65625 0.046875 0.090625
0 0.2125 0.65703125 0.046875 0.09375
0 0.209375 0.75546875 0.04375 0.096875
0 0.25703125 0.75390625 0.04375 0.09375
0 0.30625 0.75078125 0.040625 0.0953125
0 0.35078125 0.75 0.0390625 0.090625
0 0.3953125 0.746875 0.040625 0.0875
0 0.43828125 0.74765625 0.04375 0.096875
0 0.47890625 0.74375 0.0375 0.084375
0 0.5203125 0.74296875 0.0390625 0.078125
0 0.559375 0.73359375 0.0375 0.0875
0 0.5953125 0.734375 0.034375 0.0875
0 0.6421875 0.73046875 0.0375 0.08125
0 0.68046875 0.728125 0.040625 0.0765625
0 0.7171875 0.75625 0.034375 0.08125
0 0.75234375 0.75703125 0.034375 0.084375
0 0.78671875 0.75390625 0.034375 0.08125
0 0.81640625 0.7515625 0.0328125 0.08125
0 0.8578125 0.74921875 0.0421875 0.075
0 0.6765625 0.815625 0.040625 0.0859375
0 0.63984375 0.81796875 0.040625 0.0921875
0 0.6015625 0.8234375 0.04375 0.0921875
0 0.56328125 0.82578125 0.04375 0.0953125
0 0.52265625 0.8296875 0.0421875 0.0921875
0 0.48203125 0.83125 0.0375 0.090625
0 0.43828125 0.8359375 0.0421875 0.09375
0 0.3953125 0.84140625 0.04375 0.1
0 0.3515625 0.84296875 0.0390625 0.0953125
0 0.30625 0.84765625 0.046875 0.1
0 0.746875 0.82265625 0.09375 0.05