0 0.890625 0.3140625 0.2140625 0.11875
0 0.57890625 0.54140625 0.14609375 0.1140625
0 0.89140625 0.20859375 0.21484375 0.128125
0 0.68671875 0.32109375 0.1859375 0.1109375
0 0.40078125 0.32578125 0.11796875 0.12421875
0 0.9265625 0.43828125 0.14140625 0.12421875
0 0.5296875 0.31640625 0.12265625 0.1328125
0 0.0890625 0.3875 0.0796875 0.09609375
0 0.46171875 0.434375 0.10390625 0.10625
0 0.27421875 0.43359375 0.08828125 0.10078125
0 0.68515625 0.2203125 0.184375 0.1140625
0 0.36015625 0.434375 0.0953125 0.103125
0 0.2828125 0.32421875 0.109375 0.12421875
0 0.8921875 0.76484375 0.16171875 0.10703125
0 0.31171875 0.62890625 0.10234375 0.09375
0 0.090625 0.47734375 0.0828125 0.09296875
0 0.3453125 0.21328125 0.15234375 0.10234375
0 0.175 0.34609375 0.1046875 0.12109375
0 0.88515625 0.8578125 0.1625 0.10703125
0 0.528125 0.6359375 0.11484375 0.09921875
0 0.36796875 0.8015625 0.08203125 0.084375
0 0.0859375 0.290625 0.084375 0.09921875
0 0.59296875 0.82109375 0.13359375 0.09375
0 0.8171875 0.6640625 0.10390625 0.1015625
0 0.17421875 0.44921875 0.0875 0.09765625
0 0.76171875 0.75546875 0.0984375 0.0984375
0 0.56640625 0.43359375 0.11015625 0.109375
0 0.92109375 0.67109375 0.11171875 0.1078125
0 0.50390625 0.1984375 0.1640625 0.1109375
0 0.7171875 0.653125 0.09453125 0.096875
0 0.896875 0.5640625 0.175 0.125
0 0.453125 0.53828125 0.103125 0.1015625
0 0.3375 0.71015625 0.0765625 0.08515625
0 0.09609375 0.56953125 0.08125 0.09296875
0 0.79765625 0.43515625 0.128125 0.1171875
0 0.58046875 0.73046875 0.08359375 0.0875
0 0.41796875 0.6296875 0.10859375 0.09296875
0 0.7265625 0.54765625 0.16015625 0.11796875
0 0.678125 0.43671875 0.1171875 0.1140625
0 0.2703125 0.53359375 0.08828125 0.09765625
0 0.46875 0.8125 0.1234375 0.08828125
0 0.17578125 0.54921875 0.0859375 0.09609375
0 0.2 0.225 0.14140625 0.11328125
0 0.3578125 0.5390625 0.09375 0.1
0 0.1953125 0.6328125 0.115625 0.0734375
0 0.4984375 0.73046875 0.0828125 0.0875
0 0.6296875 0.64765625 0.0890625 0.0953125
0 0.73515625 0.84375 0.1453125 0.103125
0 0.2921875 0.7890625 0.0734375 0.08203125
0 0.26171875 0.70625 0.06640625 0.08125
0 0.6703125 0.7421875 0.09140625 0.0921875
0 0.41171875 0.71875 0.08203125 0.0828125
0 0.1421875 0.784375 0.09296875 0.05859375
0 0.21796875 0.7828125 0.0671875 0.08203125
0 0.10859375 0.6578125 0.08671875 0.08203125
0 0.19296875 0.7 0.071875 0.07578125