0 0.671875 0.78984375 0.14375 0.17265625
0 0.61015625 0.62109375 0.18125 0.16953125
0 0.28203125 0.46171875 0.14921875 0.146875
0 0.4140625 0.4625 0.11875 0.15390625
0 0.6828125 0.459375 0.1484375 0.175
0 0.47421875 0.3046875 0.1265625 0.16328125
0 0.84765625 0.46015625 0.17265625 0.18515625
0 0.13984375 0.46015625 0.121875 0.140625
0 0.22421875 0.6015625 0.103125 0.13984375
0 0.5421875 0.46015625 0.13203125 0.16328125
0 0.81015625 0.6390625 0.2140625 0.18046875
0 0.4140625 0.7609375 0.11953125 0.15546875
0 0.33515625 0.60703125 0.11796875 0.14921875
0 0.45703125 0.6125 0.12734375 0.15625
0 0.53515625 0.7765625 0.13125 0.16640625
0 0.35546875 0.31640625 0.11640625 0.15234375
0 0.62578125 0.3 0.1875 0.17109375
0 0.821875 0.81015625 0.16484375 0.18515625
0 0.23828125 0.321875 0.1078125 0.14140625
0 0.1265625 0.5921875 0.0921875 0.134375
0 0.26953125 0.7421875 0.1453125 0.16015625
0 0.3609375 0.19140625 0.18203125 0.11875
0 0.8328125 0.2765625 0.2125 0.18125
0 0.55859375 0.16875 0.215625 0.1234375
0 0.1296875 0.328125 0.10234375 0.1375
0 0.80234375 0.13984375 0.27421875 0.1390625
0 0.17890625 0.20546875 0.1703125 0.10703125
0 0.1375 0.728125 0.128125 0.15078125