0 0.578125 0.41953125 0.103125 0.1453125
0 0.5765625 0.56015625 0.1015625 0.140625
0 0.76015625 0.603125 0.0875 0.109375
0 0.76328125 0.47109375 0.09375 0.134375
0 0.675 0.33046875 0.1 0.14375
0 0.5765625 0.2875 0.103125 0.1203125
0 0.396875 0.37421875 0.096875 0.1125
0 0.48984375 0.26875 0.090625 0.1109375
0 0.5046875 0.8359375 0.1078125 0.1234375
0 0.39296875 0.60390625 0.0953125 0.1125
0 0.765625 0.3375 0.09375 0.1375
0 0.6703125 0.71171875 0.09375 0.1125
0 0.58203125 0.159375 0.103125 0.128125
0 0.76171875 0.7078125 0.090625 0.109375
0 0.39453125 0.48828125 0.09375 0.1125
0 0.396875 0.259375 0.09375 0.1140625
0 0.678125 0.19453125 0.103125 0.15625
0 0.3984375 0.13515625 0.09375 0.1171875
0 0.484375 0.37890625 0.090625 0.1125
0 0.49140625 0.1453125 0.09375 0.121875
0 0.48046875 0.6 0.090625 0.1125
0 0.4734375 0.71328125 0.103125 0.115625
0 0.67265625 0.4734375 0.096875 0.14375
0 0.67265625 0.60078125 0.09375 0.1125
0 0.5734375 0.69609375 0.103125 0.140625
0 0.6859375 0.8234375 0.078125 0.10625
0 0.4078125 0.84375 0.09375 0.11875
0 0.76484375 0.81171875 0.075 0.1015625
0 0.37265625 0.715625 0.096875 0.115625
0 0.48359375 0.49140625 0.090625 0.1125
0 0.6 0.8234375 0.096875 0.11875
0 0.7734375 0.20078125 0.09375 0.15
0 0.30703125 0.85546875 0.1 0.11875