0 0.165625 0.28828125 0.07890625 0.1609375
0 0.2546875 0.21484375 0.09375 0.0796875
0 0.2546875 0.31328125 0.0890625 0.09765625
0 0.2171875 0.43515625 0.16484375 0.115625
0 0.2203125 0.54296875 0.1625 0.10078125
0 0.1625 0.66328125 0.084375 0.13515625
0 0.25390625 0.665625 0.08984375 0.13046875
0 0.1453125 0.78984375 0.071875 0.13515625
0 0.234375 0.80078125 0.08984375 0.1359375
0 0.3546875 0.23671875 0.0953125 0.0796875
0 0.353125 0.33515625 0.1046875 0.10078125
0 0.34921875 0.43828125 0.0984375 0.08671875
0 0.35234375 0.546875 0.0953125 0.12109375
0 0.35 0.67109375 0.0953125 0.125
0 0.3328125 0.8015625 0.090625 0.14140625
0 0.43046875 0.25703125 0.0609375 0.14140625
0 0.45234375 0.3953125 0.09296875 0.1265625
0 0.4546875 0.5265625 0.10078125 0.1359375
0 0.4484375 0.66484375 0.0875 0.14296875
0 0.43203125 0.80703125 0.09296875 0.15
0 0.503125 0.24140625 0.08984375 0.153125
0 0.5890625 0.22265625 0.08671875 0.16796875
0 0.68125 0.21640625 0.0953125 0.1625
0 0.784375 0.20625 0.11875 0.1625
0 0.5546875 0.38359375 0.103125 0.13359375
0 0.55703125 0.5234375 0.10078125 0.1375
0 0.54765625 0.66875 0.103125 0.1515625
0 0.54375 0.81875 0.11015625 0.1625
0 0.66484375 0.3796875 0.109375 0.13515625
0 0.6671875 0.52421875 0.1109375 0.1484375
0 0.66015625 0.67109375 0.115625 0.153125
0 0.6640625 0.82265625 0.11875 0.16640625
0 0.78046875 0.36875 0.121875 0.140625
0 0.78515625 0.51875 0.1234375 0.14609375
0 0.790625 0.67265625 0.13125 0.153125
0 0.79765625 0.8328125 0.1390625 0.16796875