0 0.246875 0.915625 0.125 0.159375
0 0.61328125 0.8875 0.1375 0.2
0 0.4921875 0.89296875 0.134375 0.196875
0 0.7609375 0.89140625 0.146875 0.2015625
0 0.48828125 0.3328125 0.109375 0.11875
0 0.690625 0.10703125 0.10625 0.109375
0 0.48828125 0.44765625 0.1140625 0.1265625
0 0.73203125 0.56953125 0.1328125 0.140625
0 0.140625 0.72421875 0.1296875 0.1609375
0 0.59765625 0.32734375 0.1140625 0.11875
0 0.4890625 0.57265625 0.11875 0.134375
0 0.49375 0.71484375 0.125 0.15
0 0.1578125 0.5828125 0.11875 0.13125
0 0.4875 0.225 0.103125 0.1125
0 0.165625 0.46015625 0.1140625 0.125
0 0.59296875 0.21875 0.109375 0.1125
0 0.38515625 0.22421875 0.1046875 0.1109375
0 0.28515625 0.26015625 0.1015625 0.1203125
0 0.38046875 0.575 0.11875 0.1375
0 0.29296875 0.1484375 0.096875 0.115625
0 0.384375 0.33515625 0.109375 0.121875
0 0.48671875 0.1234375 0.1 0.103125
0 0.61484375 0.56796875 0.1234375 0.1375
0 0.1765625 0.3515625 0.1109375 0.1125
0 0.37578125 0.71796875 0.125 0.15
0 0.3875 0.12578125 0.1 0.0984375
0 0.7265625 0.4359375 0.1265625 0.1296875
0 0.615625 0.70859375 0.1328125 0.1515625
0 0.2546875 0.76015625 0.125 0.146875
0 0.259375 0.61640625 0.1171875 0.1421875
0 0.753125 0.71171875 0.1375 0.15
0 0.190625 0.246875 0.103125 0.1046875
0 0.12109375 0.90390625 0.13125 0.178125
0 0.2671875 0.49453125 0.1140625 0.128125
0 0.5859375 0.11484375 0.103125 0.103125
0 0.60546875 0.44140625 0.115625 0.1265625
0 0.27421875 0.37265625 0.1125 0.11875
0 0.7140625 0.315625 0.11875 0.121875
0 0.378125 0.453125 0.1125 0.125
0 0.359375 0.88984375 0.128125 0.19375
0 0.69921875 0.20625 0.1125 0.1125
0 0.20625 0.15078125 0.096875 0.103125
0 0.4921875 0.99296875 0.1140625 0.0125
0 0.60703125 0.99140625 0.109375 0.0171875