0 0.6578125 0.13125 0.2234375 0.115625
0 0.653125 0.2375 0.2109375 0.1109375
0 0.64296875 0.353125 0.2109375 0.115625
0 0.63671875 0.4671875 0.21875 0.1125
0 0.625 0.5984375 0.234375 0.14375
0 0.621875 0.76015625 0.2265625 0.15
0 0.465625 0.1515625 0.196875 0.134375
0 0.4515625 0.28125 0.2 0.1375
0 0.44140625 0.4015625 0.203125 0.1109375
0 0.428125 0.5109375 0.2015625 0.1109375
0 0.41796875 0.62890625 0.20625 0.1203125
0 0.40859375 0.7625 0.2109375 0.1375
0 0.21328125 0.75234375 0.196875 0.1234375
0 0.23046875 0.6265625 0.196875 0.109375
0 0.23984375 0.5078125 0.190625 0.1125
0 0.2546875 0.4 0.1875 0.109375
0 0.265625 0.28125 0.1984375 0.13125
0 0.2890625 0.159375 0.190625 0.1203125