0 0.46328125 0.6578125 0.1015625 0.1515625
0 0.4640625 0.36640625 0.0984375 0.140625
0 0.59375 0.10859375 0.1046875 0.115625
0 0.16796875 0.6625 0.1046875 0.1578125
0 0.18359375 0.3671875 0.09375 0.1296875
0 0.46015625 0.50546875 0.1 0.14375
0 0.58125 0.6984375 0.140625 0.134375
0 0.72109375 0.68828125 0.153125 0.1359375
0 0.15859375 0.825 0.109375 0.171875
0 0.36640625 0.3734375 0.1 0.15
0 0.71484375 0.55390625 0.146875 0.128125
0 0.49375 0.1109375 0.103125 0.1125
0 0.73359375 0.84375 0.15625 0.1515625
0 0.5609375 0.40546875 0.096875 0.1671875
0 0.46328125 0.23359375 0.096875 0.1296875
0 0.3640625 0.66328125 0.103125 0.15
0 0.19140625 0.2359375 0.0953125 0.1375
0 0.73984375 0.23828125 0.103125 0.153125
0 0.6515625 0.24375 0.0984375 0.15625
0 0.2671875 0.646875 0.103125 0.14375
0 0.70390625 0.10625 0.125 0.109375
0 0.26015625 0.8046875 0.1015625 0.1578125
0 0.36875 0.23203125 0.096875 0.1296875
0 0.58359375 0.8453125 0.146875 0.146875
0 0.36484375 0.51875 0.1 0.140625
0 0.57734375 0.55859375 0.1359375 0.128125
0 0.55546875 0.24921875 0.09375 0.1609375
0 0.6546875 0.40234375 0.103125 0.1640625
0 0.27734375 0.49140625 0.1 0.15
0 0.275 0.3484375 0.096875 0.13125
0 0.3578125 0.81953125 0.10625 0.165625
0 0.7578125 0.40390625 0.109375 0.1625
0 0.28203125 0.2234375 0.09375 0.128125
0 0.45859375 0.821875 0.10625 0.16875
0 0.17421875 0.50546875 0.09375 0.15
0 0.39375 0.115625 0.1109375 0.1125
0 0.3125 0.11171875 0.0671875 0.09375
0 0.1890625 0.1203125 0.0625 0.096875
0 0.21484375 0.11953125 0.1296875 0.1015625