0 0.32421875 0.14375 0.16875 0.196875
0 0.33515625 0.3328125 0.165625 0.18125
0 0.4890625 0.53671875 0.159375 0.128125
0 0.82265625 0.11484375 0.175 0.153125
0 0.6515625 0.32421875 0.165625 0.190625
0 0.32890625 0.48515625 0.165625 0.13125
0 0.4921875 0.25703125 0.16875 0.14375
0 0.49296875 0.4015625 0.165625 0.134375
0 0.6484375 0.6296875 0.1625 0.13125
0 0.803125 0.675 0.15625 0.159375
0 0.64609375 0.75625 0.15625 0.121875
0 0.490625 0.69921875 0.1546875 0.175
0 0.81640625 0.25625 0.171875 0.1421875
0 0.1984375 0.41875 0.109375 0.215625
0 0.6546875 0.140625 0.165625 0.196875
0 0.340625 0.6234375 0.1546875 0.13125
0 0.6453125 0.49453125 0.159375 0.13125
0 0.490625 0.85546875 0.153125 0.153125
0 0.79453125 0.52890625 0.1609375 0.13125
0 0.8015625 0.39765625 0.1671875 0.134375
0 0.78671875 0.8203125 0.146875 0.15625
0 0.48828125 0.1125 0.178125 0.1578125
0 0.6390625 0.87109375 0.1546875 0.1203125
0 0.3390625 0.75078125 0.159375 0.1265625
0 0.21953125 0.61171875 0.1 0.159375
0 0.19296875 0.17421875 0.115625 0.246875
0 0.3375 0.909375 0.1609375 0.18125