0 0.103125 0.621875 0.0734375 0.06953125
0 0.403125 0.56796875 0.0796875 0.075
0 0.6671875 0.340625 0.08984375 0.08671875
0 0.76640625 0.34140625 0.09609375 0.08671875
0 0.328125 0.4921875 0.0828125 0.0765625
0 0.1015625 0.55234375 0.0734375 0.071875
0 0.87109375 0.34296875 0.1 0.08828125
0 0.49765625 0.421875 0.0828125 0.078125
0 0.75234375 0.5109375 0.09609375 0.084375
0 0.58125 0.340625 0.0859375 0.084375
0 0.634375 0.7390625 0.0859375 0.08046875
0 0.75703125 0.42890625 0.09453125 0.0875
0 0.84453125 0.51796875 0.09921875 0.084375
0 0.56796875 0.57578125 0.084375 0.07734375
0 0.3265625 0.77734375 0.07265625 0.0703125
0 0.09921875 0.4078125 0.07734375 0.07421875
0 0.66796875 0.4265625 0.09140625 0.08203125
0 0.6328125 0.8078125 0.084375 0.08046875
0 0.578125 0.425 0.08515625 0.0796875
0 0.72734375 0.74453125 0.08828125 0.07890625
0 0.415625 0.4203125 0.08203125 0.07890625
0 0.5578125 0.72890625 0.0796875 0.07578125
0 0.565625 0.65390625 0.0828125 0.07734375
0 0.628125 0.884375 0.08359375 0.07890625
0 0.4796875 0.646875 0.07890625 0.07421875
0 0.815625 0.7515625 0.09453125 0.078125
0 0.415625 0.33984375 0.08359375 0.07734375
0 0.33203125 0.41875 0.08125 0.0765625
0 0.3953125 0.853125 0.0765625 0.0765625
0 0.83828125 0.5921875 0.10078125 0.08359375
0 0.2453125 0.56171875 0.07578125 0.07265625
0 0.83046875 0.67265625 0.0984375 0.0796875
0 0.72578125 0.82265625 0.0859375 0.07734375
0 0.18046875 0.62890625 0.06953125 0.07109375
0 0.48203125 0.57109375 0.0828125 0.0765625
0 0.09765625 0.33359375 0.078125 0.07578125
0 0.55625 0.79765625 0.07890625 0.07578125
0 0.24765625 0.49296875 0.07734375 0.07421875
0 0.16875 0.55625 0.07109375 0.0734375
0 0.2484375 0.77109375 0.07265625 0.0703125
0 0.03125 0.5484375 0.0625 0.0703125
0 0.571875 0.50234375 0.0859375 0.08125
0 0.86015625 0.434375 0.1 0.08671875
0 0.33125 0.33828125 0.08125 0.078125
0 0.40234375 0.64453125 0.07890625 0.07421875
0 0.73125 0.66796875 0.09140625 0.0796875
0 0.33046875 0.6390625 0.07890625 0.06875
0 0.74140625 0.5859375 0.08984375 0.08203125
0 0.41328125 0.5 0.084375 0.075
0 0.8125 0.82890625 0.09375 0.07890625
0 0.66171875 0.51015625 0.090625 0.08203125
0 0.171875 0.334375 0.07890625 0.0796875
0 0.171875 0.41015625 0.0796875 0.0765625
0 0.478125 0.7890625 0.078125 0.0765625
0 0.17578125 0.6984375 0.07109375 0.0703125
0 0.475 0.721875 0.07734375 0.0734375
0 0.09921875 0.4796875 0.07265625 0.07421875
0 0.653125 0.58359375 0.08671875 0.0796875
0 0.1078125 0.76015625 0.071875 0.0703125
0 0.646875 0.6609375 0.08671875 0.07734375
0 0.71953125 0.89296875 0.08828125 0.07890625
0 0.0296875 0.475 0.05859375 0.0734375
0 0.49375 0.34140625 0.0828125 0.078125
0 0.325 0.565625 0.08046875 0.07421875
0 0.25 0.63359375 0.07578125 0.06875
0 0.25078125 0.69921875 0.0765625 0.07265625
0 0.4890625 0.5015625 0.07734375 0.07578125
0 0.3953125 0.78359375 0.075 0.07734375
0 0.24921875 0.41484375 0.0765625 0.078125
0 0.32734375 0.70546875 0.06875 0.071875
0 0.25078125 0.33828125 0.07578125 0.08046875
0 0.0328125 0.62109375 0.065625 0.06796875
0 0.10625 0.68984375 0.071875 0.06875
0 0.02734375 0.33125 0.05390625 0.078125
0 0.0328125 0.753125 0.065625 0.06875
0 0.17578125 0.76640625 0.07109375 0.07109375
0 0.39765625 0.7109375 0.078125 0.07421875
0 0.55078125 0.8734375 0.07890625 0.07890625
0 0.16796875 0.4828125 0.0734375 0.0765625
0 0.32265625 0.846875 0.07265625 0.0765625
0 0.03046875 0.40859375 0.06015625 0.078125
0 0.17578125 0.8359375 0.0703125 0.0671875
0 0.25 0.84375 0.07109375 0.06953125
0 0.80546875 0.9015625 0.09375 0.08359375
0 0.10859375 0.828125 0.06796875 0.06875
0 0.47109375 0.86015625 0.07734375 0.07890625
0 0.03359375 0.684375 0.0671875 0.06875
0 0.0265625 0.8234375 0.053125 0.0703125