0 0.5171875 0.2578125 0.1609375 0.21796875
0 0.8484375 0.46796875 0.20859375 0.20390625
0 0.6859375 0.25546875 0.17421875 0.2265625
0 0.66484375 0.46484375 0.16953125 0.1953125
0 0.65 0.64609375 0.16171875 0.17265625
0 0.50859375 0.46015625 0.15234375 0.1859375
0 0.5 0.625 0.14609375 0.16796875
0 0.81015625 0.6546875 0.18359375 0.1734375
0 0.63046875 0.7953125 0.15 0.16328125
0 0.4921875 0.78125 0.134375 0.15625
0 0.36015625 0.76640625 0.12265625 0.1484375
0 0.36015625 0.45546875 0.13671875 0.18359375
0 0.3578125 0.2625 0.15 0.20703125
0 0.7734375 0.81875 0.1734375 0.159375
0 0.890625 0.24921875 0.2140625 0.23359375
0 0.34921875 0.61796875 0.13203125 0.16796875