0 0.515625 0.615625 0.1046875 0.121875
0 0.5109375 0.7515625 0.0984375 0.128125
0 0.61953125 0.6234375 0.1109375 0.1265625
0 0.51875 0.36484375 0.10625 0.128125
0 0.4203125 0.86328125 0.09375 0.13125
0 0.61953125 0.765625 0.1078125 0.125
0 0.33046875 0.7234375 0.0890625 0.121875
0 0.334375 0.246875 0.090625 0.1265625
0 0.2421875 0.834375 0.078125 0.1234375
0 0.6203125 0.4953125 0.1109375 0.128125
0 0.4234375 0.49609375 0.0953125 0.121875
0 0.33125 0.4875 0.0890625 0.11875
0 0.42265625 0.62109375 0.0953125 0.121875
0 0.509375 0.8765625 0.1 0.13125
0 0.62109375 0.3703125 0.1125 0.13125
0 0.328125 0.853125 0.0890625 0.1328125
0 0.24296875 0.71796875 0.0859375 0.1171875
0 0.42734375 0.23984375 0.0984375 0.1296875
0 0.63125 0.2328125 0.109375 0.134375
0 0.33203125 0.36640625 0.09375 0.121875
0 0.240625 0.59921875 0.084375 0.115625
0 0.3296875 0.6046875 0.0890625 0.11875
0 0.425 0.36484375 0.096875 0.125
0 0.42109375 0.740625 0.090625 0.1234375
0 0.24453125 0.24765625 0.0875 0.125
0 0.24296875 0.36640625 0.084375 0.11875
0 0.42890625 0.115625 0.096875 0.1328125
0 0.52578125 0.23359375 0.1 0.1328125
0 0.61015625 0.89140625 0.103125 0.13125
0 0.51953125 0.49453125 0.109375 0.13125
0 0.240625 0.4859375 0.084375 0.115625
0 0.33828125 0.12109375 0.090625 0.134375
0 0.6328125 0.09140625 0.11875 0.1515625
0 0.24609375 0.13046875 0.084375 0.1265625
0 0.5265625 0.10625 0.10625 0.1453125