0 0.4546875 0.7828125 0.0875 0.15
0 0.453125 0.45234375 0.08828125 0.1625
0 0.265625 0.45859375 0.0984375 0.16796875
0 0.77578125 0.7515625 0.06796875 0.14140625
0 0.62734375 0.44296875 0.07421875 0.15546875
0 0.45390625 0.6140625 0.0859375 0.1515625
0 0.3578125 0.4546875 0.0921875 0.16484375
0 0.36171875 0.7890625 0.08984375 0.1546875
0 0.5484375 0.7640625 0.08125 0.146875
0 0.7015625 0.75703125 0.071875 0.14296875
0 0.6234375 0.60546875 0.07421875 0.15
0 0.70234375 0.43984375 0.07421875 0.15703125
0 0.54453125 0.44609375 0.084375 0.1578125
0 0.7015625 0.5953125 0.07421875 0.14375
0 0.3609375 0.615625 0.090625 0.1578125
0 0.26875 0.8 0.0953125 0.1625
0 0.2671875 0.6265625 0.09609375 0.1625
0 0.78359375 0.440625 0.06875 0.15
0 0.54453125 0.60625 0.08359375 0.146875
0 0.6265625 0.76484375 0.07265625 0.14453125
0 0.77265625 0.58671875 0.06875 0.1453125