0 0.72109375 0.1421875 0.234375 0.1375
0 0.70078125 0.2734375 0.253125 0.146875
0 0.6875 0.4046875 0.25 0.128125
0 0.66796875 0.5390625 0.2640625 0.13125
0 0.64296875 0.7 0.271875 0.15
0 0.628125 0.884375 0.296875 0.184375
0 0.521875 0.15 0.209375 0.109375
0 0.49765625 0.24921875 0.221875 0.1125
0 0.4671875 0.35625 0.234375 0.115625
0 0.440625 0.47578125 0.234375 0.1171875
0 0.40625 0.6390625 0.259375 0.16875
0 0.365625 0.83515625 0.278125 0.221875
0 0.3421875 0.1625 0.1984375 0.1015625
0 0.3078125 0.2578125 0.2015625 0.109375
0 0.2734375 0.3640625 0.215625 0.1078125
0 0.23671875 0.4765625 0.2265625 0.115625
0 0.19140625 0.6265625 0.2359375 0.15
0 0.1375 0.80625 0.253125 0.19375