0 0.6703125 0.2125 0.08125 0.040625
0 0.7046875 0.29609375 0.075 0.125
0 0.6890625 0.41796875 0.071875 0.1171875
0 0.67265625 0.52890625 0.053125 0.109375
0 0.66484375 0.63125 0.065625 0.096875
0 0.65390625 0.7265625 0.06875 0.0921875
0 0.59609375 0.20625 0.075 0.0375
0 0.5640625 0.246875 0.078125 0.0375
0 0.5640625 0.28671875 0.075 0.040625
0 0.640625 0.25 0.071875 0.0390625
0 0.63828125 0.2890625 0.078125 0.0390625
0 0.634375 0.3265625 0.0765625 0.0421875
0 0.6296875 0.365625 0.0765625 0.034375
0 0.62265625 0.40078125 0.06875 0.0359375
0 0.6203125 0.43671875 0.071875 0.0359375
0 0.61796875 0.46953125 0.075 0.034375
0 0.61484375 0.50234375 0.071875 0.0375
0 0.61484375 0.5359375 0.06875 0.0359375
0 0.61328125 0.5671875 0.0765625 0.0328125
0 0.609375 0.59609375 0.065625 0.03125
0 0.60703125 0.6265625 0.0625 0.0328125
0 0.60390625 0.6546875 0.0671875 0.03125
0 0.5984375 0.6859375 0.065625 0.03125
0 0.5953125 0.71328125 0.0609375 0.03125
0 0.590625 0.74140625 0.059375 0.0296875
0 0.59140625 0.76953125 0.0625 0.0296875
0 0.52578125 0.77109375 0.065625 0.034375
0 0.52890625 0.74453125 0.0671875 0.034375
0 0.53046875 0.7203125 0.071875 0.03125
0 0.53203125 0.690625 0.071875 0.034375
0 0.5390625 0.66171875 0.0671875 0.034375
0 0.5375 0.63046875 0.071875 0.034375
0 0.54296875 0.6 0.071875 0.0359375
0 0.5453125 0.5703125 0.06875 0.03125
0 0.5421875 0.53828125 0.071875 0.0375
0 0.5453125 0.503125 0.071875 0.0375
0 0.51640625 0.2046875 0.078125 0.040625
0 0.48125 0.24375 0.075 0.034375
0 0.47890625 0.28515625 0.071875 0.0390625
0 0.48046875 0.32265625 0.075 0.0359375
0 0.47890625 0.3609375 0.0765625 0.0359375
0 0.48046875 0.39921875 0.06875 0.034375
0 0.559375 0.325 0.071875 0.0390625
0 0.55625 0.3625 0.06875 0.03125
0 0.553125 0.4 0.075 0.034375
0 0.54921875 0.43671875 0.071875 0.03125
0 0.54765625 0.4703125 0.071875 0.0328125
0 0.4765625 0.4359375 0.06875 0.0375
0 0.478125 0.46953125 0.06875 0.034375
0 0.47421875 0.50390625 0.06875 0.0328125
0 0.47265625 0.5375 0.065625 0.03125
0 0.4703125 0.56953125 0.065625 0.034375
0 0.4734375 0.60234375 0.0671875 0.0328125
0 0.471875 0.63203125 0.065625 0.034375
0 0.47109375 0.6640625 0.0625 0.03125
0 0.465625 0.6921875 0.0609375 0.03125
0 0.4640625 0.7203125 0.0625 0.0296875
0 0.46171875 0.7484375 0.065625 0.03125
0 0.4609375 0.77578125 0.0609375 0.0359375
0 0.3953125 0.77890625 0.0671875 0.0359375
0 0.39609375 0.7515625 0.06875 0.0328125
0 0.39921875 0.72421875 0.0671875 0.03125
0 0.4 0.69609375 0.0625 0.034375
0 0.40078125 0.6671875 0.065625 0.0328125
0 0.40390625 0.6359375 0.06875 0.034375
0 0.40546875 0.603125 0.06875 0.0359375
0 0.403125 0.571875 0.06875 0.0359375
0 0.40703125 0.5390625 0.0671875 0.0375
0 0.40546875 0.50625 0.06875 0.0359375
0 0.4046875 0.471875 0.06875 0.0375
0 0.4046875 0.4359375 0.06875 0.0375
0 0.40546875 0.39921875 0.0765625 0.0375
0 0.40703125 0.36015625 0.071875 0.040625
0 0.40390625 0.32109375 0.0765625 0.0359375
0 0.40390625 0.28359375 0.0765625 0.040625
0 0.4015625 0.2421875 0.0765625 0.040625
0 0.4390625 0.20234375 0.08125 0.0453125
0 0.35234375 0.196875 0.084375 0.046875
0 0.32578125 0.23671875 0.08125 0.0375
0 0.328125 0.278125 0.08125 0.0390625
0 0.328125 0.31875 0.075 0.0375
0 0.32734375 0.359375 0.08125 0.0375
0 0.3296875 0.396875 0.0828125 0.034375
0 0.3328125 0.4328125 0.08125 0.0359375
0 0.33203125 0.46953125 0.0828125 0.0375
0 0.33203125 0.5046875 0.078125 0.034375
0 0.33203125 0.53828125 0.078125 0.0328125
0 0.33359375 0.57109375 0.078125 0.034375
0 0.334375 0.60390625 0.075 0.034375
0 0.3359375 0.6375 0.071875 0.034375
0 0.33359375 0.66875 0.078125 0.03125
0 0.33125 0.69765625 0.075 0.0359375
0 0.33046875 0.72734375 0.071875 0.03125
0 0.328125 0.7546875 0.06875 0.03125
0 0.328125 0.7828125 0.071875 0.034375
0 0.26796875 0.19375 0.084375 0.04375
0 0.23828125 0.23125 0.090625 0.0375
0 0.2453125 0.275 0.0859375 0.0390625
0 0.24609375 0.3171875 0.0859375 0.0390625
0 0.2484375 0.35625 0.084375 0.0390625
0 0.25078125 0.39609375 0.0828125 0.0359375
0 0.25078125 0.4328125 0.0828125 0.0359375
0 0.2515625 0.4703125 0.078125 0.0359375
0 0.25390625 0.5046875 0.078125 0.0375
0 0.2546875 0.540625 0.075 0.034375
0 0.25625 0.5734375 0.075 0.0375
0 0.25859375 0.60390625 0.078125 0.0359375
0 0.25859375 0.6375 0.0765625 0.0328125
0 0.259375 0.66953125 0.078125 0.0359375
0 0.26015625 0.70078125 0.0765625 0.034375
0 0.259375 0.73125 0.078125 0.03125
0 0.26015625 0.75859375 0.078125 0.0296875
0 0.26015625 0.7875 0.0765625 0.0328125
0 0.18359375 0.18984375 0.084375 0.0421875
0 0.16875 0.24140625 0.059375 0.06875
0 0.17421875 0.31171875 0.05625 0.0625
0 0.18046875 0.37734375 0.059375 0.0671875
0 0.18125 0.44140625 0.053125 0.059375
0 0.184375 0.4984375 0.053125 0.05625
0 0.1921875 0.55546875 0.0484375 0.05625
0 0.19453125 0.6078125 0.0609375 0.0546875
0 0.19765625 0.6609375 0.0484375 0.0515625
0 0.2 0.7109375 0.04375 0.053125
0 0.0734375 0.36640625 0.146875 0.1265625
0 0.071875 0.2296875 0.13125 0.1375
0 0.08359375 0.49375 0.140625 0.121875
0 0.1109375 0.6015625 0.115625 0.0953125
0 0.0234375 0.603125 0.046875 0.0953125
0 0.11875 0.69140625 0.1171875 0.0859375
0 0.1453125 0.77890625 0.153125 0.08125
0 0.028125 0.696875 0.05625 0.0875
0 0.0390625 0.7828125 0.078125 0.0828125