0 0.2859375 0.875 0.221875 0.128125
0 0.30234375 0.75 0.2375 0.1359375
0 0.3171875 0.6234375 0.240625 0.125
0 0.32578125 0.49765625 0.2515625 0.125
0 0.34765625 0.35078125 0.2734375 0.1421875
0 0.36484375 0.1859375 0.290625 0.175
0 0.6109375 0.23671875 0.259375 0.1890625
0 0.578125 0.41953125 0.24375 0.1640625
0 0.5453125 0.56015625 0.228125 0.1234375
0 0.52421875 0.66875 0.2234375 0.11875
0 0.503125 0.771875 0.209375 0.1125
0 0.48203125 0.8671875 0.19375 0.10625
0 0.66328125 0.85 0.19375 0.1
0 0.6859375 0.7609375 0.20625 0.10625
0 0.715625 0.6609375 0.209375 0.10625
0 0.7484375 0.5578125 0.215625 0.109375
0 0.7875 0.4140625 0.2390625 0.15
0 0.83671875 0.2421875 0.246875 0.184375