0 0.1015625 0.30234375 0.109375 0.17421875
0 0.2078125 0.31484375 0.12109375 0.178125
0 0.32421875 0.3265625 0.1234375 0.18515625
0 0.45546875 0.34609375 0.1375 0.19765625
0 0.6140625 0.36640625 0.1546875 0.21640625
0 0.809375 0.38359375 0.17265625 0.2296875
0 0.1140625 0.45546875 0.109375 0.1703125
0 0.2171875 0.47265625 0.11328125 0.1703125
0 0.3296875 0.49609375 0.11875 0.178125
0 0.45390625 0.52265625 0.1359375 0.19609375
0 0.60703125 0.553125 0.14921875 0.20703125
0 0.784375 0.58046875 0.175 0.2125
0 0.1265625 0.59765625 0.109375 0.1515625
0 0.228125 0.621875 0.10625 0.15703125
0 0.334375 0.64609375 0.1140625 0.1703125
0 0.4515625 0.678125 0.12890625 0.18125
0 0.596875 0.72109375 0.1453125 0.19296875
0 0.7578125 0.75625 0.146875 0.19609375