0 0.128125 0.2796875 0.11328125 0.22890625
0 0.2328125 0.290625 0.12578125 0.246875
0 0.35078125 0.30625 0.1390625 0.25390625
0 0.5015625 0.3125 0.146875 0.253125
0 0.671875 0.3328125 0.1734375 0.284375
0 0.8890625 0.353125 0.21796875 0.315625
0 0.14375 0.484375 0.1078125 0.2109375
0 0.24921875 0.50546875 0.115625 0.225
0 0.359375 0.534375 0.1234375 0.2359375
0 0.5 0.54609375 0.14765625 0.25
0 0.6625 0.58203125 0.16640625 0.26640625
0 0.86015625 0.61953125 0.2 0.29140625
0 0.146875 0.69296875 0.10625 0.221875
0 0.246875 0.721875 0.11171875 0.24296875
0 0.353125 0.7609375 0.128125 0.23359375
0 0.4921875 0.76875 0.140625 0.240625
0 0.64765625 0.81640625 0.159375 0.26640625
0 0.840625 0.8671875 0.1921875 0.265625