0 0.7421875 0.32421875 0.11953125 0.1671875
0 0.43125 0.15546875 0.09609375 0.16953125
0 0.53203125 0.15234375 0.09921875 0.17578125
0 0.6265625 0.31796875 0.1046875 0.1671875
0 0.59921875 0.88203125 0.10078125 0.1484375
0 0.6140625 0.471875 0.10859375 0.15625
0 0.63203125 0.14296875 0.10703125 0.1828125
0 0.33828125 0.153125 0.08984375 0.1640625
0 0.22734375 0.4515625 0.0984375 0.13515625
0 0.22734375 0.5734375 0.08984375 0.13515625
0 0.23984375 0.15625 0.096875 0.15546875
0 0.71875 0.76953125 0.11171875 0.15078125
0 0.5125 0.4671875 0.1015625 0.146875
0 0.5109375 0.73671875 0.0984375 0.1453125
0 0.43125 0.31796875 0.08984375 0.15625
0 0.61484375 0.6109375 0.103125 0.14765625
0 0.340625 0.31640625 0.0859375 0.15078125
0 0.32265625 0.5875 0.09375 0.1375
0 0.3203125 0.4578125 0.09453125 0.14140625
0 0.60625 0.753125 0.1015625 0.1484375
0 0.52265625 0.3171875 0.09609375 0.16484375
0 0.41484375 0.46015625 0.096875 0.14453125
0 0.50859375 0.865625 0.0953125 0.14296875
0 0.23359375 0.70234375 0.08671875 0.12578125
0 0.24453125 0.3109375 0.09921875 0.15
0 0.7515625 0.146875 0.11328125 0.18359375
0 0.72109375 0.6296875 0.11484375 0.15078125
0 0.325 0.8328125 0.0859375 0.1359375
0 0.14296875 0.1640625 0.0953125 0.1515625
0 0.240625 0.8125 0.08359375 0.12578125
0 0.4140625 0.72578125 0.0953125 0.13359375
0 0.15078125 0.3078125 0.0921875 0.14375
0 0.70703125 0.9046875 0.10703125 0.14765625
0 0.1515625 0.68125 0.0828125 0.128125
0 0.1421875 0.43984375 0.0828125 0.13125
0 0.415625 0.59375 0.096875 0.13828125
0 0.5125 0.6015625 0.1 0.1390625
0 0.3234375 0.70859375 0.090625 0.13203125
0 0.7296875 0.4796875 0.11640625 0.15546875
0 0.146875 0.5640625 0.07890625 0.1296875
0 0.41640625 0.85234375 0.09140625 0.13203125
0 0.16875 0.79609375 0.08203125 0.1203125