0 0.53203125 0.71640625 0.1296875 0.16875
0 0.67734375 0.9046875 0.14375 0.1859375
0 0.28203125 0.709375 0.128125 0.1625
0 0.1328125 0.26171875 0.1125 0.165625
0 0.53359375 0.90234375 0.140625 0.1875
0 0.665625 0.721875 0.13125 0.1671875
0 0.53671875 0.565625 0.1265625 0.15
0 0.39453125 0.8921875 0.14375 0.1875
0 0.53984375 0.421875 0.11875 0.1390625
0 0.4234375 0.41796875 0.121875 0.1390625
0 0.409375 0.71328125 0.134375 0.16875
0 0.31171875 0.41640625 0.11875 0.134375
0 0.41796875 0.56015625 0.1265625 0.1484375
0 0.55 0.16875 0.1109375 0.1125
0 0.78203125 0.71171875 0.109375 0.171875
0 0.42890625 0.2828125 0.115625 0.128125
0 0.65625 0.28828125 0.115625 0.128125
0 0.5421875 0.28671875 0.115625 0.1234375
0 0.3390625 0.1640625 0.1125 0.115625
0 0.06796875 0.8421875 0.1234375 0.2265625
0 0.08203125 0.62890625 0.128125 0.2
0 0.44296875 0.1640625 0.1125 0.115625
0 0.65703125 0.56640625 0.121875 0.1453125
0 0.7265625 0.05234375 0.103125 0.08125
0 0.20625 0.43984375 0.11875 0.1875
0 0.30234375 0.55859375 0.125 0.15
0 0.71875 0.14921875 0.0828125 0.1171875
0 0.1765625 0.63125 0.11875 0.203125
0 0.23515625 0.25859375 0.115625 0.171875
0 0.321875 0.28671875 0.115625 0.128125
0 0.76796875 0.55390625 0.1015625 0.153125
0 0.79765625 0.89921875 0.1234375 0.190625
0 0.34609375 0.06484375 0.096875 0.0890625
0 0.53515625 0.05078125 0.096875 0.08125
0 0.765625 0.40859375 0.0984375 0.140625
0 0.64375 0.16640625 0.084375 0.1234375
0 0.15625 0.109375 0.115625 0.146875
0 0.246875 0.10546875 0.103125 0.109375
0 0.6578125 0.4203125 0.121875 0.1375
0 0.109375 0.43671875 0.1171875 0.175
0 0.43828125 0.0625 0.096875 0.090625
0 0.63515625 0.05546875 0.096875 0.078125
0 0.76015625 0.26953125 0.090625 0.134375
0 0.26796875 0.88671875 0.140625 0.1875
0 0.15234375 0.84765625 0.1359375 0.2390625