0 0.75 0.39609375 0.259375 0.234375
0 0.50625 0.58515625 0.1953125 0.16875
0 0.72265625 0.58359375 0.228125 0.165625
0 0.71171875 0.734375 0.203125 0.15625
0 0.4828125 0.15859375 0.259375 0.2875
0 0.909375 0.58359375 0.1765625 0.1734375
0 0.934375 0.14296875 0.121875 0.2828125
0 0.4875 0.4015625 0.23125 0.2125
0 0.509375 0.7234375 0.18125 0.1390625
0 0.88125 0.72578125 0.153125 0.140625
0 0.928125 0.3859375 0.134375 0.228125
0 0.76015625 0.14765625 0.2875 0.2953125
0 0.97265625 0.72890625 0.053125 0.1421875