0 0.2796875 0.871875 0.228125 0.1140625
0 0.290625 0.7671875 0.246875 0.1265625
0 0.30625 0.64921875 0.253125 0.1390625
0 0.3125 0.4984375 0.253125 0.146875
0 0.3328125 0.328125 0.284375 0.1734375
0 0.353125 0.1109375 0.315625 0.21875
0 0.484375 0.85625 0.2109375 0.1078125
0 0.50546875 0.75078125 0.225 0.115625
0 0.534375 0.640625 0.2359375 0.1234375
0 0.54609375 0.5 0.25 0.146875
0 0.58203125 0.3375 0.265625 0.165625
0 0.61953125 0.13984375 0.290625 0.2
0 0.69296875 0.853125 0.221875 0.10625
0 0.721875 0.753125 0.24375 0.1125
0 0.7609375 0.646875 0.234375 0.128125
0 0.76875 0.5078125 0.240625 0.140625
0 0.81640625 0.35234375 0.265625 0.159375
0 0.8671875 0.159375 0.265625 0.1921875