0 0.65390625 0.22578125 0.1 0.1328125
0 0.60625 0.44609375 0.18046875 0.06484375
0 0.55390625 0.23046875 0.09453125 0.13125
0 0.8046875 0.5734375 0.20390625 0.06875
0 0.246875 0.4328125 0.0640625 0.12421875
0 0.45703125 0.68828125 0.11171875 0.090625
0 0.80703125 0.5140625 0.20546875 0.065625
0 0.6578125 0.3546875 0.0984375 0.1234375
0 0.35 0.6859375 0.10390625 0.08671875
0 0.82109375 0.72265625 0.1359375 0.103125
0 0.76875 0.2515625 0.1171875 0.0671875
0 0.56875 0.7921875 0.115625 0.09609375
0 0.46171875 0.23671875 0.0890625 0.12578125
0 0.81484375 0.8203125 0.13359375 0.10703125
0 0.55703125 0.35234375 0.09375 0.11875
0 0.18359375 0.4328125 0.065625 0.12109375
0 0.690625 0.71328125 0.12734375 0.0984375
0 0.86640625 0.434375 0.0953125 0.0875
0 0.25 0.76328125 0.0984375 0.084375
0 0.37734375 0.25390625 0.06953125 0.1109375
0 0.4671875 0.353125 0.0875 0.11796875
0 0.57109375 0.69765625 0.115625 0.09609375
0 0.684375 0.80234375 0.1265625 0.10234375
0 0.61171875 0.5125 0.18359375 0.0625
0 0.86875 0.3421875 0.09453125 0.0921875
0 0.31796875 0.4609375 0.07109375 0.125
0 0.44765625 0.62265625 0.15234375 0.06171875
0 0.18125 0.55078125 0.0625 0.115625
0 0.1984375 0.66171875 0.06171875 0.10625
0 0.43828125 0.51015625 0.16171875 0.06015625
0 0.3515625 0.76953125 0.10078125 0.08828125
0 0.3796875 0.359375 0.0796875 0.1140625
0 0.13046875 0.65546875 0.065625 0.109375
0 0.25 0.55078125 0.06640625 0.1171875
0 0.11875 0.43203125 0.06171875 0.11796875
0 0.2609375 0.66796875 0.06953125 0.10703125
0 0.615625 0.63203125 0.17421875 0.0640625
0 0.765625 0.3796875 0.115625 0.06171875
0 0.7609375 0.44375 0.1171875 0.0625
0 0.325 0.5796875 0.06875 0.11484375
0 0.80234375 0.6421875 0.2015625 0.0671875
0 0.61015625 0.56953125 0.17890625 0.0625
0 0.43828125 0.4453125 0.16328125 0.06171875
0 0.76640625 0.31953125 0.115625 0.06328125
0 0.45390625 0.7796875 0.11015625 0.09296875
0 0.12265625 0.54765625 0.05859375 0.115625
0 0.87578125 0.25 0.09765625 0.096875
0 0.2421875 0.26015625 0.0671875 0.0796875
0 0.1109375 0.24140625 0.08203125 0.05390625
0 0.1515625 0.75703125 0.096875 0.08515625
0 0.246875 0.3359375 0.06171875 0.07265625
0 0.3140625 0.28359375 0.065625 0.07734375
0 0.18359375 0.33671875 0.0609375 0.07265625
0 0.44375 0.5625 0.16015625 0.05703125
0 0.1140625 0.3453125 0.08203125 0.0578125
0 0.18046875 0.26328125 0.06171875 0.07578125
0 0.11328125 0.29296875 0.07734375 0.05234375
0 0.3140625 0.36171875 0.0609375 0.0765625