0 0.1578125 0.6640625 0.146875 0.128125
0 0.1859375 0.53828125 0.1140625 0.1203125
0 0.19453125 0.42421875 0.10625 0.103125
0 0.20078125 0.31875 0.1375 0.103125
0 0.19140625 0.2125 0.121875 0.109375
0 0.31015625 0.20546875 0.121875 0.1109375
0 0.32890625 0.3140625 0.128125 0.109375
0 0.31875 0.421875 0.153125 0.109375
0 0.315625 0.528125 0.153125 0.109375
0 0.30859375 0.640625 0.1609375 0.109375
0 0.284375 0.75234375 0.184375 0.1078125
0 0.45859375 0.7609375 0.190625 0.10625
0 0.46640625 0.6546875 0.18125 0.1046875
0 0.47109375 0.5546875 0.171875 0.1
0 0.47421875 0.4578125 0.1765625 0.1
0 0.478125 0.359375 0.171875 0.103125
0 0.478125 0.26015625 0.178125 0.1015625
0 0.46953125 0.1671875 0.19375 0.075
0 0.65859375 0.1703125 0.178125 0.075
0 0.83828125 0.1640625 0.190625 0.0765625
0 0.653125 0.25625 0.1875 0.10625
0 0.65 0.35625 0.184375 0.103125
0 0.64921875 0.4578125 0.1765625 0.103125
0 0.64296875 0.56015625 0.184375 0.0953125
0 0.64140625 0.66328125 0.178125 0.096875
0 0.6421875 0.7671875 0.184375 0.10625
0 0.82890625 0.77734375 0.196875 0.1046875
0 0.8296875 0.6703125 0.1875 0.1015625
0 0.83046875 0.5640625 0.1890625 0.103125
0 0.834375 0.4578125 0.190625 0.103125
0 0.83515625 0.353125 0.1984375 0.109375
0 0.834375 0.2515625 0.190625 0.103125