0 0.103125 0.3375 0.14375 0.1703125
0 0.246875 0.3375 0.1421875 0.171875
0 0.3890625 0.33671875 0.14609375 0.1734375
0 0.528125 0.3328125 0.1421875 0.17578125
0 0.6921875 0.3359375 0.1859375 0.171875
0 0.8703125 0.33046875 0.18203125 0.1640625
0 0.90859375 0.5 0.15078125 0.17421875
0 0.76015625 0.50546875 0.15625 0.16953125
0 0.61953125 0.50390625 0.14609375 0.16953125
0 0.47890625 0.50703125 0.1421875 0.1703125
0 0.3109375 0.50234375 0.18046875 0.16640625
0 0.12578125 0.50625 0.19609375 0.1640625
0 0.1015625 0.6734375 0.1546875 0.1703125
0 0.24140625 0.671875 0.1390625 0.17421875
0 0.38828125 0.67265625 0.1375 0.1734375
0 0.53046875 0.671875 0.140625 0.16953125
0 0.69765625 0.6703125 0.19453125 0.1703125
0 0.884375 0.671875 0.19609375 0.16640625
0 0.915625 0.84296875 0.1546875 0.178125
0 0.771875 0.84375 0.15078125 0.1796875
0 0.6296875 0.8421875 0.1375 0.1734375
0 0.4890625 0.84453125 0.15078125 0.17578125
0 0.315625 0.84765625 0.19453125 0.17421875
0 0.12578125 0.846875 0.2 0.17578125