0 0.178125 0.4171875 0.1625 0.125
0 0.63359375 0.5484375 0.1625 0.1328125
0 0.325 0.41640625 0.159375 0.128125
0 0.47421875 0.4171875 0.159375 0.1265625
0 0.47421875 0.840625 0.171875 0.159375
0 0.1578125 0.6796875 0.165625 0.140625
0 0.3140625 0.8375 0.1671875 0.1515625
0 0.32109375 0.68671875 0.1625 0.1390625
0 0.47265625 0.54765625 0.1640625 0.1328125
0 0.64140625 0.68984375 0.171875 0.14375
0 0.325 0.5515625 0.1625 0.1328125
0 0.6328125 0.4140625 0.159375 0.1265625
0 0.78046875 0.54453125 0.1390625 0.134375
0 0.146875 0.83203125 0.16875 0.15
0 0.78984375 0.69140625 0.146875 0.140625
0 0.47890625 0.2921875 0.134375 0.1375
0 0.16640625 0.5484375 0.15625 0.13125
0 0.471875 0.6859375 0.165625 0.1421875
0 0.3515625 0.15234375 0.134375 0.14375
0 0.63515625 0.846875 0.16875 0.15625
0 0.61875 0.2890625 0.140625 0.134375
0 0.3515625 0.29453125 0.1375 0.134375
0 0.478125 0.14921875 0.13125 0.1421875
0 0.7921875 0.83828125 0.140625 0.1421875
0 0.21796875 0.296875 0.13125 0.128125
0 0.22265625 0.1625 0.128125 0.1375
0 0.621875 0.14375 0.1421875 0.146875
0 0.74296875 0.27890625 0.109375 0.140625
0 0.77109375 0.4203125 0.1296875 0.128125
0 0.74140625 0.1125 0.1125 0.1765625