0 0.3140625 0.109375 0.11875 0.2140625
0 0.54140625 0.42109375 0.1140625 0.146875
0 0.20859375 0.10859375 0.128125 0.215625
0 0.32109375 0.31328125 0.1109375 0.1859375
0 0.32578125 0.59921875 0.125 0.11875
0 0.43828125 0.0734375 0.125 0.140625
0 0.31640625 0.4703125 0.1328125 0.121875
0 0.3875 0.9109375 0.096875 0.0796875
0 0.434375 0.53828125 0.10625 0.103125
0 0.43359375 0.72578125 0.1 0.0875
0 0.2203125 0.31484375 0.1140625 0.184375
0 0.434375 0.63984375 0.103125 0.0953125
0 0.32421875 0.7171875 0.125 0.109375
0 0.76484375 0.1078125 0.10625 0.1625
0 0.62890625 0.68828125 0.09375 0.103125
0 0.47734375 0.909375 0.09375 0.0828125
0 0.21328125 0.6546875 0.103125 0.153125
0 0.34609375 0.825 0.121875 0.1046875
0 0.8578125 0.11484375 0.10625 0.1625
0 0.6359375 0.471875 0.1 0.115625
0 0.8015625 0.63203125 0.084375 0.08125
0 0.290625 0.9140625 0.1 0.084375
0 0.82109375 0.40703125 0.09375 0.134375
0 0.6640625 0.1828125 0.1015625 0.103125
0 0.44921875 0.82578125 0.096875 0.0875
0 0.75546875 0.23828125 0.0984375 0.0984375
0 0.43359375 0.43359375 0.109375 0.109375
0 0.67109375 0.07890625 0.1078125 0.1125
0 0.1984375 0.49609375 0.1109375 0.1640625
0 0.653125 0.2828125 0.096875 0.09375
0 0.5640625 0.103125 0.125 0.175
0 0.53828125 0.546875 0.1015625 0.103125
0 0.71015625 0.6625 0.084375 0.0765625
0 0.56953125 0.90390625 0.09375 0.08125
0 0.43515625 0.20234375 0.1171875 0.128125
0 0.73046875 0.41953125 0.0875 0.084375
0 0.6296875 0.58203125 0.09375 0.109375
0 0.54765625 0.2734375 0.11875 0.159375
0 0.43671875 0.321875 0.1140625 0.1171875
0 0.53359375 0.7296875 0.096875 0.0875
0 0.8125 0.53125 0.0875 0.1234375
0 0.54921875 0.82421875 0.096875 0.0859375
0 0.225 0.8 0.1125 0.1421875
0 0.5390625 0.6421875 0.1 0.09375
0 0.6328125 0.8046875 0.0734375 0.115625
0 0.73046875 0.5015625 0.0875 0.0828125
0 0.64765625 0.3703125 0.0953125 0.0890625
0 0.84375 0.26484375 0.103125 0.1453125
0 0.7890625 0.7078125 0.08125 0.0734375
0 0.70625 0.73828125 0.08125 0.065625
0 0.7421875 0.3296875 0.0921875 0.090625
0 0.71875 0.58828125 0.0828125 0.08125
0 0.784375 0.8578125 0.059375 0.09375
0 0.7828125 0.78203125 0.08125 0.0671875
0 0.6578125 0.89140625 0.08125 0.0875
0 0.7 0.80703125 0.075 0.071875