0 0.61171875 0.4109375 0.128125 0.09375
0 0.51484375 0.76328125 0.159375 0.1015625
0 0.36953125 0.66484375 0.134375 0.090625
0 0.66015625 0.6859375 0.1453125 0.1
0 0.478125 0.40625 0.1453125 0.09375
0 0.50859375 0.66796875 0.1546875 0.096875
0 0.67890625 0.8875 0.153125 0.11875
0 0.78515625 0.58515625 0.1625 0.103125
0 0.796875 0.68828125 0.1625 0.103125
0 0.66328125 0.78671875 0.14375 0.103125
0 0.64609375 0.5890625 0.1390625 0.1
0 0.53203125 0.865625 0.165625 0.115625
0 0.490625 0.49375 0.1484375 0.09375
0 0.76953125 0.4859375 0.15625 0.1
0 0.60390625 0.303125 0.125 0.13125
0 0.4984375 0.57421875 0.153125 0.0953125
0 0.81015625 0.7890625 0.16875 0.109375
0 0.7515625 0.3875 0.153125 0.103125
0 0.346875 0.33984375 0.1203125 0.0875
0 0.6328125 0.503125 0.1375 0.096875
0 0.37109375 0.759375 0.134375 0.096875
0 0.35390625 0.5015625 0.121875 0.084375
0 0.346875 0.4203125 0.121875 0.084375
0 0.4734375 0.31875 0.140625 0.1
0 0.36328125 0.58046875 0.128125 0.084375
0 0.828125 0.89921875 0.165625 0.1265625
0 0.378125 0.85078125 0.140625 0.1109375
0 0.73359375 0.27734375 0.14375 0.140625
0 0.18671875 0.815625 0.071875 0.1234375
0 0.2671875 0.82265625 0.0875 0.1234375
0 0.2640625 0.60546875 0.078125 0.096875
0 0.18515625 0.70625 0.0734375 0.103125
0 0.24140625 0.33515625 0.090625 0.06875
0 0.2640625 0.709375 0.084375 0.10625
0 0.1796875 0.421875 0.071875 0.0984375
0 0.2578125 0.51015625 0.0796875 0.1
0 0.184375 0.60859375 0.0765625 0.103125
0 0.24921875 0.4140625 0.075 0.1
0 0.18203125 0.5171875 0.071875 0.0921875