0 0.628125 0.1390625 0.1125 0.2640625
0 0.525 0.13984375 0.10859375 0.26796875
0 0.4171875 0.140625 0.1109375 0.2671875
0 0.61328125 0.37421875 0.10078125 0.21015625
0 0.521875 0.37734375 0.09609375 0.2125
0 0.42890625 0.56875 0.0890625 0.17421875
0 0.51328125 0.56953125 0.08671875 0.16953125
0 0.41875 0.37421875 0.09921875 0.21015625
0 0.30078125 0.15390625 0.14296875 0.23671875
0 0.51171875 0.725 0.0796875 0.146875
0 0.43359375 0.73046875 0.08125 0.1515625
0 0.60234375 0.56484375 0.090625 0.17265625
0 0.3125 0.36875 0.12421875 0.1953125
0 0.59453125 0.72578125 0.0796875 0.14375
0 0.746875 0.1375 0.1265625 0.26328125
0 0.32578125 0.55 0.11171875 0.1640625
0 0.34609375 0.696875 0.1015625 0.1390625
0 0.7125 0.3734375 0.11015625 0.21171875
0 0.19921875 0.36640625 0.1421875 0.2
0 0.67578125 0.728125 0.09296875 0.1453125
0 0.22265625 0.546875 0.125 0.16484375
0 0.696875 0.565625 0.09921875 0.1734375
0 0.1640625 0.14609375 0.15390625 0.2484375
0 0.240625 0.696875 0.11953125 0.15234375