0 0.26171875 0.459375 0.103125 0.171875
0 0.36171875 0.4546875 0.09375 0.16796875
0 0.453125 0.4546875 0.09140625 0.165625
0 0.5421875 0.4484375 0.08515625 0.15546875
0 0.62578125 0.44609375 0.075 0.153125
0 0.70546875 0.44453125 0.071875 0.15859375
0 0.78125 0.44140625 0.06640625 0.15546875
0 0.26796875 0.625 0.1 0.1609375
0 0.3640625 0.62109375 0.09140625 0.15546875
0 0.45390625 0.6125 0.0875 0.153125
0 0.5421875 0.6046875 0.08359375 0.14609375
0 0.62578125 0.603125 0.0734375 0.14453125
0 0.7015625 0.60078125 0.071875 0.14609375
0 0.77578125 0.59375 0.071875 0.14609375
0 0.2703125 0.7984375 0.0984375 0.16640625
0 0.3671875 0.7890625 0.09296875 0.15546875
0 0.45625 0.78515625 0.08671875 0.15703125
0 0.54609375 0.76640625 0.0875 0.146875
0 0.6296875 0.7625 0.0734375 0.15
0 0.703125 0.75859375 0.07109375 0.14140625
0 0.7765625 0.75234375 0.065625 0.14609375