0 0.84609375 0.25546875 0.1125 0.1625
0 0.44609375 0.41953125 0.1453125 0.1828125
0 0.8375 0.41640625 0.125 0.153125
0 0.584375 0.24375 0.15625 0.1875
0 0.25 0.59453125 0.26875 0.13125
0 0.5828125 0.421875 0.13125 0.1703125
0 0.83515625 0.56640625 0.1 0.146875
0 0.4671875 0.58515625 0.14375 0.178125
0 0.603125 0.57890625 0.128125 0.159375
0 0.72109375 0.56796875 0.1125 0.1515625
0 0.7078125 0.41875 0.1234375 0.1625
0 0.434375 0.22265625 0.159375 0.2125
0 0.471875 0.74609375 0.1375 0.171875
0 0.60234375 0.72265625 0.1234375 0.159375
0 0.72734375 0.25390625 0.1234375 0.1734375
0 0.21875 0.45078125 0.30625 0.15
0 0.71796875 0.7 0.109375 0.15625
0 0.18203125 0.29609375 0.3625 0.165625
0 0.27265625 0.80859375 0.25 0.146875
0 0.79921875 0.6921875 0.159375 0.1578125
0 0.25859375 0.69296875 0.275 0.140625
0 0.2015625 0.15 0.315625 0.184375