0 0.1390625 0.371875 0.2640625 0.1125
0 0.13984375 0.475 0.26875 0.109375
0 0.140625 0.5828125 0.2671875 0.1109375
0 0.37421875 0.38671875 0.209375 0.1
0 0.37734375 0.478125 0.2125 0.096875
0 0.56875 0.57109375 0.175 0.0890625
0 0.56953125 0.48671875 0.16875 0.0875
0 0.37421875 0.58125 0.209375 0.1
0 0.15390625 0.69921875 0.2375 0.14375
0 0.725 0.48828125 0.146875 0.0796875
0 0.73046875 0.56640625 0.1515625 0.08125
0 0.56484375 0.39765625 0.171875 0.090625
0 0.36875 0.6875 0.1953125 0.125
0 0.72578125 0.40546875 0.14375 0.0796875
0 0.1375 0.253125 0.2625 0.1265625
0 0.55 0.67421875 0.1640625 0.1125
0 0.696875 0.65390625 0.1390625 0.1015625
0 0.3734375 0.2875 0.2125 0.109375
0 0.36640625 0.80078125 0.2 0.1421875
0 0.728125 0.32421875 0.1453125 0.09375
0 0.546875 0.77734375 0.165625 0.125
0 0.565625 0.303125 0.1734375 0.1
0 0.14609375 0.8359375 0.2484375 0.1546875
0 0.696875 0.759375 0.153125 0.11875