0 0.73515625 0.1421875 0.2125 0.096875
0 0.72265625 0.225 0.2234375 0.0953125
0 0.7109375 0.3140625 0.23125 0.1
0 0.69375 0.42109375 0.23125 0.103125
0 0.67578125 0.5328125 0.24375 0.10625
0 0.72421875 0.6625 0.23125 0.134375
0 0.696875 0.821875 0.240625 0.165625
0 0.54140625 0.16953125 0.20625 0.11875
0 0.51484375 0.2859375 0.215625 0.125
0 0.50234375 0.403125 0.190625 0.115625
0 0.478125 0.515625 0.209375 0.1125
0 0.4859375 0.6484375 0.271875 0.128125
0 0.45703125 0.7921875 0.2859375 0.1671875
0 0.3671875 0.1828125 0.2015625 0.115625
0 0.33828125 0.29375 0.209375 0.121875
0 0.31875 0.4046875 0.2375 0.1078125
0 0.2859375 0.5140625 0.246875 0.109375
0 0.24453125 0.634375 0.265625 0.1234375
0 0.215625 0.76953125 0.2609375 0.140625