0 0.815625 0.275 0.159375 0.1390625
0 0.340625 0.28828125 0.16875 0.14375
0 0.5046875 0.284375 0.1671875 0.1421875
0 0.659375 0.5484375 0.153125 0.13125
0 0.66328125 0.27890625 0.15625 0.14375
0 0.50625 0.421875 0.1625 0.134375
0 0.34765625 0.42890625 0.1671875 0.134375
0 0.81015625 0.415625 0.153125 0.1328125
0 0.3640625 0.55703125 0.153125 0.128125
0 0.5046875 0.1359375 0.171875 0.153125
0 0.6625 0.41796875 0.153125 0.1328125
0 0.6625 0.134375 0.1609375 0.15
0 0.81484375 0.53984375 0.153125 0.13125
0 0.5109375 0.55078125 0.15625 0.128125
0 0.75703125 0.65703125 0.13125 0.1171875
0 0.50703125 0.80625 0.1296875 0.140625
0 0.38203125 0.68359375 0.134375 0.13125
0 0.6359375 0.67109375 0.121875 0.128125
0 0.5109375 0.678125 0.134375 0.134375
0 0.33359375 0.13984375 0.171875 0.146875
0 0.38125 0.81875 0.134375 0.146875
0 0.63671875 0.79765625 0.121875 0.140625
0 0.759375 0.78828125 0.1328125 0.1421875
0 0.22421875 0.4421875 0.0921875 0.11875
0 0.82265625 0.13828125 0.1609375 0.1453125
0 0.21875 0.31875 0.1 0.121875
0 0.26015625 0.70390625 0.103125 0.134375
0 0.26640625 0.840625 0.0921875 0.15
0 0.2328125 0.56171875 0.1 0.13125
0 0.209375 0.196875 0.103125 0.1234375