0 0.3421875 0.86875 0.2234375 0.115625
0 0.346875 0.7625 0.2109375 0.1109375
0 0.35703125 0.646875 0.2109375 0.115625
0 0.36328125 0.5328125 0.21875 0.1125
0 0.375 0.4015625 0.234375 0.14375
0 0.378125 0.23984375 0.2265625 0.15
0 0.534375 0.8484375 0.196875 0.134375
0 0.5484375 0.71875 0.2 0.1375
0 0.55859375 0.5984375 0.203125 0.1109375
0 0.571875 0.4890625 0.2015625 0.1109375
0 0.58203125 0.37109375 0.20625 0.1203125
0 0.59140625 0.2375 0.2109375 0.1375
0 0.78671875 0.24765625 0.196875 0.1234375
0 0.76953125 0.3734375 0.196875 0.109375
0 0.76015625 0.4921875 0.190625 0.1125
0 0.7453125 0.6 0.1875 0.109375
0 0.734375 0.71875 0.1984375 0.13125
0 0.7109375 0.840625 0.190625 0.1203125