0 0.50546875 0.846875 0.18515625 0.14921875
0 0.8109375 0.58046875 0.10625 0.140625
0 0.1609375 0.8296875 0.1734375 0.1390625
0 0.8140625 0.44375 0.10703125 0.13828125
0 0.6984375 0.85546875 0.18984375 0.1453125
0 0.70859375 0.44921875 0.10078125 0.13515625
0 0.46953125 0.53828125 0.17421875 0.075
0 0.70546875 0.58203125 0.10078125 0.13828125
0 0.46796875 0.39765625 0.171875 0.07421875
0 0.296875 0.4640625 0.16875 0.0734375
0 0.4671875 0.46484375 0.171875 0.0734375
0 0.31640625 0.69921875 0.18515625 0.13984375
0 0.82421875 0.3046875 0.1078125 0.1453125
0 0.715625 0.3125 0.10234375 0.14453125
0 0.60390625 0.44765625 0.1 0.1328125
0 0.60859375 0.58046875 0.09765625 0.13359375
0 0.6140625 0.31484375 0.09765625 0.1421875
0 0.50390625 0.70703125 0.1921875 0.14140625
0 0.30234375 0.396875 0.16796875 0.071875
0 0.26015625 0.2890625 0.0875 0.1359375
0 0.4578125 0.6015625 0.17421875 0.0734375
0 0.29453125 0.534375 0.16796875 0.07265625
0 0.3546875 0.28828125 0.08984375 0.13671875
0 0.13125 0.53359375 0.1578125 0.0703125
0 0.92265625 0.578125 0.11640625 0.13984375
0 0.32578125 0.83515625 0.175 0.1375
0 0.92578125 0.43984375 0.11484375 0.1421875
0 0.93125 0.30390625 0.1125 0.15078125
0 0.29140625 0.596875 0.16484375 0.07265625
0 0.1328125 0.4609375 0.1578125 0.07109375
0 0.14765625 0.69296875 0.1765625 0.13515625
0 0.68671875 0.75546875 0.18046875 0.07734375
0 0.12421875 0.59375 0.15546875 0.06953125
0 0.178125 0.2953125 0.084375 0.13125
0 0.8796875 0.6859375 0.196875 0.08046875
0 0.69140625 0.6828125 0.1859375 0.07734375
0 0.86796875 0.8671875 0.15078125 0.146875
0 0.878125 0.759375 0.196875 0.08125
0 0.86796875 0.83203125 0.14375 0.07109375
0 0.12265625 0.3359375 0.16015625 0.19609375
0 0.13125 0.3875 0.15703125 0.07421875
0 0.47890625 0.25078125 0.1625 0.0953125