0 0.2453125 0.24296875 0.0484375 0.05546875
0 0.2921875 0.2359375 0.046875 0.05
0 0.33515625 0.22890625 0.0421875 0.05
0 0.3796875 0.2203125 0.046875 0.05703125
0 0.4296875 0.2140625 0.04921875 0.05546875
0 0.47890625 0.20859375 0.0546875 0.05546875
0 0.5328125 0.2 0.05078125 0.0609375
0 0.5859375 0.18671875 0.05390625 0.059375
0 0.64375 0.17265625 0.05859375 0.06796875
0 0.70625 0.16015625 0.06171875 0.0625
0 0.771875 0.14375 0.07421875 0.084375
0 0.80390625 0.228125 0.0453125 0.109375
0 0.7625 0.234375 0.04140625 0.1015625
0 0.72265625 0.24296875 0.0421875 0.10546875
0 0.68359375 0.25546875 0.0375 0.1
0 0.6453125 0.2609375 0.03515625 0.103125
0 0.60625 0.2671875 0.0375 0.0984375
0 0.5703125 0.2703125 0.03515625 0.09296875
0 0.5375 0.275 0.03671875 0.096875
0 0.50078125 0.278125 0.0359375 0.1
0 0.4703125 0.28515625 0.034375 0.09296875
0 0.43828125 0.28515625 0.0328125 0.09609375
0 0.40625 0.290625 0.02890625 0.09296875
0 0.37734375 0.29453125 0.0328125 0.09453125
0 0.3453125 0.3 0.03515625 0.096875
0 0.3140625 0.30390625 0.0296875 0.0890625
0 0.2875 0.30859375 0.03046875 0.0859375
0 0.2625 0.309375 0.03125 0.08359375
0 0.2328125 0.31328125 0.02890625 0.07890625
0 0.228125 0.39296875 0.0296875 0.08046875
0 0.25625 0.39609375 0.02734375 0.09140625
0 0.284375 0.390625 0.02890625 0.090625
0 0.3125 0.39140625 0.02890625 0.09140625
0 0.3421875 0.3890625 0.0328125 0.09140625
0 0.371875 0.3890625 0.03203125 0.09453125
0 0.40390625 0.384375 0.0359375 0.09296875
0 0.43671875 0.384375 0.03125 0.09296875
0 0.4671875 0.37890625 0.0328125 0.096875
0 0.5 0.371875 0.03046875 0.1
0 0.534375 0.371875 0.03671875 0.1015625
0 0.5703125 0.36953125 0.03671875 0.10859375
0 0.6078125 0.36484375 0.04140625 0.109375
0 0.64375 0.3609375 0.04296875 0.1109375
0 0.684375 0.3578125 0.040625 0.10703125
0 0.725 0.346875 0.046875 0.1140625
0 0.76640625 0.3390625 0.046875 0.1109375
0 0.8078125 0.334375 0.04609375 0.11796875
0 0.81328125 0.44140625 0.0546875 0.11640625
0 0.76875 0.44609375 0.04296875 0.1109375
0 0.7265625 0.45078125 0.04140625 0.10390625
0 0.6859375 0.4578125 0.04609375 0.1015625
0 0.6484375 0.46328125 0.04296875 0.09609375
0 0.609375 0.465625 0.0390625 0.1015625
0 0.5703125 0.4671875 0.03984375 0.0984375
0 0.5359375 0.46796875 0.03828125 0.1
0 0.5015625 0.4703125 0.03359375 0.1015625
0 0.46875 0.47421875 0.03515625 0.09609375
0 0.4375 0.4734375 0.03203125 0.1
0 0.403125 0.47578125 0.03671875 0.09296875
0 0.3734375 0.478125 0.03359375 0.096875
0 0.3421875 0.48125 0.03125 0.09296875
0 0.3125 0.4796875 0.03203125 0.09296875
0 0.284375 0.48515625 0.03125 0.09296875
0 0.2546875 0.4765625 0.02734375 0.09453125
0 0.2296875 0.48046875 0.034375 0.0890625
0 0.22265625 0.571875 0.0296875 0.0875
0 0.253125 0.56953125 0.02734375 0.0859375
0 0.28125 0.571875 0.03359375 0.09296875
0 0.3109375 0.571875 0.0265625 0.09296875
0 0.340625 0.56875 0.028125 0.0984375
0 0.36875 0.56875 0.034375 0.09609375
0 0.4015625 0.56953125 0.03359375 0.1
0 0.434375 0.565625 0.03203125 0.09609375
0 0.4671875 0.56796875 0.03359375 0.096875
0 0.5 0.56640625 0.03671875 0.096875
0 0.534375 0.5640625 0.0390625 0.10859375
0 0.57109375 0.5640625 0.034375 0.1
0 0.609375 0.56484375 0.03828125 0.10703125
0 0.6515625 0.565625 0.04140625 0.10703125
0 0.6875 0.55859375 0.03984375 0.103125
0 0.728125 0.55859375 0.0453125 0.1109375
0 0.771875 0.55625 0.04296875 0.1125
0 0.815625 0.553125 0.04765625 0.115625
0 0.8203125 0.671875 0.05234375 0.12109375
0 0.7765625 0.6671875 0.04921875 0.1234375
0 0.73125 0.6703125 0.046875 0.109375
0 0.690625 0.66796875 0.04609375 0.1140625
0 0.6484375 0.66796875 0.03984375 0.1109375
0 0.609375 0.6703125 0.0359375 0.10390625
0 0.571875 0.66796875 0.03515625 0.10546875
0 0.53515625 0.66875 0.0375 0.0984375
0 0.4984375 0.665625 0.03671875 0.090625
0 0.4640625 0.66484375 0.03515625 0.0984375
0 0.4296875 0.66328125 0.03359375 0.0984375
0 0.396875 0.66328125 0.03515625 0.090625
0 0.3640625 0.6640625 0.03046875 0.09140625
0 0.33203125 0.6671875 0.03125 0.0875
0 0.303125 0.665625 0.03203125 0.0859375
0 0.2734375 0.665625 0.02890625 0.0890625
0 0.2453125 0.6640625 0.03046875 0.08046875
0 0.2140625 0.66015625 0.0328125 0.090625
0 0.2078125 0.75234375 0.03125 0.09609375
0 0.2390625 0.75 0.02890625 0.09140625
0 0.27109375 0.75078125 0.03125 0.09296875
0 0.3 0.753125 0.02890625 0.0890625
0 0.33203125 0.75703125 0.03125 0.103125
0 0.36171875 0.75546875 0.0328125 0.10546875
0 0.3921875 0.76171875 0.034375 0.10390625
0 0.42890625 0.7625 0.034375 0.10546875
0 0.46484375 0.76484375 0.034375 0.10390625
0 0.49921875 0.76796875 0.0359375 0.10859375
0 0.5375 0.7703125 0.03984375 0.115625
0 0.57421875 0.76953125 0.040625 0.11953125
0 0.6109375 0.77265625 0.03828125 0.11796875
0 0.65 0.7796875 0.04765625 0.1234375
0 0.69375 0.7796875 0.04453125 0.1234375
0 0.734375 0.78359375 0.04609375 0.125
0 0.7796875 0.78203125 0.05390625 0.121875
0 0.828125 0.78125 0.0546875 0.13203125
0 0.8265625 0.903125 0.0546875 0.1234375
0 0.78125 0.9015625 0.046875 0.13046875
0 0.73828125 0.89765625 0.0453125 0.12890625
0 0.6953125 0.89375 0.04609375 0.115625
0 0.653125 0.89375 0.0421875 0.115625
0 0.61171875 0.890625 0.040625 0.11953125
0 0.575 0.8859375 0.04453125 0.1140625
0 0.5359375 0.88359375 0.03828125 0.1140625
0 0.4984375 0.8765625 0.03828125 0.1140625
0 0.46328125 0.87578125 0.034375 0.115625
0 0.428125 0.87421875 0.0390625 0.115625
0 0.39375 0.86875 0.03203125 0.10703125
0 0.3578125 0.86171875 0.03515625 0.1125
0 0.328125 0.859375 0.03125 0.109375
0 0.296875 0.8546875 0.03515625 0.10390625
0 0.2640625 0.853125 0.0296875 0.10703125
0 0.2375 0.853125 0.02890625 0.1
0 0.20390625 0.8484375 0.03125 0.096875