0 0.75 0.23515625 0.05625 0.046875
0 0.75390625 0.28203125 0.053125 0.046875
0 0.7578125 0.328125 0.053125 0.04375
0 0.765625 0.3734375 0.053125 0.05
0 0.775 0.4234375 0.0609375 0.05
0 0.778125 0.47265625 0.053125 0.0546875
0 0.78359375 0.5265625 0.05625 0.0546875
0 0.7953125 0.58125 0.059375 0.05625
0 0.80546875 0.6375 0.059375 0.05625
0 0.8125 0.69765625 0.0609375 0.0625
0 0.821875 0.759375 0.0640625 0.06875
0 0.73828125 0.7734375 0.0984375 0.04375
0 0.73515625 0.7328125 0.096875 0.040625
0 0.73203125 0.69453125 0.09375 0.040625
0 0.725 0.6546875 0.103125 0.040625
0 0.72109375 0.61875 0.096875 0.040625
0 0.7171875 0.58125 0.096875 0.0375
0 0.71328125 0.54765625 0.0875 0.034375
0 0.70703125 0.51171875 0.096875 0.0375
0 0.703125 0.4796875 0.096875 0.0375
0 0.70078125 0.446875 0.090625 0.03125
0 0.6984375 0.4140625 0.0890625 0.034375
0 0.69375 0.384375 0.0875 0.0296875
0 0.6921875 0.35390625 0.08125 0.03125
0 0.68984375 0.321875 0.0875 0.034375
0 0.684375 0.29375 0.0859375 0.03125
0 0.68359375 0.265625 0.0859375 0.03125
0 0.678125 0.2359375 0.08125 0.0328125
0 0.68046875 0.20703125 0.0859375 0.0328125
0 0.59375 0.2 0.08125 0.03125
0 0.5953125 0.228125 0.084375 0.025
0 0.596875 0.2578125 0.0875 0.028125
0 0.596875 0.2859375 0.084375 0.03125
0 0.59765625 0.31796875 0.084375 0.03125
0 0.6 0.3484375 0.084375 0.03125
0 0.603125 0.3796875 0.096875 0.0296875
0 0.6046875 0.4109375 0.09375 0.034375
0 0.6078125 0.44375 0.09375 0.03125
0 0.609375 0.4765625 0.09375 0.034375
0 0.61015625 0.5109375 0.09375 0.03125
0 0.6171875 0.54375 0.1015625 0.034375
0 0.6203125 0.58125 0.1015625 0.0359375
0 0.621875 0.61796875 0.1 0.0375
0 0.6265625 0.6546875 0.1109375 0.040625
0 0.634375 0.69375 0.10625 0.040625
0 0.63359375 0.7328125 0.109375 0.040625
0 0.63984375 0.77421875 0.10625 0.0453125
0 0.534375 0.77890625 0.10625 0.05
0 0.53046875 0.73671875 0.096875 0.0453125
0 0.53046875 0.6953125 0.10625 0.040625
0 0.53125 0.65625 0.10625 0.0421875
0 0.52578125 0.61796875 0.109375 0.0390625
0 0.525 0.5828125 0.103125 0.0375
0 0.521875 0.54375 0.103125 0.0375
0 0.51875 0.50859375 0.1015625 0.0375
0 0.51796875 0.475 0.1 0.034375
0 0.51875 0.44296875 0.0984375 0.0328125
0 0.51875 0.41015625 0.0984375 0.034375
0 0.515625 0.3765625 0.096875 0.034375
0 0.5140625 0.3453125 0.096875 0.034375
0 0.51171875 0.315625 0.1015625 0.03125
0 0.50859375 0.284375 0.090625 0.034375
0 0.5078125 0.253125 0.090625 0.028125
0 0.5078125 0.2234375 0.09375 0.0296875
0 0.50703125 0.19453125 0.090625 0.034375
0 0.4171875 0.190625 0.08125 0.0296875
0 0.41484375 0.2203125 0.090625 0.03125
0 0.4171875 0.2484375 0.090625 0.03125
0 0.4140625 0.27734375 0.1 0.028125
0 0.4140625 0.3109375 0.090625 0.03125
0 0.41796875 0.34375 0.0890625 0.034375
0 0.41953125 0.37265625 0.096875 0.0328125
0 0.41796875 0.40625 0.1 0.0328125
0 0.42109375 0.4390625 0.103125 0.034375
0 0.41875 0.47265625 0.0984375 0.0359375
0 0.41875 0.5078125 0.1015625 0.0375
0 0.42109375 0.54375 0.103125 0.0375
0 0.421875 0.58125 0.1015625 0.0359375
0 0.42109375 0.61875 0.109375 0.040625
0 0.421875 0.65625 0.103125 0.040625
0 0.4265625 0.696875 0.10625 0.04375
0 0.42734375 0.7390625 0.109375 0.0453125
0 0.42890625 0.78203125 0.109375 0.046875
0 0.31640625 0.7859375 0.1140625 0.05
0 0.31953125 0.74296875 0.1109375 0.0453125
0 0.31640625 0.70078125 0.109375 0.0421875
0 0.315625 0.659375 0.10625 0.040625
0 0.315625 0.61953125 0.1 0.04375
0 0.31796875 0.58046875 0.103125 0.0390625
0 0.3171875 0.54453125 0.103125 0.040625
0 0.31484375 0.509375 0.103125 0.0359375
0 0.31640625 0.471875 0.096875 0.0375
0 0.315625 0.4359375 0.096875 0.0328125
0 0.31796875 0.4015625 0.090625 0.0375
0 0.32421875 0.36640625 0.090625 0.0328125
0 0.31875 0.334375 0.090625 0.03125
0 0.32265625 0.3046875 0.0984375 0.03125
0 0.325 0.27109375 0.090625 0.0328125
0 0.32734375 0.24140625 0.090625 0.03125
0 0.32734375 0.21015625 0.090625 0.0296875
0 0.33125 0.18046875 0.0875 0.03125
0 0.234375 0.17265625 0.09375 0.028125
0 0.23203125 0.203125 0.1 0.03125
0 0.2296875 0.23359375 0.103125 0.03125
0 0.22578125 0.265625 0.0984375 0.028125
0 0.22421875 0.29609375 0.0984375 0.0296875
0 0.221875 0.32890625 0.10625 0.0328125
0 0.221875 0.3640625 0.10625 0.0328125
0 0.21953125 0.4 0.103125 0.03125
0 0.215625 0.4328125 0.103125 0.0375
0 0.21953125 0.46875 0.109375 0.034375
0 0.21328125 0.50390625 0.109375 0.0375
0 0.209375 0.5421875 0.109375 0.040625
0 0.21015625 0.58125 0.115625 0.0375
0 0.2078125 0.6203125 0.1125 0.0421875
0 0.203125 0.6625 0.1125 0.04375
0 0.2046875 0.703125 0.121875 0.04375
0 0.20234375 0.74609375 0.121875 0.046875
0 0.19921875 0.79140625 0.121875 0.05
0 0.0796875 0.79375 0.121875 0.05
0 0.08125 0.7484375 0.1265625 0.0453125
0 0.0828125 0.70625 0.1265625 0.046875
0 0.08828125 0.6640625 0.121875 0.0453125
0 0.09375 0.62265625 0.11875 0.0421875
0 0.096875 0.5828125 0.121875 0.0375
0 0.0953125 0.54375 0.121875 0.046875
0 0.10234375 0.50546875 0.115625 0.0359375
0 0.1078125 0.46796875 0.11875 0.0375
0 0.10859375 0.43125 0.1140625 0.040625
0 0.1109375 0.39453125 0.115625 0.0359375
0 0.1140625 0.3609375 0.1140625 0.034375
0 0.115625 0.32734375 0.109375 0.0328125
0 0.11796875 0.2953125 0.109375 0.03125
0 0.1234375 0.2625 0.10625 0.034375
0 0.12734375 0.23046875 0.103125 0.0328125
0 0.13359375 0.1984375 0.103125 0.0328125
0 0.13359375 0.16484375 0.103125 0.0375