0 0.61484375 0.6921875 0.1859375 0.109375
0 0.61640625 0.6 0.1859375 0.10625
0 0.6125 0.50390625 0.1859375 0.103125
0 0.2390625 0.5640625 0.10625 0.0875
0 0.23046875 0.38828125 0.103125 0.096875
0 0.24921875 0.7421875 0.103125 0.10625
0 0.24140625 0.6515625 0.103125 0.084375
0 0.3484375 0.5703125 0.1125 0.090625
0 0.35234375 0.47734375 0.109375 0.09375
0 0.46171875 0.775 0.109375 0.090625
0 0.8203125 0.51171875 0.228125 0.1203125
0 0.46796875 0.59375 0.1171875 0.09375
0 0.73515625 0.40390625 0.14375 0.115625
0 0.35078125 0.6578125 0.1125 0.09375
0 0.459375 0.5078125 0.115625 0.096875
0 0.33984375 0.38671875 0.1140625 0.1
0 0.1484375 0.63046875 0.096875 0.0984375
0 0.60859375 0.78359375 0.178125 0.10625
0 0.5890625 0.40234375 0.1453125 0.115625
0 0.46328125 0.684375 0.1140625 0.090625
0 0.89140625 0.403125 0.165625 0.1203125
0 0.35234375 0.75390625 0.115625 0.10625
0 0.4609375 0.40703125 0.11875 0.103125
0 0.1390625 0.5421875 0.096875 0.0875
0 0.8203125 0.61953125 0.23125 0.1328125
0 0.23515625 0.47734375 0.1 0.090625
0 0.15234375 0.721875 0.09375 0.096875
0 0.13046875 0.36171875 0.0953125 0.090625
0 0.11953125 0.4546875 0.046875 0.084375
0 0.80546875 0.7140625 0.20625 0.11875
0 0.8015625 0.8046875 0.2109375 0.115625