0 0.75625 0.771875 0.090625 0.1078125
0 0.6671875 0.75 0.0875 0.153125
0 0.58359375 0.76953125 0.0859375 0.10625
0 0.6640625 0.61640625 0.0875 0.10625
0 0.7515625 0.55078125 0.0875 0.10625
0 0.65703125 0.3 0.084375 0.10625
0 0.84609375 0.734375 0.09375 0.146875
0 0.84296875 0.6046875 0.09375 0.1046875
0 0.42421875 0.74375 0.084375 0.1453125
0 0.74296875 0.34140625 0.0859375 0.10625
0 0.57578125 0.4515625 0.084375 0.103125
0 0.74140625 0.2140625 0.0875 0.146875
0 0.57265625 0.2265625 0.084375 0.153125
0 0.7453125 0.44765625 0.0875 0.10625
0 0.7546875 0.66328125 0.090625 0.10625
0 0.5796875 0.55625 0.084375 0.10625
0 0.4125 0.20703125 0.084375 0.1046875
0 0.58125 0.6625 0.0859375 0.10625
0 0.41328125 0.3109375 0.0875 0.103125
0 0.4984375 0.74140625 0.08125 0.14375
0 0.49609375 0.309375 0.0828125 0.1
0 0.6578125 0.19609375 0.084375 0.10625
0 0.49609375 0.615625 0.08125 0.103125
0 0.41484375 0.415625 0.08125 0.103125
0 0.66015625 0.51640625 0.0859375 0.10625
0 0.49140625 0.40546875 0.084375 0.103125
0 0.49375 0.50859375 0.0828125 0.103125
0 0.81953125 0.29375 0.0828125 0.0984375
0 0.82890625 0.5 0.0875 0.103125
0 0.82734375 0.39453125 0.090625 0.1046875
0 0.57265625 0.35390625 0.084375 0.1015625
0 0.4203125 0.61640625 0.0828125 0.103125
0 0.4953125 0.20625 0.08125 0.10625
0 0.41953125 0.5171875 0.08125 0.1015625
0 0.66015625 0.409375 0.0875 0.1
0 0.8171875 0.1921875 0.084375 0.103125