0 0.5984375 0.69453125 0.1390625 0.190625
0 0.725 0.69375 0.134375 0.184375
0 0.209375 0.33046875 0.1546875 0.1484375
0 0.8296875 0.5234375 0.125 0.1578125
0 0.44765625 0.88984375 0.1640625 0.2203125
0 0.45390625 0.68359375 0.146875 0.196875
0 0.33828125 0.3390625 0.1328125 0.14375
0 0.3015625 0.68515625 0.15625 0.2
0 0.7046875 0.5125 0.121875 0.159375
0 0.609375 0.8953125 0.153125 0.209375
0 0.17578125 0.4875 0.1625 0.175
0 0.46015625 0.49921875 0.128125 0.1671875
0 0.4609375 0.11171875 0.1046875 0.1125
0 0.278125 0.8921875 0.178125 0.215625
0 0.22734375 0.19609375 0.140625 0.1265625
0 0.3265625 0.4953125 0.153125 0.175
0 0.85390625 0.696875 0.1328125 0.184375
0 0.15390625 0.68671875 0.18125 0.20625
0 0.58359375 0.5125 0.125 0.165625
0 0.45859375 0.22421875 0.1125 0.1125
0 0.46484375 0.34453125 0.11875 0.140625
0 0.56328125 0.128125 0.1015625 0.1171875
0 0.10390625 0.89453125 0.20625 0.2109375
0 0.74453125 0.8921875 0.15 0.215625
0 0.56875 0.234375 0.10625 0.1125
0 0.884375 0.89609375 0.146875 0.2078125
0 0.68515625 0.3734375 0.109375 0.128125
0 0.66484375 0.1328125 0.1 0.1140625
0 0.575 0.3609375 0.115625 0.1375
0 0.675 0.24921875 0.109375 0.121875
0 0.2484375 0.08046875 0.1234375 0.1
0 0.7765625 0.2546875 0.10625 0.121875
0 0.3484375 0.21015625 0.125 0.1171875
0 0.76328125 0.14140625 0.096875 0.10625
0 0.3578125 0.0984375 0.1125 0.109375
0 0.79375 0.38359375 0.115625 0.1390625