0 0.4015625 0.30546875 0.1390625 0.190625
0 0.275 0.30625 0.134375 0.184375
0 0.790625 0.66953125 0.1546875 0.1484375
0 0.1703125 0.4765625 0.125 0.1578125
0 0.55234375 0.11015625 0.1640625 0.2203125
0 0.54609375 0.31640625 0.146875 0.196875
0 0.66171875 0.6609375 0.1328125 0.14375
0 0.6984375 0.31484375 0.15625 0.2
0 0.2953125 0.4875 0.121875 0.159375
0 0.390625 0.1046875 0.153125 0.209375
0 0.82421875 0.5125 0.1625 0.1765625
0 0.53984375 0.50078125 0.128125 0.1671875
0 0.5390625 0.88828125 0.1046875 0.1125
0 0.721875 0.1078125 0.178125 0.215625
0 0.77265625 0.80390625 0.140625 0.1265625
0 0.6734375 0.5046875 0.153125 0.175
0 0.14609375 0.303125 0.1328125 0.184375
0 0.84609375 0.31328125 0.18125 0.20625
0 0.41640625 0.4875 0.125 0.165625
0 0.54140625 0.77578125 0.1125 0.1125
0 0.53515625 0.65546875 0.11875 0.140625
0 0.43671875 0.871875 0.1015625 0.1171875
0 0.89609375 0.10546875 0.20625 0.209375
0 0.25546875 0.1078125 0.15 0.215625
0 0.43125 0.765625 0.10625 0.1125
0 0.115625 0.10390625 0.146875 0.2078125
0 0.31484375 0.6265625 0.109375 0.128125
0 0.33515625 0.8671875 0.1 0.1140625
0 0.425 0.6390625 0.115625 0.1375
0 0.325 0.75078125 0.109375 0.121875
0 0.7515625 0.91953125 0.1234375 0.1
0 0.2234375 0.7453125 0.10625 0.121875
0 0.6515625 0.78984375 0.125 0.1171875
0 0.23671875 0.85859375 0.096875 0.10625
0 0.6421875 0.9015625 0.1125 0.109375
0 0.20625 0.61640625 0.115625 0.1390625