0 0.1703125 0.375 0.1765625 0.221875
0 0.3328125 0.35703125 0.1546875 0.209375
0 0.46796875 0.346875 0.1265625 0.196875
0 0.59140625 0.32734375 0.1125 0.18125
0 0.70859375 0.31328125 0.103125 0.18125
0 0.815625 0.29765625 0.078125 0.159375
0 0.909375 0.2875 0.0671875 0.15625
0 0.19453125 0.5921875 0.159375 0.2125
0 0.346875 0.56796875 0.1453125 0.171875
0 0.46953125 0.5421875 0.115625 0.16875
0 0.58671875 0.5078125 0.109375 0.14375
0 0.6953125 0.48515625 0.1 0.159375
0 0.79609375 0.46015625 0.08125 0.1390625
0 0.89296875 0.44453125 0.0734375 0.1375
0 0.23046875 0.78515625 0.165625 0.196875
0 0.39140625 0.75234375 0.14375 0.1640625
0 0.5296875 0.7359375 0.121875 0.153125
0 0.6515625 0.6625 0.1265625 0.1390625
0 0.76875 0.6265625 0.10625 0.13125
0 0.8765625 0.59921875 0.0875 0.128125