0 0.5953125 0.65390625 0.140625 0.16875
0 0.7484375 0.6703125 0.16875 0.1875
0 0.76796875 0.50078125 0.171875 0.1859375
0 0.73125 0.82578125 0.1609375 0.1875
0 0.36640625 0.48125 0.109375 0.14375
0 0.4671875 0.6359375 0.11875 0.1515625
0 0.4578125 0.77890625 0.115625 0.159375
0 0.4796875 0.48828125 0.121875 0.15625
0 0.628125 0.3203125 0.15 0.1859375
0 0.3609375 0.61953125 0.1046875 0.146875
0 0.48671875 0.32734375 0.125 0.16875
0 0.58203125 0.8 0.13125 0.175
0 0.78984375 0.3140625 0.1765625 0.1953125
0 0.3515625 0.753125 0.1 0.1515625
0 0.365625 0.32734375 0.109375 0.159375
0 0.60703125 0.49140625 0.146875 0.171875
0 0.25546875 0.475 0.1109375 0.128125
0 0.2609375 0.3421875 0.1125 0.1375
0 0.14921875 0.471875 0.109375 0.1203125
0 0.14609375 0.58359375 0.103125 0.121875
0 0.259375 0.59921875 0.1109375 0.1359375
0 0.2578125 0.7140625 0.09375 0.125
0 0.14296875 0.34609375 0.115625 0.128125
0 0.1640625 0.6984375 0.1109375 0.1140625
0 0.63828125 0.13515625 0.1625 0.196875
0 0.34375 0.1671875 0.115625 0.1578125
0 0.47578125 0.14765625 0.1421875 0.1734375
0 0.8 0.103125 0.190625 0.190625