0 0.58046875 0.578125 0.1453125 0.10390625
0 0.43984375 0.5765625 0.14140625 0.1015625
0 0.396875 0.76015625 0.11015625 0.0875
0 0.52890625 0.76328125 0.134375 0.09296875
0 0.66953125 0.675 0.14296875 0.09921875
0 0.7125 0.5765625 0.1203125 0.10234375
0 0.62578125 0.396875 0.1125 0.09609375
0 0.73125 0.48984375 0.1109375 0.09140625
0 0.1640625 0.5046875 0.1234375 0.1078125
0 0.39609375 0.39296875 0.11328125 0.0953125
0 0.6625 0.765625 0.13671875 0.09296875
0 0.28828125 0.6703125 0.11328125 0.09453125
0 0.840625 0.58203125 0.12890625 0.103125
0 0.2921875 0.76171875 0.11015625 0.09140625
0 0.51171875 0.39453125 0.11328125 0.09453125
0 0.740625 0.396875 0.1140625 0.09453125
0 0.80546875 0.678125 0.15546875 0.10390625
0 0.86484375 0.3984375 0.1171875 0.09375
0 0.62109375 0.484375 0.11328125 0.09140625
0 0.8546875 0.49140625 0.121875 0.09296875
0 0.4 0.48046875 0.1125 0.09140625
0 0.28671875 0.4734375 0.115625 0.10234375
0 0.5265625 0.67265625 0.14296875 0.09765625
0 0.39921875 0.67265625 0.1125 0.09375
0 0.30390625 0.5734375 0.140625 0.10234375
0 0.1765625 0.6859375 0.10703125 0.07734375
0 0.15625 0.4078125 0.11875 0.09296875
0 0.18828125 0.76484375 0.1015625 0.07421875
0 0.284375 0.37265625 0.115625 0.096875
0 0.50859375 0.48359375 0.11171875 0.09140625
0 0.1765625 0.6 0.11796875 0.09609375
0 0.79921875 0.7734375 0.15078125 0.09453125
0 0.14453125 0.30703125 0.11875 0.1