0 0.81796875 0.2578125 0.18125 0.096875
0 0.8109375 0.3578125 0.175 0.09375
0 0.80546875 0.45078125 0.175 0.0859375
0 0.8046875 0.53828125 0.171875 0.0828125
0 0.6140625 0.25 0.203125 0.10625
0 0.615625 0.3578125 0.1875 0.1
0 0.61484375 0.459375 0.1875 0.0984375
0 0.61796875 0.55625 0.18125 0.090625
0 0.41875 0.253125 0.1953125 0.103125
0 0.42421875 0.3578125 0.184375 0.1
0 0.43046875 0.46015625 0.18125 0.09375
0 0.43203125 0.5546875 0.171875 0.090625
0 0.221875 0.2515625 0.184375 0.103125
0 0.23125 0.3578125 0.1796875 0.1
0 0.240625 0.45859375 0.178125 0.09375
0 0.25078125 0.553125 0.175 0.090625
0 0.8 0.6203125 0.165625 0.06875
0 0.79921875 0.69765625 0.16875 0.06875
0 0.79453125 0.77421875 0.1625 0.0671875
0 0.60859375 0.6546875 0.1875 0.078125
0 0.60859375 0.7375 0.18125 0.071875
0 0.6140625 0.81640625 0.16875 0.0765625
0 0.4265625 0.65078125 0.178125 0.078125
0 0.42890625 0.73203125 0.178125 0.0734375
0 0.434375 0.8109375 0.1734375 0.0734375
0 0.2453125 0.646875 0.171875 0.08125
0 0.25 0.73125 0.171875 0.075
0 0.25078125 0.8109375 0.175 0.075
0 0.953125 0.2578125 0.09375 0.103125
0 0.94921875 0.3578125 0.1015625 0.096875
0 0.9453125 0.45234375 0.1015625 0.0890625
0 0.94375 0.54140625 0.109375 0.084375
0 0.9421875 0.625 0.1125 0.075
0 0.940625 0.70078125 0.115625 0.065625
0 0.9375 0.77734375 0.121875 0.071875