0 0.12421875 0.31015625 0.10625 0.18359375
0 0.225 0.325 0.12109375 0.2015625
0 0.3421875 0.29296875 0.115625 0.2484375
0 0.4609375 0.30546875 0.12265625 0.26328125
0 0.6109375 0.303125 0.17421875 0.2484375
0 0.815625 0.31953125 0.21875 0.26953125
0 0.1375 0.47265625 0.09921875 0.1734375
0 0.234375 0.49765625 0.11796875 0.19140625
0 0.3484375 0.49921875 0.125 0.21015625
0 0.4859375 0.53671875 0.13984375 0.22578125
0 0.63125 0.54921875 0.13671875 0.28046875
0 0.80078125 0.58828125 0.1765625 0.30859375
0 0.1484375 0.621875 0.10078125 0.178125
0 0.2484375 0.66171875 0.11015625 0.196875
0 0.3359375 0.678125 0.08359375 0.2125
0 0.4140625 0.70546875 0.08203125 0.21640625
0 0.4953125 0.73203125 0.08984375 0.2296875
0 0.584375 0.76875 0.0921875 0.2515625
0 0.6890625 0.80859375 0.10859375 0.26484375
0 0.809375 0.84921875 0.13046875 0.26953125