0 0.13125 0.3421875 0.11484375 0.2234375
0 0.2375 0.346875 0.1109375 0.2109375
0 0.353125 0.35703125 0.11640625 0.2109375
0 0.4671875 0.36328125 0.11171875 0.21796875
0 0.5984375 0.375 0.14453125 0.23359375
0 0.76015625 0.378125 0.15 0.2265625
0 0.1515625 0.534375 0.13359375 0.196875
0 0.28125 0.5484375 0.13828125 0.2
0 0.4015625 0.55859375 0.1109375 0.203125
0 0.5109375 0.571875 0.1109375 0.2015625
0 0.62890625 0.58203125 0.1203125 0.20546875
0 0.7625 0.59140625 0.1375 0.2109375
0 0.75234375 0.78671875 0.1234375 0.19609375
0 0.6265625 0.76953125 0.109375 0.196875
0 0.5078125 0.76015625 0.11328125 0.190625
0 0.4 0.7453125 0.11015625 0.1875
0 0.28125 0.734375 0.13046875 0.1984375
0 0.159375 0.7109375 0.1203125 0.19140625