0 0.1703125 0.14765625 0.03515625 0.1015625
0 0.20703125 0.146875 0.0328125 0.10546875
0 0.24375 0.15078125 0.0328125 0.10703125
0 0.28125 0.146875 0.03515625 0.10703125
0 0.31796875 0.14375 0.0375 0.109375
0 0.3578125 0.140625 0.03515625 0.10546875
0 0.396875 0.140625 0.0328125 0.10703125
0 0.44375 0.1234375 0.05234375 0.075
0 0.496875 0.12109375 0.05234375 0.075
0 0.5484375 0.109375 0.05390625 0.08046875
0 0.6046875 0.10078125 0.05625 0.07890625
0 0.6703125 0.09453125 0.05625 0.08359375
0 0.728125 0.09140625 0.05703125 0.08046875
0 0.78515625 0.08984375 0.059375 0.084375
0 0.846875 0.18203125 0.04140625 0.11640625
0 0.8046875 0.18828125 0.03671875 0.115625
0 0.7640625 0.19140625 0.0453125 0.1140625
0 0.7203125 0.19453125 0.03984375 0.11953125
0 0.67890625 0.19453125 0.040625 0.1140625
0 0.63671875 0.19453125 0.0390625 0.1140625
0 0.59375 0.196875 0.03984375 0.10859375
0 0.55234375 0.20703125 0.0421875 0.10859375
0 0.5109375 0.21328125 0.03828125 0.10703125
0 0.471875 0.2203125 0.03671875 0.1125
0 0.43203125 0.221875 0.0359375 0.10859375
0 0.38984375 0.253125 0.0359375 0.109375
0 0.3515625 0.253125 0.040625 0.103125
0 0.3109375 0.253125 0.0375 0.1015625
0 0.2734375 0.25546875 0.03828125 0.103125
0 0.23671875 0.25625 0.0359375 0.1015625
0 0.1984375 0.253125 0.03671875 0.10390625
0 0.1609375 0.25390625 0.03515625 0.10546875
0 0.15625 0.3625 0.03671875 0.10546875
0 0.19375 0.36171875 0.03359375 0.109375
0 0.2328125 0.36328125 0.03515625 0.109375
0 0.26875 0.36171875 0.0390625 0.1125
0 0.309375 0.3625 0.03984375 0.1109375
0 0.35 0.359375 0.03984375 0.1109375
0 0.38828125 0.36484375 0.0375 0.1125
0 0.428125 0.3328125 0.04140625 0.115625
0 0.46875 0.33203125 0.03984375 0.1109375
0 0.509375 0.32578125 0.03984375 0.10703125
0 0.55078125 0.321875 0.0375 0.11640625
0 0.590625 0.3171875 0.04375 0.11796875
0 0.6359375 0.31171875 0.04375 0.115625
0 0.6765625 0.31015625 0.0453125 0.11796875
0 0.71953125 0.3078125 0.04375 0.12109375
0 0.7640625 0.30625 0.04765625 0.12109375
0 0.8078125 0.303125 0.04296875 0.11640625
0 0.85078125 0.29921875 0.05 0.11796875
0 0.85390625 0.41796875 0.0484375 0.11953125
0 0.8109375 0.41953125 0.04609375 0.11640625
0 0.765625 0.421875 0.04453125 0.1140625
0 0.721875 0.425 0.04609375 0.1140625
0 0.6765625 0.42421875 0.04765625 0.1125
0 0.6359375 0.42890625 0.04296875 0.1109375
0 0.59296875 0.4296875 0.0453125 0.109375
0 0.55 0.4359375 0.04453125 0.11640625
0 0.5109375 0.43828125 0.040625 0.109375
0 0.46953125 0.44375 0.0453125 0.10390625
0 0.428125 0.4421875 0.03671875 0.10703125
0 0.3859375 0.4703125 0.03828125 0.115625
0 0.3484375 0.471875 0.04140625 0.1109375
0 0.30625 0.471875 0.040625 0.10859375
0 0.26640625 0.4734375 0.040625 0.103125
0 0.228125 0.47265625 0.03984375 0.10703125
0 0.190625 0.471875 0.0390625 0.10703125
0 0.1515625 0.4703125 0.03515625 0.10703125
0 0.15 0.58125 0.03515625 0.1125
0 0.190625 0.5828125 0.04140625 0.1125
0 0.2265625 0.58203125 0.04140625 0.1140625
0 0.26640625 0.5828125 0.0375 0.115625
0 0.30546875 0.584375 0.0390625 0.11953125
0 0.3453125 0.5875 0.03984375 0.11640625
0 0.384375 0.58203125 0.040625 0.11953125
0 0.4390625 0.5328125 0.0640625 0.07109375
0 0.503125 0.53046875 0.065625 0.06953125
0 0.571875 0.52578125 0.06875 0.06796875
0 0.6421875 0.521875 0.06796875 0.06796875
0 0.7109375 0.51953125 0.06484375 0.071875
0 0.76796875 0.53984375 0.046875 0.11796875
0 0.8125 0.53671875 0.05078125 0.11796875
0 0.8609375 0.534375 0.05 0.12109375
0 0.8625 0.653125 0.04609375 0.11796875
0 0.8125 0.65859375 0.04609375 0.121875
0 0.76875 0.65703125 0.046875 0.125
0 0.725 0.61796875 0.04375 0.121875
0 0.6796875 0.615625 0.04921875 0.11796875
0 0.634375 0.6171875 0.04765625 0.11796875
0 0.5921875 0.61640625 0.04140625 0.11640625
0 0.54921875 0.61953125 0.0453125 0.11640625
0 0.5078125 0.621875 0.04453125 0.11796875
0 0.4671875 0.625 0.04296875 0.10546875
0 0.428125 0.62265625 0.04140625 0.1125
0 0.14765625 0.690625 0.0390625 0.11796875
0 0.1875 0.69453125 0.0421875 0.1140625
0 0.225 0.6953125 0.0359375 0.115625
0 0.2625 0.6984375 0.03984375 0.1140625
0 0.303125 0.70234375 0.03828125 0.115625
0 0.34375 0.7015625 0.04140625 0.1109375
0 0.384375 0.7015625 0.0375 0.11640625
0 0.4265625 0.73828125 0.04140625 0.12109375
0 0.46875 0.7375 0.04296875 0.11953125
0 0.5078125 0.7390625 0.04140625 0.11640625
0 0.5515625 0.7359375 0.0421875 0.11953125
0 0.59375 0.73515625 0.04140625 0.1234375
0 0.6359375 0.7359375 0.04453125 0.11953125
0 0.6796875 0.73828125 0.04609375 0.12109375
0 0.721875 0.73984375 0.04296875 0.12890625
0 0.7703125 0.77734375 0.04921875 0.1265625
0 0.8171875 0.78125 0.04453125 0.12890625
0 0.8609375 0.778125 0.04453125 0.12109375
0 0.86171875 0.903125 0.0484375 0.134375
0 0.81328125 0.90234375 0.0453125 0.12109375
0 0.7671875 0.90625 0.04453125 0.1234375
0 0.72265625 0.86328125 0.0453125 0.12109375
0 0.678125 0.859375 0.046875 0.13359375
0 0.6328125 0.8578125 0.0453125 0.1265625
0 0.58828125 0.85703125 0.04375 0.125
0 0.5453125 0.859375 0.04140625 0.1234375
0 0.503125 0.8609375 0.04140625 0.128125
0 0.4625 0.8640625 0.04140625 0.125
0 0.421875 0.859375 0.04296875 0.1234375
0 0.38125 0.81640625 0.04140625 0.11640625
0 0.3390625 0.815625 0.040625 0.1109375
0 0.3390625 0.93125 0.04296875 0.12109375
0 0.30078125 0.81171875 0.040625 0.11796875
0 0.2609375 0.809375 0.03984375 0.1125
0 0.225 0.80859375 0.040625 0.10859375
0 0.184375 0.809375 0.04375 0.10703125
0 0.146875 0.809375 0.04453125 0.115625
0 0.1421875 0.92265625 0.04296875 0.11796875
0 0.18125 0.921875 0.03515625 0.13046875
0 0.21875 0.9203125 0.03984375 0.1265625
0 0.2578125 0.92421875 0.040625 0.12890625
0 0.296875 0.9328125 0.04296875 0.12109375
0 0.421875 0.95625 0.11328125 0.084375
0 0.5421875 0.96015625 0.12421875 0.0734375
0 0.6703125 0.959375 0.13515625 0.0765625