0 0.56015625 0.87890625 0.134375 0.1640625
0 0.4265625 0.68203125 0.121875 0.184375
0 0.428125 0.86953125 0.1265625 0.2015625
0 0.81796875 0.7109375 0.14375 0.15
0 0.80703125 0.55625 0.1375 0.1421875
0 0.67734375 0.6875 0.14375 0.2
0 0.540625 0.56953125 0.121875 0.140625
0 0.54765625 0.71328125 0.1265625 0.153125
0 0.6640625 0.5109375 0.1359375 0.146875
0 0.6875 0.8703125 0.14375 0.1578125
0 0.2890625 0.80703125 0.14375 0.1046875
0 0.42421875 0.5140625 0.11875 0.13125
0 0.290625 0.7046875 0.140625 0.1
0 0.8328125 0.86796875 0.140625 0.165625
0 0.290625 0.60859375 0.1359375 0.096875
0 0.28515625 0.91484375 0.15 0.109375
0 0.2890625 0.52578125 0.1375 0.0984375
0 0.54140625 0.4734375 0.1203125 0.059375