0 0.1421875 0.27890625 0.13828125 0.23359375
0 0.2734375 0.29921875 0.14609375 0.25390625
0 0.4046875 0.3125 0.12734375 0.25
0 0.5390625 0.33203125 0.13046875 0.2640625
0 0.7 0.35703125 0.15078125 0.271875
0 0.884375 0.371875 0.184375 0.29609375
0 0.15 0.478125 0.109375 0.209375
0 0.24921875 0.50234375 0.1125 0.22109375
0 0.35625 0.5328125 0.11484375 0.234375
0 0.47578125 0.559375 0.1171875 0.23359375
0 0.6390625 0.59375 0.16875 0.259375
0 0.83515625 0.634375 0.221875 0.278125
0 0.1625 0.6578125 0.1015625 0.1984375
0 0.2578125 0.6921875 0.11015625 0.2015625
0 0.3640625 0.7265625 0.1078125 0.21640625
0 0.4765625 0.76328125 0.11640625 0.2265625
0 0.6265625 0.80859375 0.15078125 0.2359375
0 0.80625 0.8625 0.19296875 0.253125