0 0.70859375 0.19140625 0.103125 0.1828125
0 0.69140625 0.35 0.159375 0.1375
0 0.70234375 0.48828125 0.175 0.1421875
0 0.7171875 0.6390625 0.184375 0.1609375
0 0.72734375 0.8015625 0.184375 0.178125
0 0.5421875 0.80859375 0.190625 0.178125
0 0.53984375 0.6375 0.18125 0.15625
0 0.53828125 0.4828125 0.16875 0.14375
0 0.5375 0.34921875 0.1625 0.1359375
0 0.60625 0.18671875 0.096875 0.19375
0 0.50546875 0.18671875 0.103125 0.1828125
0 0.40703125 0.17734375 0.109375 0.18125
0 0.3765625 0.3390625 0.1703125 0.1328125
0 0.36953125 0.48125 0.1828125 0.146875
0 0.36171875 0.634375 0.190625 0.159375
0 0.353125 0.80625 0.190625 0.165625
0 0.30703125 0.1703125 0.115625 0.1953125
0 0.20234375 0.1703125 0.121875 0.1875
0 0.21328125 0.33203125 0.184375 0.1375
0 0.1984375 0.4734375 0.1875 0.14375
0 0.18125 0.63125 0.2 0.1625
0 0.1625 0.80859375 0.209375 0.1734375