0 0.58671875 0.5171875 0.103125 0.115625
0 0.346875 0.66796875 0.13125 0.084375
0 0.58203125 0.6265625 0.096875 0.1109375
0 0.575 0.73046875 0.103125 0.103125
0 0.6640625 0.81875 0.096875 0.096875
0 0.228125 0.48203125 0.0921875 0.1625
0 0.43984375 0.1625 0.1484375 0.115625
0 0.59375 0.27109375 0.1109375 0.13125
0 0.34140625 0.5796875 0.134375 0.090625
0 0.69140625 0.39921875 0.109375 0.121875
0 0.33359375 0.2796875 0.146875 0.10625
0 0.3359375 0.3875 0.1453125 0.103125
0 0.57734375 0.13671875 0.11875 0.14375
0 0.47578125 0.284375 0.1359375 0.1078125
0 0.33984375 0.4890625 0.140625 0.096875
0 0.684375 0.5140625 0.103125 0.1125
0 0.590625 0.403125 0.109375 0.121875
0 0.4765625 0.575 0.128125 0.0875
0 0.4828125 0.746875 0.109375 0.078125
0 0.475 0.38984375 0.134375 0.1015625
0 0.675 0.715625 0.090625 0.103125
0 0.6796875 0.6125 0.096875 0.103125
0 0.4765625 0.4828125 0.13125 0.0921875
0 0.240625 0.6375 0.08125 0.15
0 0.7 0.2703125 0.115625 0.128125
0 0.353125 0.8390625 0.1234375 0.08125
0 0.56953125 0.8203125 0.10625 0.08125
0 0.77421875 0.4921875 0.075 0.0734375
0 0.3578125 0.75546875 0.13125 0.08125
0 0.78828125 0.33671875 0.08125 0.08125
0 0.56796875 0.896875 0.103125 0.078125
0 0.78125 0.41796875 0.0796875 0.08125
0 0.46796875 0.82421875 0.103125 0.08125
0 0.7671875 0.56640625 0.078125 0.06875
0 0.753125 0.69921875 0.0703125 0.0625
0 0.46640625 0.90078125 0.1046875 0.078125
0 0.4734375 0.66328125 0.1234375 0.084375
0 0.35546875 0.9140625 0.121875 0.078125
0 0.79921875 0.2484375 0.084375 0.0875
0 0.68515625 0.14140625 0.13125 0.1265625
0 0.74765625 0.83515625 0.0640625 0.0609375
0 0.82265625 0.70546875 0.0734375 0.0625
0 0.66015625 0.89453125 0.090625 0.065625
0 0.7609375 0.6375 0.0765625 0.065625
0 0.84921875 0.4984375 0.08125 0.075
0 0.840625 0.56953125 0.078125 0.071875
0 0.86171875 0.421875 0.08125 0.078125
0 0.21484375 0.303125 0.1 0.178125
0 0.7484375 0.76875 0.065625 0.0640625
0 0.8703125 0.33984375 0.084375 0.08125
0 0.80859375 0.83515625 0.071875 0.0609375
0 0.278125 0.15078125 0.1703125 0.121875
0 0.8015625 0.89296875 0.06875 0.0609375
0 0.834375 0.640625 0.08125 0.0671875
0 0.88125 0.25859375 0.0890625 0.0875
0 0.81328125 0.7671875 0.06875 0.065625
0 0.74140625 0.89375 0.06875 0.0640625
0 0.8828125 0.146875 0.115625 0.1234375
0 0.78203125 0.14609375 0.065625 0.1234375
0 0.259375 0.90546875 0.0796875 0.134375
0 0.2484375 0.77578125 0.0859375 0.1359375