0 0.178125 0.52109375 0.08828125 0.1125
0 0.43984375 0.43984375 0.15234375 0.06171875
0 0.26796875 0.52109375 0.084375 0.115625
0 0.3609375 0.5234375 0.0828125 0.11640625
0 0.46640625 0.52109375 0.09140625 0.11484375
0 0.44609375 0.61796875 0.14375 0.0765625
0 0.3140625 0.615625 0.12109375 0.078125
0 0.1921875 0.61328125 0.11328125 0.07734375
0 0.2109375 0.69140625 0.1796875 0.07421875
0 0.3640625 0.69296875 0.12265625 0.078125
0 0.47265625 0.69375 0.0984375 0.07734375
0 0.421875 0.77109375 0.11875 0.08046875
0 0.2984375 0.7703125 0.12109375 0.08125
0 0.17265625 0.76640625 0.11875 0.0828125