0 0.371875 0.4015625 0.13125 0.12109375
0 0.6953125 0.396875 0.0859375 0.11953125
0 0.24140625 0.51328125 0.14296875 0.12109375
0 0.37890625 0.5125 0.12890625 0.115625
0 0.37890625 0.62734375 0.12734375 0.115625
0 0.5078125 0.63203125 0.1046875 0.121875
0 0.596875 0.7421875 0.0921875 0.11875
0 0.6015625 0.39375 0.09140625 0.12109375
0 0.51015625 0.38984375 0.1015625 0.12734375
0 0.60234375 0.62421875 0.0921875 0.11796875
0 0.24609375 0.63203125 0.14140625 0.1203125
0 0.23359375 0.39609375 0.15 0.128125
0 0.25 0.7515625 0.14140625 0.11953125
0 0.50703125 0.5171875 0.10703125 0.12109375
0 0.68984375 0.5140625 0.08828125 0.1125
0 0.60234375 0.51484375 0.0921875 0.1203125
0 0.77890625 0.5125 0.08515625 0.10625
0 0.38046875 0.73828125 0.121875 0.1140625
0 0.69453125 0.6203125 0.08828125 0.1125
0 0.78046875 0.4015625 0.08046875 0.11484375
0 0.68515625 0.7359375 0.0875 0.11796875
0 0.7796875 0.615625 0.084375 0.1125
0 0.503125 0.7546875 0.1 0.12578125
0 0.775 0.7234375 0.0859375 0.11171875
0 0.81875 0.2859375 0.090625 0.10078125
0 0.7203125 0.278125 0.09609375 0.11015625
0 0.62109375 0.27109375 0.10390625 0.11328125
0 0.51953125 0.259375 0.11640625 0.11640625