0 0.184375 0.32734375 0.103125 0.24375
0 0.27578125 0.325 0.1 0.2359375
0 0.3625 0.32578125 0.090625 0.2375
0 0.4453125 0.328125 0.08125 0.221875
0 0.5234375 0.32578125 0.071875 0.2125
0 0.6 0.32421875 0.071875 0.21875
0 0.696875 0.290625 0.1140625 0.14375
0 0.6984375 0.428125 0.10625 0.13125
0 0.825 0.22890625 0.10625 0.140625
0 0.815625 0.36328125 0.10625 0.134375
0 0.8109375 0.49375 0.1125 0.1234375
0 0.8015625 0.61328125 0.10625 0.121875
0 0.79375 0.7359375 0.103125 0.121875
0 0.6921875 0.55625 0.1078125 0.1265625
0 0.6015625 0.528125 0.071875 0.1984375
0 0.52734375 0.53515625 0.08125 0.1984375
0 0.4484375 0.54140625 0.078125 0.203125
0 0.36875 0.5484375 0.0875 0.2140625
0 0.28359375 0.553125 0.0921875 0.215625
0 0.19375 0.5578125 0.0984375 0.221875
0 0.2015625 0.76875 0.084375 0.1984375
0 0.2828125 0.7640625 0.08125 0.196875
0 0.3578125 0.7578125 0.078125 0.196875
0 0.43125 0.74765625 0.075 0.19375
0 0.5 0.7375 0.06875 0.1859375
0 0.56796875 0.72734375 0.0703125 0.184375
0 0.634375 0.7234375 0.06875 0.1859375
0 0.7078125 0.7125 0.0671875 0.184375