0 0.2546875 0.75 0.084375 0.0828125
0 0.26953125 0.684375 0.153125 0.0484375
0 0.26015625 0.634375 0.159375 0.04375
0 0.25078125 0.58515625 0.159375 0.0515625
0 0.24453125 0.53125 0.1640625 0.0515625
0 0.2390625 0.47734375 0.178125 0.053125
0 0.234375 0.41875 0.165625 0.0625
0 0.22734375 0.359375 0.171875 0.0625
0 0.221875 0.2984375 0.175 0.065625
0 0.21875 0.23125 0.1765625 0.075
0 0.38046875 0.7953125 0.153125 0.0421875
0 0.378125 0.7484375 0.15 0.040625
0 0.39296875 0.68046875 0.090625 0.0859375
0 0.41796875 0.6140625 0.1640625 0.05
0 0.415625 0.56015625 0.165625 0.05
0 0.4125 0.50625 0.165625 0.05
0 0.409375 0.446875 0.178125 0.05625
0 0.4078125 0.3859375 0.18125 0.0625
0 0.409375 0.27265625 0.190625 0.1671875
0 0.609375 0.2703125 0.203125 0.165625
0 0.8171875 0.26875 0.221875 0.16875
0 0.60234375 0.43125 0.209375 0.1515625
0 0.8046875 0.4296875 0.2125 0.15
0 0.58671875 0.578125 0.178125 0.1296875
0 0.7875 0.5796875 0.2109375 0.1359375
0 0.4859375 0.6875 0.0859375 0.084375
0 0.58125 0.68984375 0.1015625 0.0890625
0 0.5359375 0.8046875 0.153125 0.04375
0 0.540625 0.7546875 0.165625 0.046875
0 0.74609375 0.7921875 0.24375 0.0984375
0 0.7546875 0.7 0.253125 0.10625