0 0.225 0.628125 0.14765625 0.090625
0 0.365625 0.6375 0.12890625 0.08359375
0 0.49375 0.6484375 0.1234375 0.0859375
0 0.615625 0.659375 0.12109375 0.09609375
0 0.73203125 0.67734375 0.115625 0.0875
0 0.8078125 0.671875 0.040625 0.1015625
0 0.828125 0.7703125 0.04140625 0.09609375
0 0.7953125 0.77265625 0.04140625 0.09609375
0 0.7609375 0.76953125 0.040625 0.09453125
0 0.7265625 0.759375 0.04375 0.10546875
0 0.68984375 0.7578125 0.04375 0.10703125
0 0.65546875 0.75 0.0390625 0.10546875
0 0.6171875 0.7484375 0.04375 0.103125
0 0.5796875 0.74296875 0.04140625 0.10546875
0 0.540625 0.74140625 0.03828125 0.103125
0 0.50234375 0.740625 0.0390625 0.10703125
0 0.4640625 0.73984375 0.04140625 0.10703125
0 0.425 0.7390625 0.04140625 0.103125
0 0.3828125 0.7359375 0.03828125 0.10859375
0 0.3421875 0.7328125 0.03671875 0.10703125
0 0.3 0.73125 0.0390625 0.10390625
0 0.25625 0.728125 0.03984375 0.109375
0 0.2125 0.728125 0.0421875 0.1015625
0 0.165625 0.721875 0.04765625 0.10703125
0 0.15390625 0.846875 0.0453125 0.115625
0 0.20625 0.84296875 0.03984375 0.11640625
0 0.25 0.84609375 0.04296875 0.1109375
0 0.29375 0.8484375 0.04453125 0.11640625
0 0.3375 0.85 0.03828125 0.11640625
0 0.38125 0.84921875 0.0421875 0.1125
0 0.4234375 0.84921875 0.040625 0.1234375
0 0.465625 0.85 0.03984375 0.1140625
0 0.5046875 0.853125 0.03828125 0.1109375
0 0.5453125 0.84921875 0.03984375 0.1125
0 0.584375 0.853125 0.04296875 0.11640625
0 0.62265625 0.85625 0.0421875 0.115625
0 0.6609375 0.86328125 0.04140625 0.1125
0 0.69609375 0.86328125 0.040625 0.109375
0 0.734375 0.8671875 0.0390625 0.10703125
0 0.76796875 0.8734375 0.040625 0.10859375
0 0.8015625 0.87578125 0.03984375 0.0984375
0 0.8375 0.8765625 0.03984375 0.096875
0 0.84609375 0.96484375 0.0421875 0.0703125
0 0.81171875 0.96484375 0.0390625 0.0703125
0 0.7765625 0.965625 0.03828125 0.06640625
0 0.7390625 0.96640625 0.04375 0.06640625
0 0.7015625 0.965625 0.04140625 0.06796875
0 0.66484375 0.959375 0.046875 0.08046875
0 0.6265625 0.9578125 0.04375 0.084375
0 0.58671875 0.9578125 0.0421875 0.084375
0 0.546875 0.9578125 0.04375 0.084375
0 0.50390625 0.95703125 0.0390625 0.0859375
0 0.46484375 0.9578125 0.0390625 0.084375
0 0.4234375 0.95703125 0.04140625 0.0859375
0 0.38125 0.9578125 0.04140625 0.084375
0 0.33515625 0.959375 0.0421875 0.08046875
0 0.290625 0.95625 0.04296875 0.0875
0 0.2453125 0.9546875 0.04453125 0.090625
0 0.19921875 0.953125 0.04375 0.09296875
0 0.153125 0.95390625 0.053125 0.09140625