0 0.6625 0.103125 0.1703125 0.14375
0 0.6625 0.246875 0.171875 0.1421875
0 0.66328125 0.3890625 0.1734375 0.146875
0 0.6671875 0.528125 0.175 0.1421875
0 0.6640625 0.6921875 0.171875 0.1859375
0 0.66953125 0.8703125 0.1640625 0.1828125
0 0.5 0.90859375 0.175 0.15
0 0.49453125 0.76015625 0.16875 0.15625
0 0.49609375 0.61953125 0.16875 0.146875
0 0.49296875 0.47890625 0.1703125 0.1421875
0 0.49765625 0.3109375 0.165625 0.18125
0 0.49375 0.12578125 0.1640625 0.196875
0 0.3265625 0.1015625 0.1703125 0.1546875
0 0.328125 0.24140625 0.175 0.1390625
0 0.32734375 0.38828125 0.1734375 0.1375
0 0.328125 0.53046875 0.16875 0.140625
0 0.3296875 0.69765625 0.1703125 0.19375
0 0.328125 0.884375 0.165625 0.196875
0 0.15703125 0.915625 0.178125 0.1546875
0 0.15625 0.771875 0.1796875 0.1515625
0 0.1578125 0.6296875 0.1734375 0.1375
0 0.15546875 0.4890625 0.175 0.15
0 0.15234375 0.315625 0.175 0.19375
0 0.153125 0.12578125 0.175 0.2