0 0.53125 0.553125 0.10625 0.0953125
0 0.43515625 0.27109375 0.103125 0.10234375
0 0.42578125 0.45390625 0.1078125 0.09609375
0 0.42890625 0.359375 0.103125 0.09765625
0 0.53515625 0.365625 0.10234375 0.09609375
0 0.53125 0.4578125 0.10546875 0.0953125
0 0.76328125 0.33984375 0.10546875 0.07578125
0 0.6421875 0.32578125 0.11640625 0.0765625
0 0.7546875 0.475 0.10625 0.07421875
0 0.328125 0.26171875 0.10859375 0.10390625
0 0.41484375 0.55234375 0.10703125 0.09765625
0 0.32421875 0.35 0.11171875 0.10078125
0 0.8671875 0.34921875 0.10078125 0.075
0 0.84765625 0.62109375 0.09140625 0.0640625
0 0.64765625 0.54609375 0.12109375 0.075
0 0.64296875 0.46953125 0.11484375 0.07421875
0 0.8546875 0.5515625 0.0953125 0.06953125
0 0.3171875 0.45078125 0.1109375 0.09921875
0 0.64140625 0.39375 0.11875 0.07578125
0 0.75234375 0.62109375 0.10625 0.0671875
0 0.4140625 0.64765625 0.10703125 0.096875
0 0.8625 0.42109375 0.09453125 0.0703125
0 0.7546875 0.54921875 0.10234375 0.0734375
0 0.7609375 0.409375 0.10703125 0.07421875
0 0.18203125 0.640625 0.121875 0.10546875
0 0.1953125 0.54140625 0.12109375 0.10078125
0 0.30859375 0.54765625 0.115625 0.1
0 0.17578125 0.746875 0.1234375 0.10703125
0 0.496875 0.8265625 0.10234375 0.0875
0 0.8578125 0.48203125 0.09375 0.06875
0 0.3953125 0.83984375 0.109375 0.09375
0 0.53515625 0.2796875 0.0984375 0.09921875
0 0.6359375 0.62109375 0.1125 0.07109375
0 0.28125 0.8453125 0.11796875 0.09921875
0 0.20625 0.43984375 0.1171875 0.1
0 0.52109375 0.6484375 0.1046875 0.0921875
0 0.29375 0.74609375 0.11953125 0.10234375
0 0.71796875 0.82421875 0.1015625 0.0671875
0 0.73125 0.75546875 0.103125 0.06328125
0 0.83125 0.75 0.0921875 0.06328125
0 0.3015625 0.64375 0.11484375 0.1015625
0 0.165625 0.85078125 0.12734375 0.1046875
0 0.225 0.25859375 0.10546875 0.096875
0 0.21640625 0.35 0.11171875 0.096875
0 0.8171875 0.81328125 0.09921875 0.06171875
0 0.63671875 0.6890625 0.11171875 0.07265625
0 0.61640625 0.7609375 0.1125 0.0640625
0 0.76640625 0.26484375 0.10390625 0.0765625
0 0.83984375 0.68359375 0.08984375 0.06328125
0 0.615625 0.83125 0.1125 0.075
0 0.515625 0.7390625 0.10078125 0.0921875
0 0.646875 0.25 0.12421875 0.08671875
0 0.871875 0.28203125 0.1 0.0765625
0 0.4046875 0.74140625 0.1078125 0.096875
0 0.7375 0.68671875 0.09921875 0.06953125