0 0.71953125 0.859375 0.08125 0.08125
0 0.8109375 0.2578125 0.109375 0.1234375
0 0.49296875 0.5171875 0.1046875 0.175
0 0.47734375 0.6765625 0.1 0.1578125
0 0.56953125 0.67734375 0.1 0.153125
0 0.38828125 0.6765625 0.1 0.1578125
0 0.59609375 0.14140625 0.1625 0.165625
0 0.38515625 0.50703125 0.10625 0.184375
0 0.82734375 0.13046875 0.1109375 0.1359375
0 0.3765625 0.82578125 0.096875 0.140625
0 0.30390625 0.07734375 0.1125 0.146875
0 0.46796875 0.8328125 0.096875 0.146875
0 0.675 0.58828125 0.09375 0.103125
0 0.6859375 0.48671875 0.0984375 0.109375
0 0.7125 0.203125 0.125 0.2109375
0 0.77734375 0.48984375 0.09375 0.10625
0 0.4390625 0.11875 0.1625 0.1765625
0 0.20859375 0.70078125 0.0859375 0.103125
0 0.5609375 0.8296875 0.096875 0.1453125
0 0.28984375 0.32734375 0.096875 0.1375
0 0.69453125 0.37578125 0.10625 0.115625
0 0.6609375 0.68515625 0.0921875 0.0953125
0 0.2890625 0.82421875 0.096875 0.140625
0 0.74765625 0.68984375 0.090625 0.09375
0 0.2953125 0.6984375 0.0875 0.1109375
0 0.7890625 0.38359375 0.103125 0.115625
0 0.59296875 0.334375 0.1109375 0.1875
0 0.65234375 0.775 0.090625 0.090625
0 0.63984375 0.86484375 0.0828125 0.084375
0 0.2859375 0.203125 0.096875 0.103125
0 0.215625 0.603125 0.06875 0.109375
0 0.75859375 0.5921875 0.0921875 0.1
0 0.49765625 0.3296875 0.109375 0.1953125
0 0.58828125 0.51875 0.1046875 0.1765625
0 0.19609375 0.85625 0.0875 0.0625
0 0.390625 0.315625 0.109375 0.203125
0 0.29453125 0.58125 0.0890625 0.115625
0 0.734375 0.77890625 0.0890625 0.0859375
0 0.29296875 0.4578125 0.090625 0.125
0 0.19765625 0.7859375 0.0875 0.0671875
0 0.2125 0.48828125 0.071875 0.115625
0 0.19375 0.23046875 0.08125 0.1359375
0 0.203125 0.36015625 0.075 0.121875
0 0.2125 0.07578125 0.075 0.15