0 0.6546875 0.1390625 0.203125 0.1
0 0.65078125 0.2296875 0.209375 0.10625
0 0.64296875 0.325 0.2140625 0.10625
0 0.63515625 0.4234375 0.21875 0.103125
0 0.6328125 0.52421875 0.2125 0.1046875
0 0.625 0.63359375 0.225 0.1078125
0 0.61640625 0.7921875 0.2390625 0.175
0 0.465625 0.15546875 0.1859375 0.0984375
0 0.45625 0.2421875 0.196875 0.103125
0 0.44609375 0.33203125 0.196875 0.1
0 0.4375 0.428125 0.2 0.1
0 0.4265625 0.52421875 0.2 0.096875
0 0.415625 0.63046875 0.2109375 0.103125
0 0.39140625 0.775 0.21875 0.16875
0 0.28984375 0.1703125 0.1734375 0.0921875
0 0.27890625 0.25234375 0.1859375 0.09375
0 0.26875 0.33828125 0.1875 0.09375
0 0.2515625 0.4296875 0.1890625 0.09375
0 0.23515625 0.5234375 0.2015625 0.09375
0 0.215625 0.6234375 0.20625 0.103125
0 0.19375 0.7609375 0.209375 0.1609375