0 0.146875 0.225 0.04296875 0.0453125
0 0.1875 0.2234375 0.0421875 0.0484375
0 0.23125 0.221875 0.04375 0.04921875
0 0.2765625 0.21875 0.04296875 0.05
0 0.32109375 0.21640625 0.0421875 0.05234375
0 0.36484375 0.21484375 0.04609375 0.053125
0 0.41171875 0.2140625 0.0484375 0.05546875
0 0.46015625 0.2125 0.0484375 0.053125
0 0.5078125 0.21015625 0.0453125 0.05625
0 0.5578125 0.20625 0.04921875 0.05546875
0 0.6078125 0.203125 0.0515625 0.05703125
0 0.65859375 0.2015625 0.0515625 0.05703125
0 0.71171875 0.19921875 0.05 0.0578125
0 0.7671875 0.19765625 0.05234375 0.0578125
0 0.8203125 0.1953125 0.05234375 0.05625
0 0.87734375 0.18984375 0.053125 0.0578125
0 0.93515625 0.18828125 0.06015625 0.0609375
0 0.94296875 0.24375 0.05546875 0.059375
0 0.88671875 0.2453125 0.059375 0.05625
0 0.8296875 0.25 0.0546875 0.05625
0 0.775 0.25234375 0.05390625 0.053125
0 0.7203125 0.25390625 0.053125 0.0515625
0 0.665625 0.25625 0.05234375 0.05390625
0 0.6140625 0.25859375 0.053125 0.05390625
0 0.5609375 0.26015625 0.05078125 0.05078125
0 0.5125 0.2625 0.0453125 0.05234375
0 0.46484375 0.2640625 0.046875 0.053125
0 0.41484375 0.265625 0.053125 0.05234375
0 0.36796875 0.26796875 0.04765625 0.05
0 0.3234375 0.26796875 0.046875 0.05
0 0.278125 0.26953125 0.04375 0.04921875
0 0.23359375 0.27109375 0.04375 0.0484375
0 0.19140625 0.271875 0.04296875 0.046875
0 0.1515625 0.2734375 0.0375 0.04765625
0 0.1125 0.27421875 0.040625 0.04609375
0 0.11015625 0.3203125 0.0421875 0.0484375
0 0.15078125 0.3203125 0.04375 0.04921875
0 0.19296875 0.31953125 0.04296875 0.0515625
0 0.2359375 0.31796875 0.04296875 0.05234375
0 0.2765625 0.31796875 0.04609375 0.0515625
0 0.32421875 0.31640625 0.04765625 0.05234375
0 0.36796875 0.31796875 0.04609375 0.0515625
0 0.41484375 0.31796875 0.0484375 0.05078125
0 0.46328125 0.31640625 0.046875 0.0515625
0 0.51171875 0.315625 0.0484375 0.0515625
0 0.55859375 0.31328125 0.05 0.053125
0 0.609375 0.31171875 0.0484375 0.053125
0 0.66328125 0.309375 0.059375 0.053125
0 0.715625 0.3078125 0.04921875 0.053125
0 0.7703125 0.30625 0.05703125 0.0578125
0 0.82421875 0.30546875 0.05234375 0.05546875
0 0.88125 0.30234375 0.0578125 0.05625
0 0.93984375 0.3015625 0.0578125 0.05546875
0 0.93828125 0.35625 0.05703125 0.05546875
0 0.8796875 0.35703125 0.05546875 0.0546875
0 0.82265625 0.359375 0.053125 0.0515625
0 0.76640625 0.3609375 0.05703125 0.0515625
0 0.71015625 0.36171875 0.0546875 0.04921875
0 0.659375 0.36328125 0.05546875 0.05546875
0 0.60546875 0.36484375 0.05234375 0.05390625
0 0.55625 0.36484375 0.04921875 0.05234375
0 0.50546875 0.36640625 0.0515625 0.05
0 0.45859375 0.3671875 0.04375 0.0484375
0 0.409375 0.36640625 0.04296875 0.04765625
0 0.3640625 0.36640625 0.0453125 0.046875
0 0.321875 0.3671875 0.04765625 0.04765625
0 0.2765625 0.36796875 0.04609375 0.046875
0 0.2328125 0.36796875 0.04765625 0.046875
0 0.1890625 0.36796875 0.04453125 0.04609375
0 0.14765625 0.3671875 0.04140625 0.04765625
0 0.10625 0.365625 0.0453125 0.04765625
0 0.1 0.4125 0.0390625 0.0484375
0 0.14140625 0.4140625 0.03984375 0.05
0 0.1828125 0.415625 0.04296875 0.0484375
0 0.2265625 0.41484375 0.0421875 0.046875
0 0.271875 0.415625 0.04375 0.05078125
0 0.31640625 0.415625 0.04609375 0.0515625
0 0.3625 0.415625 0.04765625 0.05234375
0 0.40859375 0.415625 0.046875 0.053125
0 0.45625 0.415625 0.05 0.05234375
0 0.503125 0.415625 0.05234375 0.053125
0 0.55234375 0.4171875 0.05390625 0.053125
0 0.60390625 0.415625 0.0484375 0.0515625
0 0.65546875 0.41640625 0.0515625 0.0515625
0 0.7078125 0.4140625 0.0546875 0.05546875
0 0.7609375 0.41328125 0.053125 0.05546875
0 0.81796875 0.4125 0.05703125 0.05625
0 0.87890625 0.41171875 0.05859375 0.05703125
0 0.93984375 0.4109375 0.065625 0.06015625
0 0.93828125 0.46796875 0.05703125 0.06171875
0 0.878125 0.46796875 0.06015625 0.059375
0 0.8203125 0.46875 0.0578125 0.05546875
0 0.7640625 0.46796875 0.05703125 0.05546875
0 0.709375 0.46796875 0.05234375 0.053125
0 0.6546875 0.46796875 0.05234375 0.0515625
0 0.6046875 0.46796875 0.0484375 0.04921875
0 0.553125 0.46875 0.053125 0.0515625
0 0.503125 0.46796875 0.05 0.05234375
0 0.4546875 0.46640625 0.0484375 0.05234375
0 0.4078125 0.465625 0.04765625 0.05078125
0 0.36015625 0.46484375 0.0484375 0.04921875
0 0.31328125 0.465625 0.04453125 0.05
0 0.26953125 0.46328125 0.0453125 0.04921875
0 0.22578125 0.46171875 0.04375 0.05
0 0.18203125 0.4625 0.046875 0.046875
0 0.13828125 0.46171875 0.04140625 0.04609375
0 0.0984375 0.45859375 0.04375 0.0484375
0 0.109375 0.52421875 0.0640625 0.08359375
0 0.175 0.5265625 0.07109375 0.0859375
0 0.24453125 0.5296875 0.06875 0.0875
0 0.3171875 0.53125 0.0703125 0.08671875
0 0.3890625 0.53203125 0.07734375 0.090625
0 0.4671875 0.5359375 0.0765625 0.09140625
0 0.5484375 0.5375 0.0796875 0.09296875
0 0.63046875 0.5390625 0.0828125 0.09453125
0 0.71875 0.54140625 0.08203125 0.09765625
0 0.8078125 0.54453125 0.084375 0.09921875
0 0.90546875 0.54453125 0.10078125 0.096875
0 0.90234375 0.6421875 0.0953125 0.1
0 0.80703125 0.640625 0.096875 0.10078125
0 0.71796875 0.6359375 0.0890625 0.0984375
0 0.63046875 0.6328125 0.0859375 0.09765625
0 0.54765625 0.628125 0.08125 0.0953125
0 0.46640625 0.625 0.078125 0.09609375
0 0.390625 0.62109375 0.07890625 0.09296875
0 0.315625 0.61875 0.075 0.09140625
0 0.24453125 0.615625 0.06796875 0.090625
0 0.17578125 0.61171875 0.07109375 0.08828125
0 0.103125 0.60859375 0.0734375 0.08828125
0 0.10234375 0.690625 0.07109375 0.08515625
0 0.17109375 0.69765625 0.071875 0.09140625
0 0.240625 0.69921875 0.07109375 0.09140625
0 0.3125 0.70625 0.0703125 0.0953125
0 0.3859375 0.7109375 0.0703125 0.09609375
0 0.4640625 0.7140625 0.0734375 0.096875
0 0.5421875 0.7203125 0.0796875 0.096875
0 0.6265625 0.72578125 0.0828125 0.09609375
0 0.71171875 0.73203125 0.084375 0.096875
0 0.80078125 0.7359375 0.0859375 0.10234375
0 0.89921875 0.740625 0.0921875 0.1
0 0.89375 0.8390625 0.09296875 0.10234375
0 0.79609375 0.83203125 0.08671875 0.10390625
0 0.71015625 0.8234375 0.08671875 0.09921875
0 0.625 0.81875 0.0828125 0.1
0 0.540625 0.81171875 0.08046875 0.096875
0 0.46328125 0.8046875 0.078125 0.09453125
0 0.384375 0.7984375 0.07734375 0.09453125
0 0.3109375 0.7921875 0.0703125 0.0921875
0 0.23984375 0.7875 0.0671875 0.08984375
0 0.16953125 0.78046875 0.07265625 0.09453125
0 0.10078125 0.77578125 0.0703125 0.08671875