0 0.359375 0.55859375 0.0859375 0.1078125
0 0.35859375 0.453125 0.084375 0.1
0 0.3609375 0.35625 0.08125 0.09375
0 0.43984375 0.4515625 0.0828125 0.1
0 0.16015625 0.80546875 0.0984375 0.13125
0 0.4421875 0.3515625 0.08125 0.09375
0 0.5375 0.7953125 0.09375 0.125
0 0.5203125 0.26484375 0.0765625 0.084375
0 0.53359375 0.56328125 0.0875 0.10625
0 0.44296875 0.78984375 0.09375 0.1296875
0 0.26171875 0.6734375 0.096875 0.1203125
0 0.53359375 0.6765625 0.090625 0.1140625
0 0.3515625 0.6734375 0.0890625 0.11875
0 0.5265625 0.45234375 0.084375 0.1
0 0.52421875 0.3515625 0.08125 0.090625
0 0.27421875 0.453125 0.0859375 0.1
0 0.36796875 0.1859375 0.075 0.0828125
0 0.4421875 0.55625 0.0875 0.109375
0 0.2546875 0.79765625 0.09375 0.13125
0 0.51875 0.18046875 0.0734375 0.0828125
0 0.225 0.196875 0.075 0.08125
0 0.4421875 0.184375 0.0734375 0.08125
0 0.4421875 0.2703125 0.078125 0.0875
0 0.4421875 0.66484375 0.090625 0.1171875
0 0.3625 0.275 0.0796875 0.0875
0 0.30078125 0.19375 0.0734375 0.08125
0 0.265625 0.55625 0.090625 0.1109375
0 0.2859375 0.359375 0.084375 0.09375
0 0.2484375 0.28046875 0.15 0.0859375
0 0.1953125 0.45625 0.0875 0.1015625
0 0.34609375 0.79921875 0.096875 0.134375
0 0.1859375 0.5609375 0.0921875 0.10625
0 0.20625 0.3625 0.084375 0.090625
0 0.1765625 0.67734375 0.0890625 0.1203125
0 0.28984375 0.278125 0.084375 0.084375