0 0.18203125 0.7421875 0.18125 0.0984375
0 0.1890625 0.6421875 0.175 0.09375
0 0.19453125 0.54921875 0.175 0.0859375
0 0.1953125 0.46171875 0.171875 0.0828125
0 0.3859375 0.75 0.203125 0.10625
0 0.384375 0.6421875 0.1875 0.1
0 0.38515625 0.540625 0.1875 0.0984375
0 0.38203125 0.44375 0.18125 0.090625
0 0.58125 0.746875 0.1953125 0.103125
0 0.57578125 0.6421875 0.184375 0.1
0 0.56953125 0.53984375 0.18125 0.09375
0 0.56796875 0.4453125 0.171875 0.090625
0 0.778125 0.7484375 0.184375 0.1046875
0 0.76875 0.6421875 0.1796875 0.1
0 0.759375 0.54140625 0.178125 0.09375
0 0.74921875 0.446875 0.175 0.090625
0 0.2 0.3796875 0.165625 0.06875
0 0.20078125 0.30234375 0.16875 0.06875
0 0.20546875 0.22578125 0.1625 0.0671875
0 0.39140625 0.3453125 0.1875 0.078125
0 0.39140625 0.2625 0.18125 0.071875
0 0.3859375 0.18359375 0.16875 0.0765625
0 0.5734375 0.34921875 0.178125 0.078125
0 0.57109375 0.26796875 0.178125 0.0734375
0 0.565625 0.1890625 0.1734375 0.0734375
0 0.7546875 0.353125 0.171875 0.08125
0 0.75 0.26875 0.171875 0.075
0 0.74921875 0.1890625 0.175 0.075
0 0.046875 0.7421875 0.09375 0.103125
0 0.05078125 0.6421875 0.1015625 0.096875
0 0.0546875 0.54765625 0.1015625 0.0890625
0 0.05625 0.45859375 0.109375 0.084375
0 0.0578125 0.375 0.1125 0.075
0 0.059375 0.29921875 0.115625 0.065625
0 0.0625 0.22265625 0.121875 0.071875