0 0.6671875 0.64765625 0.1390625 0.1640625
0 0.66171875 0.796875 0.134375 0.16796875
0 0.80859375 0.3234375 0.153125 0.16953125
0 0.6671875 0.3328125 0.134375 0.15703125
0 0.29765625 0.4921875 0.134375 0.13125
0 0.66171875 0.4875 0.13671875 0.159375
0 0.81171875 0.48984375 0.15390625 0.1703125
0 0.5359375 0.4921875 0.12421875 0.15078125
0 0.53671875 0.34609375 0.1234375 0.15
0 0.5359375 0.634375 0.12265625 0.14921875
0 0.41015625 0.49453125 0.11171875 0.14296875
0 0.41953125 0.771875 0.11015625 0.15078125
0 0.8125 0.64921875 0.15234375 0.16875
0 0.290625 0.36875 0.12734375 0.1296875
0 0.809375 0.815625 0.15 0.16953125
0 0.5359375 0.78515625 0.12109375 0.15390625
0 0.4171875 0.63359375 0.11171875 0.14140625
0 0.17421875 0.73671875 0.12265625 0.1296875
0 0.4078125 0.34921875 0.1109375 0.140625
0 0.16796875 0.490625 0.13203125 0.12734375
0 0.30390625 0.62421875 0.13046875 0.1328125
0 0.18046875 0.61484375 0.12578125 0.121875
0 0.303125 0.74609375 0.1328125 0.13046875
0 0.1578125 0.36328125 0.1265625 0.13046875