0 0.6125 0.21640625 0.228125 0.1421875
0 0.39375 0.228125 0.196875 0.140625
0 0.1953125 0.234375 0.178125 0.134375
0 0.621875 0.34765625 0.209375 0.125
0 0.41171875 0.35625 0.19375 0.11875
0 0.22109375 0.3609375 0.16875 0.121875
0 0.621875 0.46484375 0.209375 0.10625
0 0.4234375 0.4703125 0.190625 0.10625
0 0.2359375 0.478125 0.171875 0.10625
0 0.634375 0.5796875 0.19375 0.1140625
0 0.440625 0.584375 0.1765625 0.115625
0 0.26328125 0.5859375 0.165625 0.109375
0 0.634375 0.7046875 0.184375 0.1
0 0.64453125 0.8203125 0.184375 0.0953125
0 0.4515625 0.696875 0.171875 0.10625
0 0.4640625 0.8109375 0.16875 0.1
0 0.27734375 0.696875 0.15625 0.1078125
0 0.2953125 0.80234375 0.159375 0.09375