0 0.78984375 0.328125 0.171875 0.14375
0 0.62109375 0.38984375 0.16875 0.18125
0 0.46171875 0.71796875 0.146875 0.15
0 0.4625 0.5859375 0.153125 0.11875
0 0.459375 0.3171875 0.175 0.1484375
0 0.3046875 0.52578125 0.1625 0.1265625
0 0.46015625 0.15234375 0.184375 0.171875
0 0.46015625 0.86015625 0.140625 0.121875
0 0.6015625 0.77578125 0.140625 0.103125
0 0.46015625 0.4578125 0.1625 0.13125
0 0.6390625 0.18984375 0.18125 0.2140625
0 0.7609375 0.5859375 0.15625 0.11875
0 0.60703125 0.66484375 0.15 0.11875
0 0.6125 0.54296875 0.15625 0.128125
0 0.7765625 0.46484375 0.165625 0.13125
0 0.31640625 0.64453125 0.153125 0.115625
0 0.3 0.37421875 0.171875 0.1875
0 0.81015625 0.178125 0.184375 0.165625
0 0.321875 0.76171875 0.140625 0.1078125
0 0.5921875 0.8734375 0.134375 0.0921875
0 0.7421875 0.73046875 0.159375 0.1453125
0 0.19140625 0.6390625 0.11875 0.1828125
0 0.2765625 0.1671875 0.18125 0.2125
0 0.16875 0.44140625 0.1234375 0.215625
0 0.328125 0.8703125 0.1375 0.103125
0 0.13984375 0.19765625 0.1390625 0.275
0 0.20546875 0.82109375 0.10625 0.1703125
0 0.728125 0.8625 0.15 0.128125