0 0.70703125 0.428125 0.1515625 0.121875
0 0.5703125 0.31640625 0.13671875 0.12421875
0 0.40078125 0.6375 0.07578125 0.0984375
0 0.4421875 0.3234375 0.12734375 0.115625
0 0.215625 0.3328125 0.1109375 0.10390625
0 0.56484375 0.43125 0.13359375 0.11484375
0 0.71796875 0.30703125 0.15078125 0.125
0 0.32578125 0.325 0.11328125 0.11171875
0 0.884375 0.38671875 0.175 0.1296875
0 0.3265625 0.43203125 0.1109375 0.10546875
0 0.73359375 0.546875 0.1 0.11875
0 0.1234375 0.33515625 0.06875 0.09921875
0 0.28515625 0.53515625 0.11875 0.1015625
0 0.6453125 0.65078125 0.090625 0.1125
0 0.54921875 0.5453125 0.08515625 0.11171875
0 0.47265625 0.6421875 0.0796875 0.10390625
0 0.63828125 0.759375 0.0890625 0.109375
0 0.44140625 0.43125 0.12890625 0.11015625
0 0.3265625 0.6328125 0.07265625 0.096875
0 0.25703125 0.62578125 0.07109375 0.09609375
0 0.3828125 0.53671875 0.078125 0.10234375
0 0.73359375 0.77109375 0.09375 0.11171875
0 0.6296875 0.85546875 0.0984375 0.1046875
0 0.44921875 0.8328125 0.0828125 0.1015625
0 0.69140625 0.203125 0.215625 0.09140625
0 0.63515625 0.54453125 0.09453125 0.1140625
0 0.89140625 0.24609375 0.17109375 0.14453125
0 0.1328125 0.434375 0.07265625 0.09765625
0 0.2203125 0.434375 0.1046875 0.1
0 0.7234375 0.87109375 0.0984375 0.1140625
0 0.40703125 0.73515625 0.07265625 0.0953125
0 0.46328125 0.53828125 0.08046875 0.10546875
0 0.11796875 0.25234375 0.11015625 0.06640625
0 0.7375 0.66015625 0.09765625 0.1171875
0 0.23359375 0.24453125 0.11640625 0.0734375
0 0.29375 0.81328125 0.0765625 0.08984375
0 0.17109375 0.53203125 0.1109375 0.0953125
0 0.53671875 0.84296875 0.08828125 0.1015625
0 0.33203125 0.725 0.07265625 0.09609375
0 0.26015625 0.72265625 0.0671875 0.090625
0 0.55859375 0.75 0.08203125 0.10703125
0 0.4765625 0.740625 0.078125 0.0984375
0 0.3640625 0.2359375 0.1359375 0.0734375
0 0.5578125 0.646875 0.08359375 0.10859375
0 0.21796875 0.80390625 0.071875 0.08671875
0 0.49765625 0.22109375 0.14609375 0.08125
0 0.1984375 0.71640625 0.0609375 0.090625
0 0.3671875 0.82265625 0.0796875 0.0921875
0 0.12734375 0.61875 0.0609375 0.09140625
0 0.13359375 0.70546875 0.0609375 0.08984375
0 0.85859375 0.9046875 0.16171875 0.08984375
0 0.8765625 0.5625 0.1796875 0.075
0 0.875 0.634375 0.178125 0.07421875
0 0.878125 0.52734375 0.18203125 0.16015625
0 0.871875 0.6984375 0.18046875 0.0875
0 0.865625 0.76484375 0.171875 0.08984375
0 0.86640625 0.83359375 0.17734375 0.09375
0 0.14375 0.7921875 0.0765625 0.1