0 0.6578125 0.53671875 0.1515625 0.1015625
0 0.36640625 0.5359375 0.13984375 0.0984375
0 0.10859375 0.40625 0.11484375 0.1046875
0 0.6625 0.83203125 0.1578125 0.1046875
0 0.3671875 0.81640625 0.1296875 0.09453125
0 0.50546875 0.53984375 0.14375 0.10078125
0 0.6984375 0.41875 0.13515625 0.13984375
0 0.68828125 0.27890625 0.1359375 0.153125
0 0.825 0.84140625 0.17109375 0.11015625
0 0.3734375 0.63359375 0.14921875 0.09921875
0 0.55390625 0.28515625 0.12890625 0.14609375
0 0.1109375 0.50625 0.1125 0.103125
0 0.84375 0.26640625 0.1515625 0.15703125
0 0.40546875 0.4390625 0.1671875 0.096875
0 0.23359375 0.53671875 0.1296875 0.09609375
0 0.66328125 0.6359375 0.15 0.10234375
0 0.2359375 0.80859375 0.13671875 0.0953125
0 0.23828125 0.26015625 0.15390625 0.10234375
0 0.24375 0.3484375 0.15625 0.0984375
0 0.646875 0.7328125 0.14375 0.10234375
0 0.10625 0.29609375 0.10859375 0.12578125
0 0.8046875 0.73984375 0.1578125 0.1015625
0 0.23203125 0.63125 0.1296875 0.096875
0 0.8453125 0.41640625 0.14765625 0.146875
0 0.51875 0.63515625 0.140625 0.10078125
0 0.55859375 0.42265625 0.12890625 0.1359375
0 0.24921875 0.44453125 0.1609375 0.09453125
0 0.40234375 0.3453125 0.1640625 0.10234375
0 0.49140625 0.72265625 0.15078125 0.09921875
0 0.3484375 0.725 0.13125 0.09609375
0 0.81953125 0.6421875 0.16484375 0.10625
0 0.40390625 0.2421875 0.1625 0.109375
0 0.2234375 0.71796875 0.12734375 0.09296875
0 0.821875 0.54140625 0.16875 0.10703125
0 0.50546875 0.82578125 0.14921875 0.09296875
0 0.115625 0.60625 0.1125 0.1109375
0 0.11171875 0.6875 0.09296875 0.0671875
0 0.1203125 0.8109375 0.09765625 0.06328125
0 0.11953125 0.78515625 0.1015625 0.1296875