0 0.10859375 0.2265625 0.1390625 0.09375
0 0.28984375 0.2234375 0.1359375 0.09375
0 0.43828125 0.2453125 0.1734375 0.15
0 0.6265625 0.2359375 0.1890625 0.159375
0 0.83046875 0.23359375 0.2 0.146875
0 0.140625 0.33515625 0.14375 0.1171875
0 0.2828125 0.33125 0.1484375 0.1203125
0 0.45078125 0.38359375 0.1640625 0.1265625
0 0.62890625 0.3796875 0.178125 0.1296875
0 0.81640625 0.37578125 0.190625 0.13125
0 0.8015625 0.51015625 0.190625 0.13125
0 0.6171875 0.50703125 0.171875 0.1265625
0 0.45 0.50859375 0.16875 0.1140625
0 0.296875 0.44765625 0.153125 0.11875
0 0.153125 0.4453125 0.146875 0.1109375
0 0.16484375 0.553125 0.1390625 0.1109375
0 0.3046875 0.5625 0.15 0.11875
0 0.5578125 0.6265625 0.1546875 0.125
0 0.76796875 0.63671875 0.25 0.134375
0 0.10703125 0.63984375 0.0328125 0.053125
0 0.128125 0.640625 0.025 0.05625
0 0.1515625 0.640625 0.021875 0.053125
0 0.1671875 0.640625 0.021875 0.053125
0 0.4671875 0.65625 0.025 0.0546875
0 0.44296875 0.653125 0.021875 0.05625
0 0.42109375 0.65234375 0.0203125 0.05625
0 0.4015625 0.65234375 0.025 0.0578125
0 0.37734375 0.6515625 0.021875 0.05625
0 0.359375 0.65 0.025 0.0546875
0 0.3390625 0.6484375 0.025 0.0546875
0 0.31796875 0.64921875 0.028125 0.05625
0 0.2984375 0.646875 0.025 0.05625
0 0.278125 0.64609375 0.028125 0.0546875
0 0.26015625 0.6453125 0.025 0.053125
0 0.2421875 0.64609375 0.028125 0.05
0 0.221875 0.64375 0.021875 0.053125
0 0.20546875 0.64375 0.028125 0.05625
0 0.1890625 0.6421875 0.028125 0.05625
0 0.86875 0.7390625 0.025 0.0625
0 0.8390625 0.73984375 0.028125 0.0625
0 0.81015625 0.7375 0.025 0.0625
0 0.7859375 0.734375 0.028125 0.0625
0 0.75859375 0.73046875 0.025 0.0609375
0 0.73203125 0.7296875 0.025 0.0609375
0 0.70625 0.7296875 0.025 0.05625
0 0.68125 0.725 0.021875 0.0625
0 0.65625 0.71796875 0.025 0.0625
0 0.63671875 0.72109375 0.021875 0.0625
0 0.61171875 0.7203125 0.025 0.059375
0 0.5890625 0.715625 0.0203125 0.05625
0 0.5703125 0.715625 0.025 0.0625
0 0.546875 0.715625 0.025 0.0640625
0 0.525 0.71484375 0.021875 0.065625
0 0.50234375 0.7125 0.025 0.0609375
0 0.48203125 0.7109375 0.021875 0.059375
0 0.46015625 0.71171875 0.021875 0.059375
0 0.4390625 0.71015625 0.025 0.059375
0 0.4203125 0.709375 0.025 0.05625
0 0.39921875 0.709375 0.0203125 0.05625
0 0.378125 0.70703125 0.028125 0.059375
0 0.35703125 0.703125 0.025 0.05625
0 0.3375 0.703125 0.025 0.059375
0 0.315625 0.703125 0.03125 0.059375
0 0.29375 0.70078125 0.021875 0.0546875
0 0.27734375 0.6984375 0.021875 0.053125
0 0.259375 0.696875 0.021875 0.0515625
0 0.24296875 0.696875 0.03125 0.053125
0 0.22109375 0.69453125 0.028125 0.053125
0 0.19765625 0.6953125 0.021875 0.05
0 0.17265625 0.6921875 0.028125 0.0515625
0 0.153125 0.690625 0.021875 0.053125
0 0.1359375 0.68984375 0.025 0.0515625
0 0.11796875 0.690625 0.028125 0.05
0 0.865625 0.79921875 0.028125 0.05625
0 0.83359375 0.7953125 0.028125 0.05625
0 0.80546875 0.79609375 0.025 0.05625
0 0.77734375 0.7921875 0.03125 0.059375
0 0.75 0.78828125 0.028125 0.059375
0 0.725 0.78828125 0.028125 0.059375
0 0.70078125 0.78515625 0.03125 0.059375
0 0.6765625 0.78515625 0.028125 0.059375
0 0.653125 0.78125 0.025 0.0625
0 0.63203125 0.7796875 0.025 0.0578125
0 0.60859375 0.77734375 0.025 0.0625
0 0.58359375 0.775 0.025 0.0625
0 0.5609375 0.775 0.025 0.0625
0 0.53984375 0.775 0.025 0.05625
0 0.5203125 0.77265625 0.025 0.059375
0 0.50078125 0.76953125 0.025 0.059375
0 0.478125 0.76796875 0.028125 0.059375
0 0.45390625 0.765625 0.021875 0.0609375
0 0.43515625 0.76328125 0.025 0.05625
0 0.41796875 0.7625 0.015625 0.059375
0 0.3953125 0.76015625 0.028125 0.0546875
0 0.375 0.759375 0.021875 0.05625
0 0.353125 0.75390625 0.021875 0.053125
0 0.3390625 0.7546875 0.028125 0.053125
0 0.31796875 0.7515625 0.028125 0.053125
0 0.296875 0.75 0.025 0.053125
0 0.28046875 0.746875 0.03125 0.0515625
0 0.26328125 0.746875 0.025 0.05625
0 0.24296875 0.74296875 0.025 0.053125
0 0.22421875 0.74453125 0.03125 0.046875
0 0.203125 0.7421875 0.025 0.05
0 0.1734375 0.74140625 0.03125 0.0546875
0 0.14609375 0.74140625 0.025 0.053125
0 0.86015625 0.8578125 0.025 0.0625
0 0.83046875 0.8578125 0.025 0.065625
0 0.80390625 0.85234375 0.021875 0.0625
0 0.77890625 0.8515625 0.021875 0.065625
0 0.75390625 0.85078125 0.03125 0.0625
0 0.7296875 0.85 0.0328125 0.0625
0 0.7046875 0.84609375 0.025 0.065625
0 0.6828125 0.84140625 0.028125 0.0640625
0 0.65859375 0.83984375 0.028125 0.0625
0 0.63671875 0.83828125 0.028125 0.0625
0 0.61328125 0.83671875 0.028125 0.0609375
0 0.590625 0.834375 0.025 0.0609375
0 0.5671875 0.83515625 0.028125 0.059375
0 0.54296875 0.83125 0.028125 0.059375
0 0.5203125 0.8296875 0.028125 0.059375
0 0.50078125 0.82734375 0.025 0.059375
0 0.478125 0.82421875 0.025 0.053125
0 0.45625 0.81953125 0.01875 0.05625
0 0.4359375 0.82109375 0.025 0.053125
0 0.4125 0.81875 0.025 0.05625
0 0.39296875 0.81640625 0.01875 0.05625
0 0.37421875 0.81484375 0.0171875 0.0625
0 0.3546875 0.81015625 0.01875 0.059375
0 0.3359375 0.80859375 0.01875 0.05625
0 0.315625 0.80703125 0.01875 0.0625
0 0.2984375 0.80625 0.0171875 0.059375
0 0.2796875 0.803125 0.025 0.053125
0 0.26015625 0.79921875 0.015625 0.0515625
0 0.2421875 0.8015625 0.0140625 0.059375
0 0.22265625 0.79765625 0.0203125 0.053125
0 0.20546875 0.7953125 0.01875 0.0546875
0 0.1890625 0.7953125 0.0171875 0.059375
0 0.171875 0.79140625 0.015625 0.0515625
0 0.1515625 0.79140625 0.01875 0.053125
0 0.1296875 0.7859375 0.0203125 0.0484375
0 0.121875 0.7390625 0.028125 0.053125