0 0.28515625 0.58203125 0.0703125 0.084375
0 0.4890625 0.5390625 0.065625 0.0828125
0 0.48828125 0.61796875 0.065625 0.08125
0 0.55390625 0.5375 0.0671875 0.084375
0 0.28359375 0.49765625 0.071875 0.084375
0 0.425 0.575 0.06875 0.084375
0 0.3546875 0.70234375 0.06875 0.084375
0 0.425 0.67890625 0.0671875 0.11875
0 0.553125 0.6171875 0.06875 0.08125
0 0.553125 0.7 0.06875 0.084375
0 0.48515625 0.7 0.0671875 0.08125
0 0.3546875 0.62109375 0.06875 0.084375
0 0.22109375 0.61953125 0.065625 0.078125
0 0.215625 0.5375 0.071875 0.084375
0 0.29140625 0.684375 0.0703125 0.1171875
0 0.42421875 0.5015625 0.06875 0.075
0 0.221875 0.69921875 0.065625 0.078125
0 0.353125 0.52890625 0.0703125 0.0859375
0 0.48828125 0.4734375 0.0703125 0.04375
0 0.55546875 0.475 0.06875 0.0375