0 0.3453125 0.8609375 0.203125 0.1
0 0.34921875 0.7703125 0.209375 0.1078125
0 0.35703125 0.675 0.2140625 0.10625
0 0.36484375 0.5765625 0.21875 0.103125
0 0.3671875 0.47578125 0.2125 0.1046875
0 0.375 0.36640625 0.225 0.1078125
0 0.38359375 0.2078125 0.2390625 0.175
0 0.534375 0.84453125 0.1859375 0.0984375
0 0.54375 0.7578125 0.196875 0.103125
0 0.55390625 0.66796875 0.196875 0.1
0 0.5625 0.571875 0.2 0.1
0 0.5734375 0.47578125 0.2 0.096875
0 0.584375 0.36953125 0.2109375 0.103125
0 0.60859375 0.225 0.21875 0.16875
0 0.71015625 0.8296875 0.1734375 0.0921875
0 0.72109375 0.74765625 0.1859375 0.09375
0 0.73125 0.66171875 0.1875 0.09375
0 0.7484375 0.5703125 0.1890625 0.09375
0 0.76484375 0.4765625 0.2015625 0.09375
0 0.784375 0.3765625 0.20625 0.103125
0 0.80625 0.2390625 0.209375 0.159375