0 0.50703125 0.56953125 0.10625 0.109375
0 0.5078125 0.46328125 0.109375 0.109375
0 0.50859375 0.353125 0.1125 0.115625
0 0.38515625 0.4515625 0.1375 0.10625
0 0.38046875 0.3546875 0.1546875 0.084375
0 0.36171875 0.66484375 0.10625 0.103125
0 0.390625 0.559375 0.134375 0.103125
0 0.5921875 0.634375 0.078125 0.05
0 0.4890625 0.6671875 0.140625 0.0765625
0 0.57578125 0.76484375 0.103125 0.1
0 0.59453125 0.534375 0.0765625 0.05
0 0.59296875 0.58046875 0.078125 0.05
0 0.5953125 0.4796875 0.0765625 0.05
0 0.67109375 0.5796875 0.071875 0.046875
0 0.6734375 0.534375 0.075 0.05
0 0.66875 0.6796875 0.071875 0.05
0 0.46796875 0.7625 0.125 0.1015625
0 0.675 0.48046875 0.0734375 0.05
0 0.58984375 0.68203125 0.078125 0.053125
0 0.59609375 0.43203125 0.078125 0.05
0 0.7515625 0.48203125 0.0734375 0.046875
0 0.74296875 0.73125 0.071875 0.046875
0 0.59765625 0.3265625 0.078125 0.0546875
0 0.33984375 0.76953125 0.128125 0.103125
0 0.74609375 0.6328125 0.065625 0.05
0 0.6796875 0.3296875 0.078125 0.053125
0 0.5984375 0.384375 0.0796875 0.0515625
0 0.678125 0.3859375 0.075 0.05
0 0.67578125 0.43359375 0.075 0.0515625
0 0.67109375 0.6328125 0.071875 0.05
0 0.7453125 0.678125 0.071875 0.05
0 0.82734375 0.53515625 0.06875 0.05
0 0.7546875 0.4359375 0.075 0.053125
0 0.66640625 0.7328125 0.071875 0.0484375
0 0.75 0.53515625 0.071875 0.05
0 0.82890625 0.4828125 0.071875 0.05
0 0.83359375 0.390625 0.0734375 0.05
0 0.75625 0.3875 0.075 0.0515625
0 0.82734375 0.43671875 0.071875 0.05
0 0.74765625 0.5796875 0.06875 0.0484375
0 0.8125 0.6765625 0.071875 0.0484375
0 0.81328125 0.63203125 0.0734375 0.0484375
0 0.825 0.58046875 0.0703125 0.05
0 0.66484375 0.77734375 0.071875 0.046875
0 0.83203125 0.33671875 0.084375 0.05
0 0.80859375 0.72890625 0.071875 0.0484375
0 0.80546875 0.7703125 0.071875 0.04375
0 0.73984375 0.77421875 0.075 0.0453125
0 0.75625 0.33359375 0.084375 0.059375