0 0.43984375 0.12109375 0.134375 0.1640625
0 0.5734375 0.31796875 0.121875 0.184375
0 0.571875 0.13046875 0.1265625 0.2015625
0 0.18203125 0.2890625 0.14375 0.15
0 0.19296875 0.44375 0.1375 0.1421875
0 0.32265625 0.3125 0.14375 0.2
0 0.459375 0.43046875 0.121875 0.140625
0 0.45234375 0.28671875 0.1265625 0.153125
0 0.3359375 0.4890625 0.1359375 0.146875
0 0.3125 0.1296875 0.14375 0.1578125
0 0.7109375 0.19296875 0.14375 0.103125
0 0.57578125 0.4859375 0.11875 0.13125
0 0.709375 0.2953125 0.140625 0.1
0 0.1671875 0.13203125 0.140625 0.165625
0 0.709375 0.39140625 0.1359375 0.096875
0 0.71484375 0.08515625 0.15 0.109375
0 0.7109375 0.47421875 0.1375 0.0984375
0 0.45859375 0.5265625 0.1203125 0.059375