0 0.5421875 0.2046875 0.1625 0.15
0 0.67734375 0.48515625 0.153125 0.125
0 0.6671875 0.60390625 0.15 0.115625
0 0.38046875 0.46328125 0.15 0.121875
0 0.684375 0.35703125 0.159375 0.134375
0 0.38125 0.19609375 0.1671875 0.14375
0 0.38203125 0.5890625 0.14375 0.1125
0 0.38125 0.3375 0.1625 0.134375
0 0.80859375 0.61328125 0.1546875 0.1140625
0 0.534375 0.3421875 0.159375 0.1390625
0 0.8421875 0.365625 0.165625 0.134375
0 0.8203125 0.496875 0.159375 0.121875
0 0.52890625 0.46875 0.15 0.1296875
0 0.3921875 0.7015625 0.13125 0.121875
0 0.69140625 0.21484375 0.1625 0.15
0 0.24609375 0.4625 0.125 0.121875
0 0.853125 0.2296875 0.171875 0.153125
0 0.51015625 0.84609375 0.1296875 0.1265625
0 0.5234375 0.596875 0.146875 0.1125
0 0.23515625 0.33359375 0.128125 0.1328125
0 0.52265625 0.709375 0.1328125 0.1171875
0 0.24765625 0.58203125 0.121875 0.115625
0 0.65234375 0.72109375 0.140625 0.128125
0 0.3890625 0.8421875 0.1328125 0.1234375
0 0.23359375 0.19609375 0.13125 0.1453125
0 0.26484375 0.71640625 0.1015625 0.140625
0 0.77265625 0.71875 0.140625 0.109375
0 0.27109375 0.8703125 0.1015625 0.1578125
0 0.634375 0.85078125 0.13125 0.128125
0 0.76328125 0.84609375 0.1328125 0.146875