0 0.1625 0.48046875 0.11640625 0.0640625
0 0.2796875 0.48359375 0.115625 0.065625
0 0.415625 0.47578125 0.13046875 0.07421875
0 0.58203125 0.47734375 0.184375 0.07265625
0 0.74609375 0.4765625 0.128125 0.08515625
0 0.8875 0.4796875 0.1390625 0.084375
0 0.85546875 0.55390625 0.2046875 0.071875
0 0.67421875 0.546875 0.1296875 0.06640625
0 0.53984375 0.5453125 0.12109375 0.0671875
0 0.4109375 0.54375 0.12578125 0.0671875
0 0.2765625 0.5453125 0.11640625 0.0625
0 0.153125 0.54375 0.11875 0.0609375
0 0.15234375 0.6109375 0.1328125 0.07109375
0 0.290625 0.6125 0.14609375 0.07734375
0 0.43984375 0.615625 0.15 0.0765625
0 0.58671875 0.621875 0.1296875 0.08828125
0 0.7234375 0.625 0.13203125 0.09140625
0 0.86484375 0.6265625 0.13203125 0.08125
0 0.90390625 0.725 0.1890625 0.1171875
0 0.7359375 0.72421875 0.17265625 0.121875
0 0.61953125 0.721875 0.10546875 0.11484375
0 0.51953125 0.721875 0.0984375 0.1171875
0 0.4234375 0.703125 0.09296875 0.1140625
0 0.3234375 0.7015625 0.09765625 0.11015625
0 0.2328125 0.703125 0.0828125 0.11484375
0 0.13515625 0.7015625 0.0953125 0.11328125
0 0.128125 0.8234375 0.09375 0.13515625
0 0.228125 0.825 0.09296875 0.14140625
0 0.325 0.82734375 0.0984375 0.14140625
0 0.4328125 0.82890625 0.10234375 0.13984375
0 0.5375 0.8390625 0.1140625 0.1234375
0 0.66015625 0.840625 0.13203125 0.125
0 0.790625 0.84453125 0.1375 0.125
0 0.9265625 0.8453125 0.14296875 0.12578125