0 0.82265625 0.325 0.109375 0.165625
0 0.5421875 0.3140625 0.103125 0.1703125
0 0.56640625 0.1234375 0.115625 0.203125
0 0.3984375 0.72265625 0.078125 0.075
0 0.84453125 0.1453125 0.1171875 0.190625
0 0.44140625 0.46796875 0.096875 0.159375
0 0.66171875 0.1265625 0.1125 0.2
0 0.221875 0.165625 0.1 0.10625
0 0.62578125 0.46875 0.1 0.1546875
0 0.22890625 0.26796875 0.090625 0.1
0 0.465625 0.79375 0.075 0.075
0 0.31640625 0.7296875 0.084375 0.0765625
0 0.4578125 0.93125 0.075 0.071875
0 0.33515625 0.178125 0.128125 0.115625
0 0.221875 0.06171875 0.1 0.1125
0 0.34609375 0.6515625 0.084375 0.08125
0 0.7328125 0.3125 0.10625 0.16875
0 0.23203125 0.36328125 0.0890625 0.09375
0 0.68828125 0.621875 0.090625 0.134375
0 0.39375 0.86953125 0.075 0.06875
0 0.34921875 0.28671875 0.096875 0.1
0 0.2390625 0.53515625 0.0859375 0.08125
0 0.6375 0.3109375 0.10625 0.16875
0 0.5984375 0.8578125 0.0703125 0.071875
0 0.5328125 0.4734375 0.096875 0.1546875
0 0.39765625 0.79765625 0.075 0.075
0 0.31640625 0.8 0.08125 0.0734375
0 0.35078125 0.5640625 0.084375 0.0859375
0 0.2390625 0.790625 0.06875 0.13125
0 0.4703125 0.7203125 0.075 0.071875
0 0.240625 0.615625 0.08125 0.0765625
0 0.43984375 0.62109375 0.096875 0.14375
0 0.70859375 0.48125 0.0984375 0.15
0 0.609375 0.62109375 0.09375 0.140625
0 0.4453125 0.303125 0.10625 0.178125
0 0.2390625 0.68671875 0.0765625 0.075
0 0.5359375 0.85703125 0.071875 0.0703125
0 0.7578125 0.1234375 0.115625 0.2
0 0.2375 0.45078125 0.0859375 0.084375
0 0.53125 0.92578125 0.071875 0.0671875
0 0.675 0.78984375 0.0734375 0.065625
0 0.746875 0.78515625 0.06875 0.06875
0 0.3859375 0.93046875 0.075 0.065625
0 0.34921875 0.38515625 0.09375 0.0875
0 0.60546875 0.78515625 0.0765625 0.0640625
0 0.68671875 0.725 0.075 0.0703125
0 0.61171875 0.721875 0.0734375 0.06875
0 0.31484375 0.93828125 0.078125 0.06875
0 0.52578125 0.62578125 0.0921875 0.134375
0 0.53984375 0.78984375 0.071875 0.065625
0 0.6984375 0.9125 0.1296875 0.0703125
0 0.3171875 0.875 0.078125 0.0671875
0 0.59921875 0.925 0.0703125 0.0671875
0 0.66953125 0.85703125 0.06875 0.065625
0 0.3203125 0.0671875 0.1 0.1125
0 0.4546875 0.1078125 0.115625 0.209375
0 0.46328125 0.8625 0.075 0.0765625
0 0.35234375 0.4703125 0.0875 0.0984375
0 0.2421875 0.88359375 0.065625 0.059375
0 0.790625 0.484375 0.096875 0.1453125
0 0.546875 0.72578125 0.071875 0.071875
0 0.74140625 0.853125 0.0671875 0.0625
0 0.75546875 0.72734375 0.06875 0.05625