0 0.6859375 0.890625 0.11875 0.2140625
0 0.45859375 0.57890625 0.1140625 0.146875
0 0.79140625 0.89140625 0.128125 0.215625
0 0.67890625 0.68671875 0.1109375 0.1859375
0 0.67421875 0.40078125 0.125 0.11875
0 0.56171875 0.9265625 0.125 0.140625
0 0.68359375 0.5296875 0.1328125 0.121875
0 0.6125 0.0890625 0.096875 0.0796875
0 0.565625 0.46171875 0.10625 0.103125
0 0.56640625 0.27421875 0.1 0.0875
0 0.7796875 0.68515625 0.1140625 0.184375
0 0.565625 0.36015625 0.103125 0.0953125
0 0.67578125 0.2828125 0.125 0.109375
0 0.23515625 0.8921875 0.10625 0.1625
0 0.37109375 0.31171875 0.09375 0.103125
0 0.52265625 0.090625 0.09375 0.0828125
0 0.78671875 0.3453125 0.103125 0.153125
0 0.65390625 0.175 0.121875 0.1046875
0 0.1421875 0.88515625 0.10625 0.1625
0 0.3640625 0.528125 0.1 0.115625
0 0.1984375 0.36796875 0.084375 0.08125
0 0.709375 0.0859375 0.1 0.084375
0 0.17890625 0.59296875 0.09375 0.134375
0 0.3359375 0.8171875 0.1015625 0.103125
0 0.55078125 0.17421875 0.096875 0.0875
0 0.24453125 0.76171875 0.0984375 0.0984375
0 0.56640625 0.56640625 0.109375 0.109375
0 0.32890625 0.92109375 0.1078125 0.1125
0 0.8015625 0.50390625 0.1109375 0.1640625
0 0.346875 0.7171875 0.096875 0.09375
0 0.4359375 0.896875 0.125 0.175
0 0.46171875 0.453125 0.1015625 0.103125
0 0.28984375 0.3375 0.084375 0.0765625
0 0.43046875 0.09609375 0.09375 0.08125
0 0.56484375 0.79765625 0.1171875 0.128125
0 0.26953125 0.58046875 0.0875 0.084375
0 0.3703125 0.41796875 0.09375 0.109375
0 0.45234375 0.7265625 0.11875 0.159375
0 0.56328125 0.678125 0.1140625 0.1171875
0 0.46640625 0.2703125 0.096875 0.0875
0 0.1875 0.46875 0.0875 0.1234375
0 0.45078125 0.17578125 0.096875 0.0859375
0 0.775 0.2 0.1125 0.140625
0 0.4609375 0.3578125 0.1 0.09375
0 0.3671875 0.1953125 0.0734375 0.115625
0 0.26953125 0.4984375 0.0875 0.0828125
0 0.35234375 0.6296875 0.0953125 0.0890625
0 0.15625 0.73515625 0.103125 0.1453125
0 0.2109375 0.2921875 0.08125 0.0734375
0 0.29375 0.26171875 0.08125 0.065625
0 0.2578125 0.6703125 0.0921875 0.090625
0 0.28125 0.41171875 0.0828125 0.08125
0 0.215625 0.1421875 0.059375 0.09375
0 0.2171875 0.21796875 0.08125 0.0671875
0 0.3421875 0.10859375 0.08125 0.0875
0 0.3 0.19296875 0.075 0.071875