0 0.73203125 0.21015625 0.103125 0.1765625
0 0.72109375 0.36171875 0.165625 0.13125
0 0.73125 0.49375 0.1828125 0.1390625
0 0.74296875 0.64609375 0.1921875 0.15625
0 0.75234375 0.8171875 0.2125 0.1765625
0 0.5625 0.81015625 0.1875 0.1828125
0 0.559375 0.64140625 0.1765625 0.1609375
0 0.55703125 0.49609375 0.159375 0.1453125
0 0.56171875 0.3640625 0.15625 0.13125
0 0.62734375 0.21171875 0.0984375 0.175
0 0.534375 0.21015625 0.096875 0.171875
0 0.44140625 0.209375 0.103125 0.16875
0 0.4109375 0.35703125 0.153125 0.1296875
0 0.39921875 0.48046875 0.1609375 0.1390625
0 0.3921875 0.628125 0.175 0.146875
0 0.38359375 0.79921875 0.18125 0.1765625
0 0.35 0.20703125 0.10625 0.171875
0 0.26171875 0.20703125 0.109375 0.16875
0 0.265625 0.3515625 0.159375 0.121875
0 0.2515625 0.4796875 0.1640625 0.134375
0 0.2328125 0.62109375 0.171875 0.140625
0 0.2125 0.7875 0.1828125 0.171875