0 0.5046875 0.3390625 0.11328125 0.084375
0 0.509375 0.42109375 0.1140625 0.07734375
0 0.1640625 0.35234375 0.09765625 0.07265625
0 0.16875 0.428125 0.103125 0.0734375
0 0.89140625 0.32578125 0.14140625 0.09296875
0 0.61640625 0.65859375 0.11953125 0.08515625
0 0.3890625 0.42265625 0.115625 0.0765625
0 0.74453125 0.80234375 0.14296875 0.1234375
0 0.49453125 0.7359375 0.1171875 0.08359375
0 0.678125 0.91171875 0.18359375 0.12265625
0 0.38046875 0.34296875 0.1125 0.08046875
0 0.275 0.42578125 0.1109375 0.07578125
0 0.16953125 0.50546875 0.10859375 0.0734375
0 0.61640625 0.5734375 0.11953125 0.08125
0 0.60859375 0.7390625 0.12109375 0.08125
0 0.28046875 0.50390625 0.1078125 0.07578125
0 0.4921875 0.809375 0.11640625 0.078125
0 0.28203125 0.57421875 0.115625 0.0765625
0 0.3828125 0.73046875 0.109375 0.0828125
0 0.39296875 0.50234375 0.1109375 0.0765625
0 0.3828125 0.80078125 0.11171875 0.08046875
0 0.89296875 0.509375 0.14375 0.0875
0 0.17265625 0.65078125 0.10234375 0.075
0 0.27578125 0.72890625 0.1078125 0.07578125
0 0.275 0.7953125 0.10390625 0.07265625
0 0.26796875 0.34921875 0.103125 0.07578125
0 0.38828125 0.65078125 0.1078125 0.07734375
0 0.39375 0.57265625 0.1078125 0.075
0 0.17421875 0.72578125 0.10390625 0.0734375
0 0.5203125 0.9015625 0.14140625 0.11171875
0 0.5046875 0.65390625 0.1140625 0.08203125
0 0.175 0.5734375 0.103125 0.075
0 0.06484375 0.359375 0.09296875 0.071875
0 0.06484375 0.50625 0.103125 0.0734375
0 0.0578125 0.43515625 0.10078125 0.07109375
0 0.61953125 0.4171875 0.11875 0.08125
0 0.740625 0.62890625 0.12890625 0.084375
0 0.0765625 0.5734375 0.09296875 0.07109375
0 0.27734375 0.65234375 0.1125 0.0765625
0 0.88984375 0.6953125 0.1546875 0.12421875
0 0.50078125 0.57265625 0.1140625 0.078125
0 0.134375 0.871875 0.11640625 0.09609375
0 0.07578125 0.64765625 0.09921875 0.071875
0 0.88984375 0.81796875 0.153125 0.1265625
0 0.87109375 0.9265625 0.1984375 0.1359375
0 0.88984375 0.42109375 0.13984375 0.08828125
0 0.61328125 0.8125 0.1203125 0.0828125
0 0.0734375 0.72109375 0.10078125 0.07109375
0 0.25859375 0.88125 0.12265625 0.1015625
0 0.6234375 0.5 0.1171875 0.07890625
0 0.08203125 0.7875 0.0953125 0.07109375
0 0.74609375 0.70625 0.12734375 0.08671875
0 0.1734375 0.7921875 0.10390625 0.07109375
0 0.3765625 0.8890625 0.13359375 0.109375
0 0.62421875 0.3328125 0.11875 0.0859375
0 0.74375 0.3390625 0.1328125 0.1671875
0 0.8953125 0.58828125 0.1453125 0.084375
0 0.503125 0.5015625 0.11328125 0.0765625
0 0.74375 0.5453125 0.1296875 0.08515625