0 0.48046875 0.8375 0.0640625 0.115625
0 0.48359375 0.7203125 0.065625 0.115625
0 0.47578125 0.584375 0.075 0.13125
0 0.47734375 0.41796875 0.071875 0.184375
0 0.4765625 0.25390625 0.084375 0.128125
0 0.4796875 0.1125 0.084375 0.1390625
0 0.55390625 0.14453125 0.071875 0.2046875
0 0.546875 0.32578125 0.065625 0.1296875
0 0.5453125 0.46015625 0.0671875 0.121875
0 0.54375 0.5890625 0.0671875 0.125
0 0.5453125 0.7234375 0.0625 0.115625
0 0.54375 0.846875 0.0609375 0.11875
0 0.6109375 0.84765625 0.071875 0.1328125
0 0.6125 0.709375 0.078125 0.146875
0 0.615625 0.56015625 0.0765625 0.15
0 0.621875 0.41328125 0.0875 0.1296875
0 0.625 0.2765625 0.090625 0.13125
0 0.6265625 0.13515625 0.08125 0.13125
0 0.725 0.09609375 0.1171875 0.1890625
0 0.72421875 0.2640625 0.121875 0.171875
0 0.721875 0.38046875 0.115625 0.10625
0 0.721875 0.48046875 0.1171875 0.0984375
0 0.703125 0.5765625 0.1140625 0.09375
0 0.7015625 0.6765625 0.109375 0.096875
0 0.703125 0.7671875 0.115625 0.0828125
0 0.7015625 0.86484375 0.1125 0.0953125
0 0.8234375 0.871875 0.134375 0.09375
0 0.825 0.771875 0.140625 0.09375
0 0.82734375 0.675 0.140625 0.0984375
0 0.82890625 0.5671875 0.140625 0.103125
0 0.8390625 0.4625 0.1234375 0.1140625
0 0.840625 0.33984375 0.125 0.13125
0 0.84453125 0.209375 0.125 0.1375
0 0.8453125 0.0734375 0.125 0.14375