0 0.815625 0.425 0.1828125 0.10078125
0 0.81953125 0.3234375 0.18359375 0.10234375
0 0.8234375 0.23203125 0.18125 0.10234375
0 0.63359375 0.2609375 0.16484375 0.1015625
0 0.33203125 0.7875 0.146875 0.084375
0 0.63203125 0.72890625 0.15859375 0.084375
0 0.334375 0.2359375 0.14921875 0.0984375
0 0.740625 0.50703125 0.10234375 0.06875
0 0.47890625 0.72109375 0.15390625 0.0828125
0 0.84296875 0.50859375 0.10703125 0.06796875
0 0.48359375 0.79609375 0.14921875 0.0875
0 0.33125 0.41796875 0.14921875 0.08984375
0 0.79375 0.81875 0.165625 0.09453125
0 0.465625 0.45859375 0.12109375 0.06640625
0 0.18984375 0.32890625 0.140625 0.08828125
0 0.32734375 0.50859375 0.1515625 0.09140625
0 0.803125 0.64609375 0.16796875 0.0875
0 0.33046875 0.71328125 0.15078125 0.0859375
0 0.61328125 0.44609375 0.16328125 0.0953125
0 0.1828125 0.78203125 0.146875 0.08671875
0 0.634375 0.80546875 0.15703125 0.09140625
0 0.54296875 0.525 0.0953125 0.0671875
0 0.62734375 0.3546875 0.165625 0.09609375
0 0.1828125 0.50078125 0.1421875 0.0875
0 0.26484375 0.57421875 0.0890625 0.06640625
0 0.1875 0.409375 0.14140625 0.08671875
0 0.84140625 0.57109375 0.10703125 0.06640625
0 0.45078125 0.52109375 0.09296875 0.06328125
0 0.19375 0.23828125 0.1328125 0.0921875
0 0.18203125 0.7 0.1453125 0.08515625
0 0.33125 0.33125 0.14765625 0.09140625
0 0.80234375 0.73359375 0.1734375 0.09296875
0 0.63671875 0.52890625 0.1 0.06875
0 0.4671875 0.29609375 0.115625 0.128125
0 0.74140625 0.56953125 0.103125 0.065625
0 0.1765625 0.56640625 0.1078125 0.0640625
0 0.671875 0.6578125 0.09765625 0.065625
0 0.18359375 0.63359375 0.1125 0.0640625
0 0.6375 0.5890625 0.0984375 0.06484375
0 0.45078125 0.58359375 0.09140625 0.0640625
0 0.54765625 0.58671875 0.09453125 0.06484375
0 0.35859375 0.58046875 0.0921875 0.06640625
0 0.48125 0.64765625 0.09375 0.06328125
0 0.575 0.6546875 0.0953125 0.065625
0 0.46484375 0.39453125 0.1171875 0.0671875
0 0.38359375 0.646875 0.0921875 0.06328125
0 0.290625 0.64140625 0.1078125 0.06171875