0 0.125 0.2859375 0.128125 0.221875
0 0.25 0.30234375 0.1359375 0.2375
0 0.3765625 0.3171875 0.125 0.240625
0 0.50234375 0.32578125 0.125 0.2515625
0 0.64921875 0.34765625 0.1421875 0.2734375
0 0.8140625 0.36484375 0.17578125 0.290625
0 0.76328125 0.6109375 0.1890625 0.25859375
0 0.58046875 0.578125 0.1640625 0.24296875
0 0.43984375 0.5453125 0.1234375 0.22890625
0 0.33125 0.52421875 0.11953125 0.2234375
0 0.228125 0.503125 0.11328125 0.20859375
0 0.1328125 0.48203125 0.10546875 0.19453125
0 0.15 0.66328125 0.09921875 0.19296875
0 0.2390625 0.6859375 0.10625 0.20546875
0 0.3390625 0.715625 0.10625 0.209375
0 0.4421875 0.7484375 0.11015625 0.21640625
0 0.5859375 0.7875 0.15078125 0.2390625
0 0.7578125 0.83671875 0.18359375 0.24609375