0 0.23515625 0.25 0.046875 0.05625
0 0.28203125 0.24609375 0.046875 0.053125
0 0.328125 0.2421875 0.04375 0.053125
0 0.3734375 0.234375 0.05 0.053125
0 0.4234375 0.225 0.05 0.0609375
0 0.47265625 0.221875 0.0546875 0.053125
0 0.5265625 0.21640625 0.0546875 0.05625
0 0.58125 0.2046875 0.05625 0.059375
0 0.6375 0.19453125 0.05625 0.059375
0 0.69765625 0.1875 0.0625 0.0609375
0 0.759375 0.178125 0.06875 0.0640625
0 0.7734375 0.26171875 0.04375 0.0984375
0 0.7328125 0.26484375 0.040625 0.096875
0 0.69453125 0.26796875 0.040625 0.09375
0 0.6546875 0.275 0.040625 0.103125
0 0.61875 0.27890625 0.040625 0.096875
0 0.58125 0.2828125 0.0375 0.096875
0 0.54765625 0.28671875 0.034375 0.0875
0 0.51171875 0.29296875 0.0375 0.096875
0 0.4796875 0.296875 0.0375 0.096875
0 0.446875 0.29921875 0.03125 0.090625
0 0.4140625 0.3015625 0.034375 0.0890625
0 0.384375 0.30625 0.0296875 0.0875
0 0.35390625 0.3078125 0.03125 0.08125
0 0.321875 0.31015625 0.034375 0.0875
0 0.29375 0.315625 0.03125 0.0859375
0 0.265625 0.31640625 0.03125 0.0859375
0 0.2359375 0.321875 0.0328125 0.08125
0 0.20703125 0.31953125 0.0328125 0.0859375
0 0.2 0.40625 0.03125 0.08125
0 0.228125 0.4046875 0.025 0.084375
0 0.2578125 0.403125 0.028125 0.0875
0 0.2859375 0.403125 0.03125 0.084375
0 0.31796875 0.40234375 0.03125 0.084375
0 0.3484375 0.4 0.03125 0.084375
0 0.3796875 0.396875 0.0296875 0.096875
0 0.4109375 0.3953125 0.034375 0.09375
0 0.44375 0.3921875 0.03125 0.09375
0 0.4765625 0.390625 0.034375 0.09375
0 0.5109375 0.38984375 0.03125 0.09375
0 0.54375 0.3828125 0.034375 0.1015625
0 0.58125 0.3796875 0.0359375 0.1015625
0 0.61796875 0.378125 0.0375 0.1
0 0.6546875 0.3734375 0.040625 0.1109375
0 0.69375 0.365625 0.040625 0.10625
0 0.7328125 0.36640625 0.040625 0.109375
0 0.77421875 0.36015625 0.0453125 0.10625
0 0.77890625 0.465625 0.05 0.10625
0 0.73671875 0.46953125 0.0453125 0.096875
0 0.6953125 0.46953125 0.040625 0.10625
0 0.65625 0.46875 0.0421875 0.10625
0 0.61796875 0.47421875 0.0390625 0.109375
0 0.5828125 0.475 0.0375 0.103125
0 0.54375 0.478125 0.0375 0.103125
0 0.50859375 0.48125 0.0375 0.1015625
0 0.475 0.48203125 0.034375 0.1
0 0.44296875 0.48125 0.0328125 0.0984375
0 0.41015625 0.48125 0.034375 0.0984375
0 0.3765625 0.484375 0.034375 0.096875
0 0.3453125 0.4859375 0.034375 0.096875
0 0.315625 0.48828125 0.03125 0.1015625
0 0.284375 0.49140625 0.034375 0.090625
0 0.253125 0.4921875 0.028125 0.090625
0 0.2234375 0.4921875 0.0296875 0.09375
0 0.19453125 0.49296875 0.034375 0.090625
0 0.190625 0.5828125 0.0296875 0.08125
0 0.2203125 0.58515625 0.03125 0.090625
0 0.2484375 0.5828125 0.03125 0.090625
0 0.27734375 0.5859375 0.028125 0.1
0 0.3109375 0.5859375 0.03125 0.090625
0 0.34375 0.58203125 0.034375 0.0890625
0 0.37265625 0.58046875 0.0328125 0.096875
0 0.40625 0.58203125 0.0328125 0.1
0 0.4390625 0.57890625 0.034375 0.103125
0 0.47265625 0.58125 0.0359375 0.0984375
0 0.5078125 0.58125 0.0375 0.1015625
0 0.54375 0.57890625 0.0375 0.103125
0 0.58125 0.578125 0.0359375 0.1015625
0 0.61875 0.57890625 0.040625 0.109375
0 0.65625 0.578125 0.040625 0.103125
0 0.696875 0.5734375 0.04375 0.10625
0 0.7390625 0.57265625 0.0453125 0.109375
0 0.78203125 0.57109375 0.046875 0.109375
0 0.7859375 0.68359375 0.05 0.1140625
0 0.74296875 0.68046875 0.0453125 0.1109375
0 0.70078125 0.68359375 0.0421875 0.109375
0 0.659375 0.684375 0.040625 0.10625
0 0.61953125 0.684375 0.04375 0.1
0 0.58046875 0.68203125 0.0390625 0.103125
0 0.54453125 0.6828125 0.040625 0.103125
0 0.509375 0.68515625 0.0359375 0.103125
0 0.471875 0.68359375 0.0375 0.096875
0 0.4359375 0.684375 0.0328125 0.096875
0 0.4015625 0.68203125 0.0375 0.090625
0 0.36640625 0.67578125 0.0328125 0.090625
0 0.334375 0.68125 0.03125 0.090625
0 0.3046875 0.67734375 0.03125 0.0984375
0 0.27109375 0.675 0.0328125 0.090625
0 0.24140625 0.67265625 0.03125 0.090625
0 0.21015625 0.67265625 0.0296875 0.090625
0 0.18046875 0.66875 0.03125 0.0875
0 0.17265625 0.765625 0.028125 0.09375
0 0.203125 0.76796875 0.03125 0.1
0 0.23359375 0.7703125 0.03125 0.103125
0 0.265625 0.77421875 0.028125 0.0984375
0 0.29609375 0.77578125 0.0296875 0.0984375
0 0.32890625 0.778125 0.0328125 0.10625
0 0.3640625 0.778125 0.0328125 0.10625
0 0.4 0.78046875 0.03125 0.103125
0 0.4328125 0.784375 0.0375 0.103125
0 0.46875 0.78046875 0.034375 0.109375
0 0.50390625 0.78671875 0.0375 0.109375
0 0.5421875 0.790625 0.040625 0.109375
0 0.58125 0.78984375 0.0375 0.115625
0 0.6203125 0.7921875 0.0421875 0.1125
0 0.6625 0.796875 0.04375 0.1125
0 0.703125 0.7953125 0.04375 0.121875
0 0.74609375 0.79765625 0.046875 0.121875
0 0.79140625 0.80078125 0.05 0.121875
0 0.79375 0.9203125 0.05 0.121875
0 0.7484375 0.91875 0.04375 0.1265625
0 0.70625 0.9171875 0.046875 0.1265625
0 0.6640625 0.91171875 0.04375 0.121875
0 0.62265625 0.90625 0.0421875 0.11875
0 0.5828125 0.903125 0.0375 0.121875
0 0.54375 0.9046875 0.046875 0.121875
0 0.50546875 0.89765625 0.0359375 0.115625
0 0.46796875 0.8921875 0.0375 0.11875
0 0.43125 0.89140625 0.040625 0.1140625
0 0.39453125 0.8890625 0.0359375 0.115625
0 0.3609375 0.8859375 0.034375 0.1140625
0 0.32734375 0.884375 0.0328125 0.109375
0 0.2953125 0.88203125 0.03125 0.109375
0 0.2625 0.8765625 0.034375 0.10625
0 0.23046875 0.87265625 0.0328125 0.103125
0 0.1984375 0.86640625 0.0328125 0.103125
0 0.16484375 0.86640625 0.0375 0.103125