0 0.853125 0.4953125 0.15 0.17265625
0 0.69453125 0.82109375 0.14375 0.17109375
0 0.69765625 0.66328125 0.14375 0.16328125
0 0.84921875 0.66171875 0.15 0.16796875
0 0.56328125 0.65703125 0.13515625 0.1609375
0 0.4296875 0.815625 0.13125 0.1609375
0 0.703125 0.5015625 0.1453125 0.16875
0 0.85234375 0.3296875 0.146875 0.17109375
0 0.434375 0.65390625 0.1296875 0.1625
0 0.703125 0.33359375 0.1421875 0.1671875
0 0.56015625 0.81953125 0.134375 0.16328125
0 0.56328125 0.4984375 0.13671875 0.165625
0 0.56328125 0.3359375 0.1359375 0.1671875
0 0.30703125 0.63125 0.1296875 0.13828125
0 0.4296875 0.3421875 0.13203125 0.1625
0 0.434375 0.503125 0.128125 0.16328125
0 0.84296875 0.8296875 0.14609375 0.17265625
0 0.30390625 0.3609375 0.13359375 0.1359375
0 0.1515625 0.62578125 0.14375 0.1359375
0 0.30625 0.496875 0.13359375 0.13515625
0 0.15703125 0.50234375 0.14375 0.13203125
0 0.303125 0.7625 0.128125 0.1375
0 0.15546875 0.36171875 0.14453125 0.14140625
0 0.16484375 0.75859375 0.14609375 0.14453125