0 0.25 0.2546875 0.0828125 0.084375
0 0.315625 0.26953125 0.0484375 0.153125
0 0.365625 0.26015625 0.04453125 0.159375
0 0.41484375 0.25078125 0.0515625 0.159375
0 0.46875 0.24453125 0.0515625 0.1640625
0 0.52265625 0.2390625 0.053125 0.178125
0 0.58125 0.234375 0.06171875 0.165625
0 0.640625 0.22734375 0.06328125 0.17109375
0 0.7015625 0.221875 0.06484375 0.175
0 0.76875 0.21875 0.07421875 0.1765625
0 0.2046875 0.38046875 0.04140625 0.153125
0 0.2515625 0.378125 0.04140625 0.15
0 0.31953125 0.39296875 0.0859375 0.09140625
0 0.3859375 0.41796875 0.05078125 0.1640625
0 0.43984375 0.415625 0.05 0.165625
0 0.49375 0.4125 0.05 0.16640625
0 0.553125 0.409375 0.05625 0.178125
0 0.6140625 0.4078125 0.0625 0.18203125
0 0.72734375 0.409375 0.1671875 0.190625
0 0.7296875 0.609375 0.16640625 0.20390625
0 0.73125 0.8171875 0.16953125 0.22109375
0 0.56875 0.60234375 0.1515625 0.209375
0 0.5703125 0.8046875 0.15078125 0.2125
0 0.421875 0.58671875 0.1296875 0.17890625
0 0.4203125 0.7875 0.1359375 0.2109375
0 0.3125 0.4859375 0.08515625 0.0859375
0 0.31015625 0.58125 0.0890625 0.1015625
0 0.1953125 0.5359375 0.04453125 0.153125
0 0.2453125 0.540625 0.04609375 0.16640625
0 0.2078125 0.74609375 0.09765625 0.24453125
0 0.3 0.7546875 0.10546875 0.25390625