0 0.915625 0.753125 0.159375 0.125
0 0.8875 0.38671875 0.2 0.1375
0 0.89296875 0.5078125 0.196875 0.134375
0 0.89140625 0.2390625 0.2015625 0.146875
0 0.3328125 0.51171875 0.11875 0.109375
0 0.10703125 0.309375 0.109375 0.10625
0 0.44765625 0.51171875 0.1265625 0.1140625
0 0.56953125 0.26796875 0.140625 0.1328125
0 0.72421875 0.859375 0.159375 0.1296875
0 0.32734375 0.40234375 0.11875 0.1140625
0 0.57265625 0.5109375 0.134375 0.11875
0 0.71484375 0.50625 0.15 0.125
0 0.5828125 0.8421875 0.13125 0.11875
0 0.225 0.5125 0.1125 0.103125
0 0.46015625 0.834375 0.125 0.1140625
0 0.21875 0.40703125 0.1125 0.109375
0 0.22421875 0.61484375 0.1109375 0.1046875
0 0.26015625 0.71484375 0.1203125 0.1015625
0 0.575 0.61953125 0.1375 0.11875
0 0.1484375 0.70703125 0.115625 0.096875
0 0.33515625 0.615625 0.121875 0.109375
0 0.1234375 0.51328125 0.103125 0.1
0 0.56796875 0.38515625 0.1375 0.1234375
0 0.3515625 0.8234375 0.1125 0.1109375
0 0.71796875 0.62421875 0.15 0.125
0 0.12578125 0.6125 0.0984375 0.1
0 0.4359375 0.2734375 0.1296875 0.1265625
0 0.70859375 0.384375 0.1515625 0.1328125
0 0.76015625 0.7453125 0.146875 0.125
0 0.61640625 0.740625 0.1421875 0.1171875
0 0.71171875 0.246875 0.15 0.1375
0 0.246875 0.809375 0.1046875 0.103125
0 0.90390625 0.87890625 0.178125 0.13125
0 0.49453125 0.7328125 0.128125 0.1140625
0 0.11484375 0.4140625 0.103125 0.103125
0 0.44140625 0.39453125 0.1265625 0.115625
0 0.37265625 0.72578125 0.11875 0.1125
0 0.315625 0.2859375 0.121875 0.11875
0 0.453125 0.621875 0.125 0.1125
0 0.88984375 0.640625 0.19375 0.128125
0 0.20625 0.30078125 0.1125 0.1125
0 0.15078125 0.79375 0.103125 0.096875
0 0.99296875 0.5078125 0.0125 0.1140625
0 0.99140625 0.39296875 0.015625 0.109375