0 0.61796875 0.85859375 0.146875 0.23125
0 0.70390625 0.65625 0.15625 0.17265625
0 0.7625 0.85390625 0.16875 0.2421875
0 0.3828125 0.50390625 0.2140625 0.11796875
0 0.36328125 0.86484375 0.12109375 0.2125
0 0.4890625 0.86484375 0.128125 0.21875
0 0.55078125 0.5125 0.134375 0.15
0 0.55859375 0.66484375 0.1453125 0.1671875
0 0.684375 0.503125 0.14609375 0.15625
0 0.1015625 0.859375 0.17109375 0.215625
0 0.87421875 0.6453125 0.18671875 0.1796875
0 0.2421875 0.8625 0.11640625 0.20625
0 0.84296875 0.47734375 0.16484375 0.1609375
0 0.1359375 0.66171875 0.15390625 0.17734375
0 0.184375 0.52109375 0.18984375 0.10625
0 0.27265625 0.70546875 0.1359375 0.10703125
0 0.9109375 0.853125 0.17421875 0.2546875
0 0.37421875 0.7046875 0.07109375 0.10859375
0 0.45 0.7 0.0765625 0.1078125
0 0.45 0.603125 0.07265625 0.10234375
0 0.3015625 0.6125 0.0890625 0.09375
0 0.38125 0.60390625 0.08203125 0.0953125