0 0.32734375 0.815625 0.24375 0.103125
0 0.325 0.72421875 0.2359375 0.1
0 0.32578125 0.6375 0.2375 0.090625
0 0.328125 0.5546875 0.221875 0.08125
0 0.32578125 0.4765625 0.2125 0.071875
0 0.32421875 0.4 0.21875 0.071875
0 0.290625 0.303125 0.14375 0.1140625
0 0.428125 0.3015625 0.13125 0.10625
0 0.22890625 0.175 0.140625 0.10625
0 0.36328125 0.184375 0.134375 0.10625
0 0.49375 0.1890625 0.1234375 0.1125
0 0.61328125 0.1984375 0.121875 0.10625
0 0.7359375 0.20625 0.121875 0.103125
0 0.55625 0.3078125 0.1265625 0.1078125
0 0.528125 0.3984375 0.1984375 0.071875
0 0.53515625 0.47265625 0.1984375 0.08125
0 0.54140625 0.5515625 0.203125 0.078125
0 0.5484375 0.63125 0.2140625 0.0875
0 0.553125 0.71640625 0.215625 0.0921875
0 0.5578125 0.80625 0.221875 0.0984375
0 0.76875 0.7984375 0.1984375 0.0859375
0 0.7640625 0.7171875 0.196875 0.08125
0 0.7578125 0.6421875 0.196875 0.078125
0 0.74765625 0.56875 0.19375 0.075
0 0.7375 0.5 0.1859375 0.06875
0 0.72734375 0.43203125 0.184375 0.0703125
0 0.7234375 0.365625 0.1859375 0.06875
0 0.7125 0.2921875 0.184375 0.0671875