0 0.29375 0.2140625 0.12734375 0.10390625
0 0.29375 0.315625 0.13515625 0.08203125
0 0.2859375 0.4296875 0.12734375 0.15625
0 0.390625 0.25859375 0.05078125 0.22265625
0 0.453125 0.24453125 0.0703125 0.22734375
0 0.528125 0.240625 0.0796875 0.240625
0 0.60234375 0.2296875 0.071875 0.24453125
0 0.675 0.21953125 0.08125 0.2515625
0 0.7609375 0.2109375 0.09921875 0.25546875
0 0.38828125 0.4359375 0.06875 0.13828125
0 0.4609375 0.43359375 0.075 0.140625
0 0.55390625 0.43203125 0.109375 0.1484375
0 0.671875 0.42734375 0.11796875 0.153125
0 0.77890625 0.41953125 0.0953125 0.15859375
0 0.23046875 0.57578125 0.0671875 0.14296875
0 0.31640625 0.57890625 0.096875 0.1484375
0 0.4171875 0.58046875 0.096875 0.1484375
0 0.521875 0.58125 0.10859375 0.1546875
0 0.6359375 0.58515625 0.1171875 0.1625
0 0.7609375 0.590625 0.13359375 0.16640625
0 0.2140625 0.7171875 0.04453125 0.1484375
0 0.2875 0.72109375 0.08671875 0.153125
0 0.38203125 0.73046875 0.0921875 0.15625
0 0.4828125 0.7375 0.10234375 0.1703125
0 0.5765625 0.746875 0.0828125 0.184375
0 0.646875 0.7515625 0.0640625 0.17421875
0 0.7125 0.75859375 0.06484375 0.18515625
0 0.78671875 0.7609375 0.0921875 0.18125