0 0.40390625 0.79609375 0.078125 0.171875
0 0.40078125 0.6109375 0.084375 0.1890625
0 0.39609375 0.40546875 0.09375 0.225
0 0.39296875 0.165625 0.096875 0.259375
0 0.490625 0.171875 0.1015625 0.2484375
0 0.4890625 0.40390625 0.090625 0.228125
0 0.49921875 0.60546875 0.11875 0.159375
0 0.496875 0.76015625 0.109375 0.14375
0 0.49453125 0.8875 0.1046875 0.1171875
0 0.5953125 0.88046875 0.10625 0.134375
0 0.6 0.75546875 0.10625 0.1375
0 0.60703125 0.6109375 0.115625 0.146875
0 0.5765625 0.42109375 0.0921875 0.2171875
0 0.6609375 0.43515625 0.096875 0.2125
0 0.5859375 0.17578125 0.103125 0.2453125
0 0.678125 0.1890625 0.1109375 0.2515625
0 0.69375 0.875 0.103125 0.128125
0 0.703125 0.75 0.1125 0.134375
0 0.715625 0.61015625 0.125 0.140625
0 0.746875 0.4375 0.10625 0.2046875
0 0.7671875 0.20625 0.11875 0.2484375