0 0.23828125 0.1859375 0.0921875 0.103125
0 0.2359375 0.284375 0.08515625 0.09453125
0 0.3140625 0.225 0.0671875 0.1640625
0 0.3875 0.21484375 0.071875 0.16796875
0 0.4640625 0.2046875 0.07578125 0.17109375
0 0.54296875 0.18671875 0.0734375 0.190625
0 0.6015625 0.175 0.046875 0.1890625
0 0.67109375 0.1625 0.0828125 0.20546875
0 0.75703125 0.1609375 0.0875 0.19140625
0 0.21875 0.415625 0.07109375 0.15546875
0 0.27265625 0.4046875 0.053125 0.17109375
0 0.321875 0.4 0.05 0.178125
0 0.37265625 0.3921875 0.0515625 0.18203125
0 0.425 0.38984375 0.05546875 0.1875
0 0.48125 0.384375 0.05859375 0.1859375
0 0.540625 0.378125 0.06015625 0.196875
0 0.60625 0.371875 0.065625 0.2
0 0.67421875 0.3703125 0.0734375 0.20390625
0 0.7625 0.365625 0.10859375 0.209375
0 0.1984375 0.58125 0.04765625 0.1765625
0 0.246875 0.58125 0.04453125 0.1765625
0 0.296875 0.578125 0.0484375 0.175
0 0.3484375 0.578125 0.05234375 0.17890625
0 0.4015625 0.57890625 0.0546875 0.18359375
0 0.459375 0.578125 0.05390625 0.19296875
0 0.51875 0.58203125 0.06171875 0.203125
0 0.58125 0.58046875 0.06796875 0.20546875
0 0.65 0.584375 0.07421875 0.2140625
0 0.7234375 0.584375 0.08046875 0.228125
0 0.7921875 0.584375 0.06640625 0.225
0 0.1875 0.765625 0.0375 0.1875
0 0.2359375 0.7609375 0.0609375 0.18359375
0 0.284375 0.7625 0.0359375 0.1890625
0 0.32890625 0.7703125 0.0546875 0.20390625
0 0.38203125 0.77109375 0.0578125 0.20546875
0 0.4421875 0.77578125 0.0546875 0.20703125
0 0.503125 0.784375 0.05625 0.22109375
0 0.565625 0.796875 0.06875 0.21953125
0 0.6359375 0.8046875 0.07265625 0.2375
0 0.71875 0.81171875 0.1 0.24609375
0 0.796875 0.8203125 0.07265625 0.24609375