0 0.30546875 0.5984375 0.18984375 0.1390625
0 0.30625 0.725 0.18515625 0.13515625
0 0.66953125 0.209375 0.1484375 0.1546875
0 0.4765625 0.8296875 0.1578125 0.12421875
0 0.11015625 0.44765625 0.2203125 0.1640625
0 0.31640625 0.45390625 0.196875 0.146875
0 0.6609375 0.33828125 0.14296875 0.1328125
0 0.31484375 0.3015625 0.20078125 0.15703125
0 0.4875 0.7046875 0.159375 0.121875
0 0.1046875 0.609375 0.20859375 0.15390625
0 0.5125 0.17578125 0.17578125 0.16328125
0 0.50078125 0.46015625 0.1671875 0.128125
0 0.88828125 0.4609375 0.11328125 0.1046875
0 0.1078125 0.278125 0.21484375 0.17890625
0 0.80390625 0.22734375 0.1265625 0.13984375
0 0.5046875 0.3265625 0.17578125 0.15234375
0 0.303125 0.85390625 0.184375 0.1328125
0 0.31328125 0.15390625 0.20546875 0.18125
0 0.4875 0.58359375 0.16640625 0.12578125
0 0.77578125 0.45859375 0.11171875 0.11171875
0 0.65546875 0.46484375 0.13984375 0.11953125
0 0.871875 0.56328125 0.1171875 0.1015625
0 0.10546875 0.10390625 0.21015625 0.20703125
0 0.1078125 0.74453125 0.21484375 0.15078125
0 0.765625 0.56875 0.1125 0.10625
0 0.10390625 0.884375 0.2078125 0.146875
0 0.6265625 0.68515625 0.12890625 0.109375
0 0.8671875 0.66484375 0.1140625 0.1
0 0.6390625 0.575 0.1375 0.115625
0 0.75078125 0.675 0.12109375 0.10859375
0 0.91953125 0.2484375 0.10078125 0.1234375
0 0.7453125 0.7765625 0.121875 0.10625
0 0.78984375 0.3484375 0.1171875 0.12578125
0 0.85859375 0.76328125 0.10703125 0.096875
0 0.9015625 0.3578125 0.10859375 0.11171875
0 0.61640625 0.79375 0.1390625 0.11484375