0 0.8078125 0.209375 0.05 0.0453125
0 0.809375 0.2578125 0.05625 0.046875
0 0.8109375 0.30625 0.053125 0.05
0 0.8140625 0.35703125 0.059375 0.0546875
0 0.8125 0.4109375 0.0625 0.053125
0 0.8 0.45625 0.0984375 0.0359375
0 0.80078125 0.490625 0.103125 0.034375
0 0.80078125 0.5296875 0.096875 0.034375
0 0.80234375 0.56640625 0.1015625 0.0359375
0 0.80234375 0.603125 0.1 0.0375
0 0.8 0.6421875 0.109375 0.0375
0 0.79921875 0.684375 0.1078125 0.0390625
0 0.78828125 0.725 0.10625 0.0421875
0 0.8390625 0.7859375 0.0734375 0.0734375
0 0.76953125 0.7890625 0.065625 0.0703125
0 0.6765625 0.8 0.1078125 0.0421875
0 0.68203125 0.75546875 0.1109375 0.04375
0 0.67890625 0.71328125 0.115625 0.0421875
0 0.69453125 0.6703125 0.109375 0.04375
0 0.69609375 0.6296875 0.10625 0.0421875
0 0.69921875 0.58984375 0.103125 0.0375
0 0.70078125 0.553125 0.103125 0.0375
0 0.7015625 0.515625 0.0984375 0.0375
0 0.7 0.478125 0.1015625 0.0359375
0 0.7015625 0.4421875 0.0984375 0.034375
0 0.73359375 0.409375 0.0984375 0.034375
0 0.73359375 0.375 0.1015625 0.0359375
0 0.73203125 0.34140625 0.096875 0.0328125
0 0.734375 0.309375 0.103125 0.034375
0 0.73671875 0.278125 0.09375 0.0328125
0 0.734375 0.24609375 0.096875 0.03125
0 0.73515625 0.2171875 0.09375 0.03125
0 0.734375 0.1859375 0.09375 0.03125
0 0.64375 0.1859375 0.09375 0.03125
0 0.64296875 0.21484375 0.096875 0.0359375
0 0.6421875 0.2453125 0.096875 0.0328125
0 0.63984375 0.2765625 0.0984375 0.03125
0 0.63828125 0.30859375 0.0984375 0.034375
0 0.63671875 0.340625 0.1 0.034375
0 0.63671875 0.37421875 0.09375 0.034375
0 0.63828125 0.4078125 0.1 0.034375
0 0.60234375 0.4421875 0.096875 0.034375
0 0.60078125 0.4765625 0.096875 0.0375
0 0.6015625 0.5125 0.1015625 0.0375
0 0.59921875 0.5484375 0.10625 0.0375
0 0.59765625 0.5875 0.10625 0.040625
0 0.59140625 0.62734375 0.1078125 0.0390625
0 0.5890625 0.665625 0.103125 0.0390625
0 0.56875 0.70859375 0.1078125 0.040625
0 0.5703125 0.7515625 0.1109375 0.04375
0 0.56875 0.7953125 0.1125 0.04375
0 0.459375 0.79375 0.1109375 0.04375
0 0.4625 0.7484375 0.1171875 0.0421875
0 0.4640625 0.7046875 0.10625 0.04375
0 0.484375 0.66484375 0.109375 0.040625
0 0.4875 0.625 0.1078125 0.04375
0 0.49453125 0.5859375 0.1015625 0.0359375
0 0.49765625 0.546875 0.1015625 0.0359375
0 0.50078125 0.5109375 0.1 0.0359375
0 0.50234375 0.475 0.1 0.0375
0 0.5078125 0.4390625 0.096875 0.034375
0 0.540625 0.40625 0.096875 0.034375
0 0.540625 0.371875 0.0890625 0.03125
0 0.54140625 0.33984375 0.09375 0.0328125
0 0.5453125 0.3078125 0.09375 0.0328125
0 0.546875 0.2765625 0.09375 0.03125
0 0.54765625 0.2453125 0.090625 0.03125
0 0.5515625 0.215625 0.0890625 0.0296875
0 0.5546875 0.184375 0.090625 0.03125
0 0.465625 0.18515625 0.090625 0.03125
0 0.4625 0.215625 0.09375 0.03125
0 0.45703125 0.2453125 0.09375 0.03125
0 0.4546875 0.2765625 0.09375 0.03125
0 0.45234375 0.30625 0.0984375 0.034375
0 0.45 0.3390625 0.096875 0.0328125
0 0.44765625 0.371875 0.0984375 0.034375
0 0.44375 0.4046875 0.0984375 0.03125
0 0.41328125 0.43984375 0.0984375 0.0359375
0 0.40625 0.4734375 0.103125 0.0328125
0 0.403125 0.5078125 0.1078125 0.0375
0 0.3984375 0.54609375 0.096875 0.040625
0 0.3921875 0.58359375 0.10625 0.0359375
0 0.3984375 0.6390625 0.06875 0.0671875
0 0.33125 0.6390625 0.075 0.065625
0 0.2703125 0.6359375 0.075 0.06875
0 0.30703125 0.7421875 0.2015625 0.140625
0 0.11953125 0.7390625 0.2125 0.1390625
0 0.14453125 0.6046875 0.2015625 0.125
0 0.16796875 0.4765625 0.20625 0.1140625
0 0.203125 0.37265625 0.20625 0.0859375
0 0.21796875 0.2828125 0.203125 0.08125
0 0.23359375 0.2015625 0.20625 0.0796875
0 0.37734375 0.18359375 0.0984375 0.03125
0 0.375 0.2140625 0.090625 0.028125
0 0.3625 0.2421875 0.090625 0.028125
0 0.36171875 0.271875 0.0875 0.03125
0 0.35703125 0.30390625 0.0875 0.028125
0 0.3546875 0.3375 0.09375 0.0296875
0 0.35 0.3703125 0.1 0.03125
0 0.3515625 0.4015625 0.09375 0.03125
0 0.31484375 0.440625 0.096875 0.028125
0 0.3046875 0.475 0.096875 0.034375
0 0.3015625 0.51171875 0.096875 0.0359375
0 0.29609375 0.546875 0.1015625 0.0375