0 0.1390625 0.3453125 0.09921875 0.20390625
0 0.2296875 0.34921875 0.10703125 0.209375
0 0.325 0.35703125 0.10546875 0.2140625
0 0.4234375 0.36484375 0.10390625 0.21796875
0 0.52421875 0.3671875 0.1046875 0.2125
0 0.63359375 0.375 0.1078125 0.225
0 0.7921875 0.38359375 0.175 0.2390625
0 0.15546875 0.534375 0.0984375 0.1859375
0 0.2421875 0.54375 0.10390625 0.19609375
0 0.33203125 0.55390625 0.1 0.196875
0 0.428125 0.5625 0.09921875 0.2
0 0.52421875 0.5734375 0.096875 0.2
0 0.63046875 0.584375 0.103125 0.2109375
0 0.775 0.60859375 0.16796875 0.21953125
0 0.1703125 0.71015625 0.0921875 0.1734375
0 0.25234375 0.72109375 0.09375 0.1859375
0 0.33828125 0.73125 0.09375 0.1875
0 0.4296875 0.7484375 0.09296875 0.1890625
0 0.5234375 0.76484375 0.09453125 0.2015625
0 0.6234375 0.784375 0.10234375 0.20703125
0 0.7609375 0.80625 0.16015625 0.209375