0 0.73515625 0.2640625 0.06875 0.0734375
0 0.74921875 0.34140625 0.059375 0.0796875
0 0.75546875 0.4234375 0.059375 0.084375
0 0.76875 0.50859375 0.065625 0.0921875
0 0.79140625 0.6046875 0.053125 0.0984375
0 0.803125 0.7046875 0.075 0.10625
0 0.725 0.7796875 0.175 0.05
0 0.5453125 0.7875 0.184375 0.05
0 0.35625 0.79375 0.1984375 0.05625
0 0.159375 0.7984375 0.20625 0.053125
0 0.74453125 0.7078125 0.078125 0.109375
0 0.684375 0.7078125 0.071875 0.109375
0 0.625 0.709375 0.06875 0.1109375
0 0.5609375 0.7125 0.0640625 0.1125
0 0.4984375 0.71171875 0.0640625 0.115625
0 0.43515625 0.71171875 0.071875 0.1125
0 0.36796875 0.715625 0.065625 0.11875
0 0.30234375 0.715625 0.0734375 0.11875
0 0.2328125 0.7171875 0.0734375 0.1140625
0 0.165625 0.7171875 0.0734375 0.1171875
0 0.09609375 0.71875 0.06875 0.115625
0 0.03046875 0.7625 0.0609375 0.109375
0 0.03515625 0.6484375 0.0703125 0.10625
0 0.03828125 0.54296875 0.0765625 0.0953125
0 0.04375 0.44921875 0.0875 0.0890625
0 0.04921875 0.353125 0.0984375 0.103125
0 0.05390625 0.24921875 0.1078125 0.0953125
0 0.68515625 0.2609375 0.053125 0.075
0 0.69375 0.33984375 0.059375 0.08125
0 0.69921875 0.4203125 0.059375 0.084375
0 0.71171875 0.5078125 0.059375 0.09375
0 0.7234375 0.6046875 0.0609375 0.1
0 0.67265625 0.603125 0.06875 0.1015625
0 0.6109375 0.6046875 0.0640625 0.1
0 0.55 0.6046875 0.0640625 0.103125
0 0.490625 0.60546875 0.065625 0.103125
0 0.428125 0.60390625 0.0640625 0.1046875
0 0.3671875 0.60625 0.06875 0.1078125
0 0.3 0.6046875 0.065625 0.1046875
0 0.2390625 0.60625 0.065625 0.10625
0 0.1703125 0.60703125 0.0734375 0.10625
0 0.09921875 0.6078125 0.078125 0.10625
0 0.11171875 0.5046875 0.0734375 0.1
0 0.1765625 0.50625 0.0640625 0.096875
0 0.2390625 0.50546875 0.065625 0.096875
0 0.3 0.50703125 0.0609375 0.0953125
0 0.3625 0.50625 0.0609375 0.096875
0 0.421875 0.5078125 0.059375 0.09375
0 0.484375 0.5078125 0.059375 0.09375
0 0.54453125 0.50859375 0.0609375 0.09375
0 0.6 0.509375 0.0609375 0.090625
0 0.6484375 0.4203125 0.071875 0.0875
0 0.65625 0.509375 0.059375 0.09375
0 0.59296875 0.4203125 0.0640625 0.0890625
0 0.53671875 0.4203125 0.05625 0.0875
0 0.48125 0.4171875 0.0625 0.090625
0 0.425 0.4171875 0.059375 0.0921875
0 0.365625 0.4140625 0.071875 0.090625
0 0.3015625 0.4109375 0.065625 0.096875
0 0.240625 0.4109375 0.071875 0.096875
0 0.18046875 0.409375 0.065625 0.09375
0 0.12109375 0.40625 0.06875 0.090625
0 0.134375 0.3203125 0.06875 0.0875
0 0.19296875 0.32109375 0.06875 0.0859375
0 0.25078125 0.3234375 0.071875 0.0875
0 0.3109375 0.3234375 0.0640625 0.0875
0 0.36953125 0.3265625 0.0609375 0.0875
0 0.42421875 0.32890625 0.0515625 0.090625
0 0.4765625 0.3328125 0.059375 0.0875
0 0.53125 0.3359375 0.053125 0.084375
0 0.58515625 0.3359375 0.053125 0.08125
0 0.63984375 0.3375 0.0515625 0.084375
0 0.634375 0.2609375 0.0515625 0.078125
0 0.58203125 0.2578125 0.05625 0.08125
0 0.5296875 0.2546875 0.05625 0.078125
0 0.475 0.25234375 0.05625 0.078125
0 0.42265625 0.25 0.05625 0.075
0 0.3640625 0.2453125 0.05625 0.078125
0 0.30546875 0.240625 0.065625 0.084375
0 0.25234375 0.2390625 0.059375 0.0890625
0 0.19375 0.23671875 0.06875 0.084375
0 0.13515625 0.23515625 0.065625 0.0859375