0 0.31875 0.7203125 0.19296875 0.103125
0 0.825 0.77890625 0.153125 0.09765625
0 0.11484375 0.4265625 0.209375 0.115625
0 0.82734375 0.60859375 0.16015625 0.09375
0 0.3234375 0.528125 0.19453125 0.1046875
0 0.32421875 0.8234375 0.18359375 0.10546875
0 0.3140625 0.42890625 0.19296875 0.11015625
0 0.1171875 0.525 0.2078125 0.109375
0 0.31640625 0.63046875 0.19453125 0.10703125
0 0.4953125 0.32890625 0.17421875 0.103125
0 0.6671875 0.69921875 0.16328125 0.09296875
0 0.825 0.33359375 0.159375 0.0984375
0 0.82578125 0.4265625 0.15625 0.09296875
0 0.50078125 0.428125 0.17734375 0.10390625
0 0.3125 0.31875 0.19296875 0.109375
0 0.67109375 0.615625 0.16640625 0.09765625
0 0.8296875 0.51875 0.16171875 0.09609375
0 0.67109375 0.521875 0.1671875 0.09765625
0 0.24375 0.20546875 0.146875 0.14140625
0 0.66875 0.42734375 0.165625 0.0984375
0 0.821875 0.68984375 0.1546875 0.0890625
0 0.665625 0.33203125 0.16640625 0.10078125
0 0.62578125 0.2328125 0.1140625 0.10078125
0 0.503125 0.5265625 0.17578125 0.10234375
0 0.66796875 0.78828125 0.16015625 0.0953125
0 0.125 0.72890625 0.20546875 0.10859375
0 0.5015625 0.2296875 0.1203125 0.1046875
0 0.5015625 0.715625 0.17421875 0.0984375
0 0.14375 0.83125 0.2015625 0.10625
0 0.50703125 0.79921875 0.16953125 0.09921875
0 0.73046875 0.2359375 0.1078125 0.096875
0 0.13046875 0.63046875 0.21015625 0.10859375
0 0.37734375 0.22421875 0.12734375 0.1109375
0 0.084375 0.1953125 0.16171875 0.14609375
0 0.49921875 0.621875 0.175 0.09765625
0 0.11953125 0.31640625 0.2203125 0.11484375
0 0.8484375 0.23828125 0.11640625 0.09765625