0 0.3125 0.1765625 0.103125 0.13125
0 0.31171875 0.3 0.1015625 0.134375
0 0.31015625 0.4234375 0.1015625 0.134375
0 0.32265625 0.553125 0.103125 0.128125
0 0.325 0.6953125 0.11875 0.146875
0 0.325 0.85 0.128125 0.165625
0 0.184375 0.925 0.1484375 0.08125
0 0.184375 0.86328125 0.140625 0.071875
0 0.18671875 0.8046875 0.146875 0.075
0 0.19296875 0.7484375 0.140625 0.065625
0 0.196875 0.68984375 0.1390625 0.065625
0 0.20078125 0.634375 0.14375 0.0609375
0 0.20390625 0.5796875 0.134375 0.053125
0 0.203125 0.5296875 0.128125 0.05
0 0.19921875 0.4796875 0.13125 0.046875
0 0.1953125 0.42734375 0.1234375 0.0515625
0 0.19375 0.38125 0.1265625 0.046875
0 0.190625 0.33203125 0.128125 0.053125
0 0.19453125 0.2875 0.128125 0.05625
0 0.19140625 0.24375 0.128125 0.053125
0 0.1921875 0.2 0.1265625 0.059375
0 0.18984375 0.159375 0.11875 0.059375
0 0.1890625 0.1171875 0.128125 0.059375
0 0.234375 0.0828125 0.1125 0.0625
0 0.1125 0.0546875 0.15 0.071875
0 0.0671875 0.08828125 0.1265625 0.0671875
0 0.06171875 0.13125 0.115625 0.053125
0 0.0578125 0.1765625 0.109375 0.04375
0 0.0640625 0.221875 0.128125 0.0625
0 0.06640625 0.2640625 0.1328125 0.059375
0 0.06328125 0.3203125 0.1265625 0.05
0 0.06171875 0.365625 0.1234375 0.059375
0 0.06328125 0.4203125 0.1265625 0.0484375
0 0.0640625 0.47109375 0.128125 0.053125
0 0.0640625 0.5265625 0.128125 0.05625
0 0.06640625 0.58046875 0.1328125 0.0546875
0 0.06484375 0.6390625 0.128125 0.059375
0 0.06328125 0.696875 0.1265625 0.0625
0 0.06328125 0.759375 0.1265625 0.0625
0 0.0609375 0.8203125 0.121875 0.0671875
0 0.0578125 0.878125 0.115625 0.065625
0 0.05546875 0.94453125 0.1109375 0.0765625