0 0.60234375 0.171875 0.190625 0.0875
0 0.59453125 0.25625 0.196875 0.096875
0 0.58984375 0.34765625 0.203125 0.0984375
0 0.58203125 0.45 0.2140625 0.103125
0 0.58984375 0.55859375 0.221875 0.115625
0 0.57890625 0.6828125 0.240625 0.128125
0 0.6140625 0.80625 0.2609375 0.115625
0 0.35 0.796875 0.26875 0.1
0 0.3578125 0.6796875 0.240625 0.128125
0 0.3734375 0.55859375 0.21875 0.1140625
0 0.384375 0.45 0.209375 0.103125
0 0.4 0.353125 0.19375 0.09375
0 0.41640625 0.26328125 0.190625 0.090625
0 0.428125 0.18359375 0.1859375 0.084375
0 0.26171875 0.19375 0.178125 0.096875
0 0.23671875 0.28515625 0.196875 0.1046875
0 0.21015625 0.3921875 0.2015625 0.109375
0 0.18359375 0.5078125 0.2140625 0.11875
0 0.1546875 0.6296875 0.228125 0.115625
0 0.125 0.7625 0.246875 0.1359375