0 0.171875 0.39765625 0.08828125 0.190625
0 0.25625 0.40546875 0.09609375 0.196875
0 0.34765625 0.41015625 0.0984375 0.20390625
0 0.45 0.41796875 0.10234375 0.2140625
0 0.55859375 0.41015625 0.115625 0.22109375
0 0.6828125 0.42109375 0.12890625 0.24140625
0 0.80625 0.3859375 0.115625 0.2609375
0 0.796875 0.65 0.10078125 0.26953125
0 0.6796875 0.6421875 0.12890625 0.240625
0 0.55859375 0.6265625 0.1140625 0.21953125
0 0.45 0.615625 0.103125 0.20859375
0 0.353125 0.6 0.09453125 0.19453125
0 0.26328125 0.58359375 0.090625 0.19140625
0 0.18359375 0.571875 0.084375 0.1859375
0 0.19375 0.73828125 0.09609375 0.17890625
0 0.28515625 0.76328125 0.1046875 0.19609375
0 0.3921875 0.78984375 0.109375 0.2015625
0 0.5078125 0.81640625 0.11875 0.2140625
0 0.6296875 0.8453125 0.11640625 0.22890625
0 0.7625 0.875 0.13515625 0.246875