0 0.20390625 0.40390625 0.17109375 0.07890625
0 0.3890625 0.40078125 0.1890625 0.08515625
0 0.59453125 0.39609375 0.225 0.09453125
0 0.834375 0.39296875 0.259375 0.096875
0 0.828125 0.490625 0.2484375 0.1015625
0 0.59609375 0.4890625 0.22734375 0.090625
0 0.39453125 0.49921875 0.159375 0.11796875
0 0.23984375 0.496875 0.14296875 0.10859375
0 0.1125 0.49453125 0.1171875 0.1046875
0 0.11953125 0.5953125 0.13359375 0.10703125
0 0.24453125 0.6 0.1375 0.10625
0 0.3890625 0.60703125 0.14765625 0.11640625
0 0.57890625 0.5765625 0.2171875 0.0921875
0 0.56484375 0.6609375 0.21171875 0.09765625
0 0.82421875 0.5859375 0.2453125 0.10390625
0 0.8109375 0.678125 0.2515625 0.1109375
0 0.125 0.69375 0.12734375 0.10390625
0 0.25 0.703125 0.13515625 0.1125
0 0.38984375 0.715625 0.13984375 0.125
0 0.5625 0.746875 0.2046875 0.10703125
0 0.79375 0.7671875 0.2484375 0.11796875