0 0.553125 0.46875 0.0953125 0.10625
0 0.27109375 0.56484375 0.103125 0.103125
0 0.45390625 0.57421875 0.096875 0.1078125
0 0.359375 0.57109375 0.096875 0.103125
0 0.365625 0.46484375 0.096875 0.103125
0 0.4578125 0.46875 0.0953125 0.10625
0 0.33984375 0.23671875 0.075 0.10625
0 0.32578125 0.3578125 0.0765625 0.115625
0 0.475 0.2453125 0.075 0.10625
0 0.26171875 0.671875 0.103125 0.109375
0 0.55234375 0.58515625 0.096875 0.10625
0 0.35 0.67578125 0.1 0.1125
0 0.34921875 0.1328125 0.075 0.1
0 0.62109375 0.15234375 0.0640625 0.090625
0 0.54609375 0.35234375 0.075 0.121875
0 0.46953125 0.35703125 0.075 0.115625
0 0.5515625 0.1453125 0.06875 0.0953125
0 0.45078125 0.6828125 0.1 0.1109375
0 0.39375 0.35859375 0.075 0.11875
0 0.62109375 0.24765625 0.0671875 0.10625
0 0.64765625 0.5859375 0.096875 0.10625
0 0.42109375 0.1375 0.0703125 0.09375
0 0.54921875 0.2453125 0.0734375 0.103125
0 0.409375 0.2390625 0.075 0.10625
0 0.640625 0.81796875 0.10625 0.121875
0 0.54140625 0.8046875 0.1 0.121875
0 0.54765625 0.69140625 0.1 0.115625
0 0.746875 0.82421875 0.10625 0.1234375
0 0.8265625 0.503125 0.0875 0.103125
0 0.48203125 0.1421875 0.06875 0.09375
0 0.83984375 0.6046875 0.09375 0.109375
0 0.2796875 0.46484375 0.1 0.0984375
0 0.62109375 0.3640625 0.071875 0.1125
0 0.8453125 0.71875 0.1 0.11875
0 0.43984375 0.79375 0.1 0.1171875
0 0.6484375 0.47890625 0.0921875 0.1046875
0 0.74609375 0.70625 0.103125 0.11875
0 0.82421875 0.28203125 0.0671875 0.1015625
0 0.75546875 0.26875 0.0625 0.103125
0 0.75 0.16875 0.0625 0.0921875
0 0.64375 0.6984375 0.1015625 0.115625
0 0.85078125 0.834375 0.1046875 0.128125
0 0.25859375 0.775 0.096875 0.10625
0 0.35 0.78359375 0.096875 0.1125
0 0.81328125 0.1828125 0.0625 0.1
0 0.6890625 0.36328125 0.071875 0.1125
0 0.7609375 0.38359375 0.0640625 0.1125
0 0.26484375 0.23359375 0.0765625 0.103125
0 0.68359375 0.16015625 0.0625 0.090625
0 0.83125 0.384375 0.075 0.1125
0 0.7390625 0.484375 0.0921875 0.1
0 0.25 0.353125 0.0875 0.125
0 0.28203125 0.128125 0.0765625 0.1
0 0.74140625 0.5953125 0.096875 0.1078125
0 0.68671875 0.2625 0.06875 0.1