0 0.2125 0.3296875 0.040625 0.08125
0 0.29609375 0.2953125 0.125 0.075
0 0.41796875 0.3109375 0.1171875 0.071875
0 0.52890625 0.32734375 0.109375 0.053125
0 0.63125 0.33515625 0.096875 0.065625
0 0.7265625 0.34609375 0.0921875 0.06875
0 0.20625 0.40390625 0.0375 0.075
0 0.246875 0.4359375 0.0375 0.078125
0 0.28671875 0.4359375 0.040625 0.075
0 0.25 0.359375 0.0390625 0.071875
0 0.2890625 0.36171875 0.0390625 0.078125
0 0.3265625 0.365625 0.0421875 0.0765625
0 0.365625 0.3703125 0.034375 0.0765625
0 0.40078125 0.37734375 0.0359375 0.06875
0 0.43671875 0.3796875 0.0359375 0.071875
0 0.46953125 0.38203125 0.034375 0.075
0 0.50234375 0.38515625 0.0375 0.071875
0 0.5359375 0.38515625 0.0359375 0.06875
0 0.5671875 0.38671875 0.0328125 0.0765625
0 0.59609375 0.390625 0.03125 0.065625
0 0.6265625 0.39296875 0.0328125 0.0625
0 0.6546875 0.39609375 0.03125 0.0671875
0 0.6859375 0.4015625 0.03125 0.065625
0 0.71328125 0.4046875 0.03125 0.0609375
0 0.74140625 0.409375 0.0296875 0.059375
0 0.76953125 0.40859375 0.0296875 0.0625
0 0.77109375 0.47421875 0.034375 0.065625
0 0.74453125 0.47109375 0.034375 0.0671875
0 0.7203125 0.46953125 0.03125 0.071875
0 0.690625 0.46796875 0.034375 0.071875
0 0.66171875 0.4609375 0.034375 0.0671875
0 0.63046875 0.4625 0.034375 0.071875
0 0.6 0.45703125 0.0359375 0.071875
0 0.5703125 0.4546875 0.03125 0.06875
0 0.53828125 0.4578125 0.0375 0.071875
0 0.503125 0.4546875 0.0375 0.071875
0 0.2046875 0.48359375 0.040625 0.078125
0 0.24375 0.51875 0.034375 0.075
0 0.28515625 0.52109375 0.0390625 0.071875
0 0.32265625 0.51953125 0.0359375 0.075
0 0.3609375 0.52109375 0.0359375 0.0765625
0 0.39921875 0.51953125 0.034375 0.06875
0 0.325 0.440625 0.0390625 0.071875
0 0.3625 0.44375 0.03125 0.06875
0 0.4 0.446875 0.034375 0.075
0 0.43671875 0.45078125 0.03125 0.071875
0 0.4703125 0.45234375 0.0328125 0.071875
0 0.4359375 0.5234375 0.0375 0.06875
0 0.46953125 0.521875 0.034375 0.06875
0 0.50390625 0.52578125 0.0328125 0.06875
0 0.5375 0.52734375 0.03125 0.065625
0 0.56953125 0.5296875 0.034375 0.065625
0 0.60234375 0.5265625 0.0328125 0.0671875
0 0.63203125 0.528125 0.034375 0.065625
0 0.6640625 0.52890625 0.03125 0.0625
0 0.6921875 0.534375 0.03125 0.0609375
0 0.7203125 0.5359375 0.0296875 0.0625
0 0.7484375 0.53828125 0.03125 0.065625
0 0.77578125 0.5390625 0.0359375 0.0609375
0 0.77890625 0.6046875 0.0359375 0.0671875
0 0.7515625 0.60390625 0.0328125 0.06875
0 0.72421875 0.60078125 0.03125 0.0671875
0 0.69609375 0.6 0.034375 0.0625
0 0.6671875 0.59921875 0.0328125 0.065625
0 0.6359375 0.59609375 0.034375 0.06875
0 0.603125 0.59453125 0.0359375 0.06875
0 0.571875 0.596875 0.0359375 0.06875
0 0.5390625 0.59296875 0.0375 0.0671875
0 0.50625 0.59453125 0.0359375 0.06875
0 0.471875 0.5953125 0.0375 0.06875
0 0.4359375 0.5953125 0.0375 0.06875
0 0.39921875 0.59453125 0.0375 0.0765625
0 0.36015625 0.59296875 0.040625 0.071875
0 0.32109375 0.59609375 0.0359375 0.0765625
0 0.28359375 0.59609375 0.040625 0.0765625
0 0.2421875 0.5984375 0.040625 0.0765625
0 0.20234375 0.5609375 0.0453125 0.08125
0 0.196875 0.64765625 0.046875 0.084375
0 0.23671875 0.67421875 0.0375 0.08125
0 0.278125 0.671875 0.0390625 0.08125
0 0.31875 0.671875 0.0375 0.075
0 0.359375 0.67265625 0.0375 0.08125
0 0.396875 0.6703125 0.034375 0.0828125
0 0.4328125 0.6671875 0.0359375 0.08125
0 0.46953125 0.66796875 0.0375 0.0828125
0 0.5046875 0.66796875 0.034375 0.078125
0 0.53828125 0.66796875 0.0328125 0.078125
0 0.57109375 0.66640625 0.034375 0.078125
0 0.60390625 0.665625 0.034375 0.075
0 0.6375 0.6640625 0.034375 0.071875
0 0.66875 0.66640625 0.03125 0.078125
0 0.69765625 0.66875 0.0359375 0.075
0 0.72734375 0.66953125 0.03125 0.071875
0 0.7546875 0.671875 0.03125 0.06875
0 0.7828125 0.671875 0.034375 0.071875
0 0.19375 0.73203125 0.04375 0.084375
0 0.23125 0.76171875 0.0375 0.090625
0 0.275 0.7546875 0.0390625 0.0859375
0 0.3171875 0.75390625 0.0390625 0.0859375
0 0.35625 0.7515625 0.0390625 0.084375
0 0.39609375 0.74921875 0.0359375 0.0828125
0 0.4328125 0.74921875 0.0359375 0.0828125
0 0.4703125 0.7484375 0.0359375 0.078125
0 0.5046875 0.74609375 0.0375 0.078125
0 0.540625 0.7453125 0.034375 0.075
0 0.5734375 0.74375 0.0375 0.075
0 0.60390625 0.74140625 0.0359375 0.078125
0 0.6375 0.74140625 0.0328125 0.0765625
0 0.66953125 0.740625 0.0359375 0.078125
0 0.70078125 0.73984375 0.034375 0.0765625
0 0.73125 0.740625 0.03125 0.078125
0 0.75859375 0.73984375 0.0296875 0.078125
0 0.7875 0.73984375 0.0328125 0.0765625
0 0.18984375 0.81640625 0.0421875 0.084375
0 0.24140625 0.83125 0.06875 0.059375
0 0.31171875 0.82578125 0.0625 0.05625
0 0.37734375 0.81953125 0.0671875 0.059375
0 0.44140625 0.81875 0.059375 0.053125
0 0.4984375 0.815625 0.05625 0.053125
0 0.55546875 0.8078125 0.05625 0.0484375
0 0.6078125 0.80546875 0.0546875 0.0609375
0 0.6609375 0.80234375 0.0515625 0.0484375
0 0.7109375 0.8 0.053125 0.04375
0 0.36640625 0.9265625 0.1265625 0.146875
0 0.2296875 0.928125 0.1375 0.13125
0 0.49375 0.91640625 0.121875 0.140625
0 0.6015625 0.8890625 0.0953125 0.115625
0 0.603125 0.9765625 0.0953125 0.046875
0 0.69140625 0.88125 0.0859375 0.1171875
0 0.77890625 0.8546875 0.08125 0.153125
0 0.696875 0.971875 0.0875 0.05625
0 0.7828125 0.9609375 0.08125 0.078125