0 0.87734375 0.6796875 0.15859375 0.0890625
0 0.9171875 0.28203125 0.15390625 0.128125
0 0.7296875 0.6328125 0.1125 0.1078125
0 0.70546875 0.51953125 0.18359375 0.121875
0 0.69765625 0.83984375 0.15234375 0.11484375
0 0.07890625 0.278125 0.121875 0.11328125
0 0.7625 0.2890625 0.1390625 0.12734375
0 0.35 0.4 0.14140625 0.1140625
0 0.53359375 0.51796875 0.1671875 0.11015625
0 0.21171875 0.390625 0.128125 0.1109375
0 0.2171875 0.5 0.13046875 0.1109375
0 0.1 0.49140625 0.11015625 0.10625
0 0.31796875 0.6109375 0.09765625 0.1
0 0.2 0.58515625 0.12421875 0.07421875
0 0.08359375 0.3859375 0.12421875 0.10703125
0 0.49453125 0.29453125 0.12421875 0.11875
0 0.6984375 0.409375 0.18515625 0.1171875
0 0.1984375 0.659375 0.12265625 0.0765625
0 0.2125 0.28671875 0.13046875 0.1125
0 0.50859375 0.40234375 0.16796875 0.11328125
0 0.62109375 0.62734375 0.10859375 0.1046875
0 0.62421875 0.2921875 0.12890625 0.12265625
0 0.41953125 0.6109375 0.09921875 0.09921875
0 0.5140625 0.61484375 0.10390625 0.1015625
0 0.5546875 0.82734375 0.13984375 0.10703125
0 0.365625 0.51484375 0.16015625 0.10703125
0 0.19765625 0.7984375 0.11953125 0.0765625
0 0.89609375 0.41328125 0.16796875 0.12890625
0 0.72890625 0.73359375 0.11171875 0.1078125
0 0.43203125 0.815625 0.10078125 0.09921875
0 0.85703125 0.85234375 0.15859375 0.125
0 0.0828125 0.57578125 0.11875 0.078125
0 0.4140625 0.71484375 0.10234375 0.10078125
0 0.35078125 0.29453125 0.1375 0.115625
0 0.3140625 0.703125 0.09765625 0.10078125
0 0.32265625 0.80078125 0.09765625 0.09921875
0 0.62265625 0.73046875 0.10703125 0.1046875
0 0.084375 0.65078125 0.1171875 0.07421875
0 0.51640625 0.71640625 0.10546875 0.1046875
0 0.88203125 0.59375 0.15859375 0.084375
0 0.20625 0.73046875 0.11796875 0.071875
0 0.89140625 0.515625 0.1609375 0.0921875
0 0.8671875 0.7640625 0.1546875 0.08671875
0 0.0859375 0.7859375 0.11328125 0.0796875
0 0.0875 0.7203125 0.11953125 0.07578125