0 0.53671875 0.3421875 0.1015625 0.1515625
0 0.5359375 0.63359375 0.0984375 0.140625
0 0.40625 0.89140625 0.1046875 0.115625
0 0.83203125 0.3375 0.1046875 0.1578125
0 0.81640625 0.6328125 0.09375 0.1296875
0 0.53984375 0.49453125 0.1 0.14375
0 0.41875 0.3015625 0.140625 0.134375
0 0.27890625 0.31171875 0.153125 0.1359375
0 0.84140625 0.175 0.109375 0.171875
0 0.63359375 0.6265625 0.1 0.15
0 0.28515625 0.44609375 0.146875 0.128125
0 0.50625 0.8890625 0.103125 0.1125
0 0.26640625 0.15625 0.15625 0.1515625
0 0.4390625 0.59453125 0.096875 0.1671875
0 0.53671875 0.76640625 0.096875 0.1296875
0 0.6359375 0.33671875 0.103125 0.15
0 0.80859375 0.7640625 0.0953125 0.1359375
0 0.26015625 0.76171875 0.103125 0.1546875
0 0.3484375 0.75625 0.0984375 0.15625
0 0.7328125 0.353125 0.103125 0.14375
0 0.29609375 0.89375 0.125 0.109375
0 0.73984375 0.1953125 0.1015625 0.1578125
0 0.63125 0.76796875 0.096875 0.1296875
0 0.41640625 0.1546875 0.146875 0.146875
0 0.63515625 0.48125 0.1 0.140625
0 0.42265625 0.44140625 0.1359375 0.128125
0 0.44453125 0.75078125 0.09375 0.1609375
0 0.3453125 0.59765625 0.103125 0.1640625
0 0.72265625 0.50859375 0.1 0.15
0 0.725 0.6515625 0.096875 0.13125
0 0.6421875 0.18046875 0.10625 0.165625
0 0.2421875 0.59609375 0.109375 0.1625
0 0.71796875 0.7765625 0.09375 0.128125
0 0.54140625 0.178125 0.10625 0.16875
0 0.82578125 0.49453125 0.09375 0.15
0 0.60625 0.884375 0.1109375 0.1125
0 0.6875 0.88828125 0.0671875 0.09375
0 0.8109375 0.8796875 0.0625 0.096875
0 0.78515625 0.88046875 0.1296875 0.1015625