0 0.178125 0.16640625 0.1125 0.109375
0 0.1921875 0.2796875 0.1015625 0.103125
0 0.2890625 0.27890625 0.103125 0.103125
0 0.39140625 0.26484375 0.103125 0.103125
0 0.7859375 0.284375 0.1125 0.1
0 0.49296875 0.16171875 0.109375 0.109375
0 0.596875 0.1640625 0.1125 0.109375
0 0.17109375 0.0609375 0.115625 0.1140625
0 0.66015625 0.54765625 0.09375 0.0796875
0 0.38984375 0.0546875 0.1125 0.103125
0 0.38828125 0.16171875 0.1046875 0.1125
0 0.21796875 0.6390625 0.090625 0.078125
0 0.39921875 0.7796875 0.08125 0.06875
0 0.31953125 0.85703125 0.08125 0.0671875
0 0.22421875 0.71875 0.090625 0.075
0 0.76015625 0.46328125 0.0984375 0.084375
0 0.234375 0.86171875 0.0875 0.065625
0 0.58125 0.3703125 0.0984375 0.0921875
0 0.60703125 0.05234375 0.115625 0.1046875
0 0.48984375 0.46171875 0.0953125 0.0890625
0 0.6859375 0.28046875 0.109375 0.1
0 0.396875 0.37578125 0.1 0.096875
0 0.7234375 0.77421875 0.084375 0.06875
0 0.2875 0.16328125 0.10625 0.1125
0 0.3 0.38046875 0.1 0.09375
0 0.20078125 0.3796875 0.1015625 0.09375
0 0.23046875 0.7875 0.0875 0.0703125
0 0.49296875 0.375 0.1 0.096875
0 0.39609375 0.55234375 0.090625 0.08125
0 0.58828125 0.27578125 0.1 0.103125
0 0.5703125 0.5453125 0.09375 0.08125
0 0.665625 0.4625 0.1 0.0875
0 0.3140625 0.715625 0.0875 0.0765625
0 0.575 0.459375 0.0984375 0.0875
0 0.49609375 0.27578125 0.103125 0.103125
0 0.396875 0.84765625 0.08125 0.06875
0 0.3953125 0.4625 0.09375 0.0875
0 0.70234375 0.17265625 0.1125 0.1125
0 0.2046875 0.4671875 0.096875 0.0875
0 0.565625 0.62890625 0.090625 0.078125
0 0.8046875 0.17734375 0.109375 0.109375
0 0.39921875 0.70625 0.084375 0.075
0 0.64296875 0.77265625 0.084375 0.06875
0 0.4796875 0.90703125 0.08125 0.0625
0 0.87265625 0.375 0.1109375 0.090625
0 0.7421875 0.62890625 0.0890625 0.075
0 0.396875 0.63359375 0.0875 0.0765625
0 0.4828125 0.546875 0.0921875 0.084375
0 0.2828125 0.0546875 0.1125 0.109375
0 0.56328125 0.69921875 0.0875 0.075
0 0.4828125 0.70625 0.0875 0.0765625
0 0.81640625 0.06171875 0.1234375 0.115625
0 0.8828125 0.28046875 0.1125 0.096875
0 0.90234375 0.175 0.11875 0.109375
0 0.50234375 0.05703125 0.1125 0.10625
0 0.48125 0.84453125 0.08125 0.06875
0 0.31015625 0.6375 0.090625 0.078125
0 0.21015625 0.55546875 0.096875 0.084375
0 0.8578125 0.46328125 0.103125 0.0875
0 0.6484375 0.696875 0.0859375 0.071875
0 0.559375 0.84296875 0.084375 0.0703125
0 0.6734375 0.37734375 0.1046875 0.09375
0 0.71328125 0.0578125 0.121875 0.109375
0 0.55625 0.90625 0.08125 0.0625
0 0.75234375 0.54765625 0.0921875 0.0796875
0 0.84140625 0.546875 0.096875 0.0796875
0 0.3203125 0.92109375 0.078125 0.0609375
0 0.315625 0.7875 0.0859375 0.0734375
0 0.2390625 0.921875 0.0828125 0.059375
0 0.7734375 0.37265625 0.109375 0.09375
0 0.91875 0.06015625 0.1234375 0.1125
0 0.56015625 0.7734375 0.084375 0.06875
0 0.478125 0.77421875 0.0859375 0.0703125
0 0.6390625 0.84296875 0.08125 0.065625
0 0.48203125 0.62734375 0.0875 0.0796875
0 0.30234375 0.46640625 0.096875 0.0859375
0 0.72109375 0.84140625 0.0796875 0.0625
0 0.78828125 0.90078125 0.08125 0.0578125
0 0.65703125 0.6296875 0.0921875 0.078125
0 0.7359375 0.69921875 0.0875 0.0703125
0 0.3078125 0.55546875 0.0921875 0.084375
0 0.40234375 0.91015625 0.078125 0.0609375
0 0.80859375 0.7734375 0.0828125 0.06875
0 0.82265625 0.6984375 0.0875 0.075
0 0.79453125 0.840625 0.08125 0.0625
0 0.6359375 0.903125 0.08125 0.0609375
0 0.82421875 0.62578125 0.090625 0.075
0 0.7078125 0.89921875 0.0828125 0.05625