0 0.4171875 0.821875 0.125 0.1625
0 0.5484375 0.36640625 0.1328125 0.16328125
0 0.41640625 0.675 0.128125 0.16015625
0 0.4171875 0.52578125 0.1265625 0.15859375
0 0.840625 0.52578125 0.15859375 0.17109375
0 0.6796875 0.8421875 0.13984375 0.16484375
0 0.8375 0.6859375 0.1515625 0.1671875
0 0.68671875 0.67890625 0.1390625 0.16328125
0 0.54765625 0.52734375 0.1328125 0.1640625
0 0.68984375 0.35859375 0.14453125 0.17109375
0 0.5515625 0.675 0.1328125 0.16171875
0 0.4140625 0.3671875 0.1265625 0.16015625
0 0.54453125 0.21953125 0.134375 0.1390625
0 0.83203125 0.853125 0.14921875 0.16953125
0 0.69140625 0.21015625 0.13984375 0.146875
0 0.2921875 0.52109375 0.13671875 0.13515625
0 0.5484375 0.83359375 0.13125 0.15625
0 0.6859375 0.528125 0.1421875 0.16484375
0 0.15234375 0.6484375 0.14375 0.13515625
0 0.846875 0.36484375 0.15546875 0.16953125
0 0.2890625 0.38125 0.13515625 0.13984375
0 0.29453125 0.6484375 0.134375 0.13828125
0 0.14921875 0.521875 0.1421875 0.13125
0 0.83828125 0.2078125 0.14140625 0.140625
0 0.296875 0.78203125 0.12734375 0.13203125
0 0.1625 0.77734375 0.13671875 0.12734375
0 0.14375 0.378125 0.14765625 0.1421875
0 0.27890625 0.25703125 0.14140625 0.10859375
0 0.4203125 0.22890625 0.128125 0.1296875
0 0.1125 0.25859375 0.1765625 0.11171875