0 0.628125 0.1390625 0.1125 0.2640625
0 0.525 0.13984375 0.109375 0.26875
0 0.4171875 0.140625 0.1109375 0.2671875
0 0.61328125 0.37421875 0.1 0.209375
0 0.521875 0.37734375 0.096875 0.2125
0 0.42890625 0.56875 0.0890625 0.175
0 0.51328125 0.56953125 0.0875 0.16875
0 0.41875 0.37421875 0.1 0.209375
0 0.30078125 0.15390625 0.14375 0.2375
0 0.51171875 0.725 0.0796875 0.146875
0 0.43359375 0.73046875 0.08125 0.1515625
0 0.60234375 0.56484375 0.090625 0.171875
0 0.3125 0.36875 0.125 0.1953125
0 0.59453125 0.72578125 0.0796875 0.14375
0 0.746875 0.1375 0.1265625 0.2625
0 0.32578125 0.55 0.1125 0.1640625
0 0.34609375 0.696875 0.1015625 0.1390625
0 0.7125 0.3734375 0.109375 0.2125
0 0.19921875 0.36640625 0.1421875 0.2
0 0.67578125 0.728125 0.09375 0.1453125
0 0.22265625 0.546875 0.125 0.165625
0 0.696875 0.565625 0.1 0.1734375
0 0.1640625 0.14609375 0.153125 0.2484375
0 0.240625 0.696875 0.11875 0.153125