0 0.55859375 0.640625 0.1078125 0.0859375
0 0.453125 0.64140625 0.10078125 0.084375
0 0.35625 0.6390625 0.09375 0.08125
0 0.4515625 0.56015625 0.1 0.0828125
0 0.80546875 0.83984375 0.13125 0.0984375
0 0.3515625 0.5578125 0.09296875 0.08125
0 0.7953125 0.4625 0.12421875 0.09453125
0 0.26484375 0.4796875 0.08515625 0.0765625
0 0.56328125 0.46640625 0.10625 0.08828125
0 0.78984375 0.55703125 0.1296875 0.09453125
0 0.6734375 0.73828125 0.1203125 0.096875
0 0.6765625 0.46640625 0.1140625 0.090625
0 0.6734375 0.6484375 0.11796875 0.0890625
0 0.45234375 0.4734375 0.1 0.084375
0 0.3515625 0.47578125 0.090625 0.08203125
0 0.453125 0.72578125 0.10078125 0.0859375
0 0.1859375 0.63203125 0.0828125 0.07421875
0 0.55625 0.5578125 0.10859375 0.08671875
0 0.79765625 0.7453125 0.13125 0.09375
0 0.18046875 0.48125 0.0828125 0.0734375
0 0.196875 0.775 0.08125 0.07578125
0 0.184375 0.5578125 0.08203125 0.0734375
0 0.2703125 0.5578125 0.08671875 0.07890625
0 0.66484375 0.5578125 0.1171875 0.09140625
0 0.275 0.6375 0.0875 0.0796875
0 0.19375 0.69921875 0.08203125 0.0734375
0 0.55625 0.734375 0.1109375 0.09140625
0 0.359375 0.7140625 0.09296875 0.084375
0 0.28046875 0.7515625 0.0859375 0.15078125
0 0.45625 0.8046875 0.1015625 0.08828125
0 0.79921875 0.65390625 0.13359375 0.096875
0 0.5609375 0.8140625 0.10703125 0.0921875
0 0.3625 0.79375 0.090625 0.08515625
0 0.67734375 0.8234375 0.11953125 0.0890625
0 0.278125 0.71015625 0.084375 0.08359375