0 0.4890625 0.57890625 0.08203125 0.078125
0 0.09765625 0.34921875 0.078125 0.07421875
0 0.24765625 0.35 0.07734375 0.07578125
0 0.6671875 0.35 0.0890625 0.08203125
0 0.85859375 0.35078125 0.096875 0.084375
0 0.175 0.34921875 0.078125 0.07578125
0 0.1 0.42578125 0.0765625 0.0734375
0 0.578125 0.35078125 0.084375 0.08046875
0 0.75234375 0.515625 0.09375 0.08046875
0 0.575 0.4328125 0.08515625 0.0796875
0 0.17734375 0.5703125 0.0734375 0.07265625
0 0.17734375 0.42734375 0.07734375 0.07421875
0 0.759375 0.3484375 0.09453125 0.084375
0 0.178125 0.503125 0.0765625 0.0734375
0 0.25078125 0.571875 0.075 0.07265625
0 0.665625 0.434375 0.08984375 0.0828125
0 0.33515625 0.4296875 0.08359375 0.07734375
0 0.11953125 0.77421875 0.0734375 0.06875
0 0.10546875 0.56796875 0.0734375 0.0703125
0 0.83828125 0.59296875 0.1 0.08203125
0 0.496875 0.35 0.08203125 0.0796875
0 0.41015625 0.35078125 0.08359375 0.07734375
0 0.2484375 0.428125 0.07734375 0.075
0 0.028125 0.3484375 0.05546875 0.0734375
0 0.40703125 0.57578125 0.08046875 0.0734375
0 0.33203125 0.50390625 0.0828125 0.0765625
0 0.1015625 0.4984375 0.07578125 0.07421875
0 0.84453125 0.51875 0.09765625 0.08203125
0 0.4109375 0.43046875 0.08359375 0.0796875
0 0.7421875 0.58984375 0.08984375 0.08203125
0 0.3328125 0.575 0.08046875 0.07265625
0 0.75859375 0.4359375 0.09140625 0.084375
0 0.415625 0.6515625 0.078125 0.0734375
0 0.33125 0.35078125 0.08203125 0.07734375
0 0.03046875 0.425 0.0609375 0.07578125
0 0.48671875 0.728125 0.07890625 0.07265625
0 0.7359375 0.7453125 0.0875 0.07734375
0 0.3375 0.7890625 0.07578125 0.0703125
0 0.24921875 0.5046875 0.07734375 0.075
0 0.74296875 0.66875 0.08984375 0.078125
0 0.85 0.434375 0.1 0.08515625
0 0.65546875 0.58515625 0.08515625 0.078125
0 0.03125 0.49921875 0.0625 0.07109375
0 0.33515625 0.6484375 0.07890625 0.0703125
0 0.73671875 0.82421875 0.08515625 0.0765625
0 0.48671875 0.65390625 0.078125 0.075
0 0.575 0.50703125 0.08359375 0.07890625
0 0.4859375 0.7953125 0.07734375 0.0734375
0 0.6609375 0.515625 0.08828125 0.07890625
0 0.56875 0.66171875 0.08203125 0.07734375
0 0.4125 0.79140625 0.07578125 0.07109375
0 0.1125 0.640625 0.0765625 0.06953125
0 0.334375 0.72265625 0.07421875 0.06953125
0 0.25546875 0.6453125 0.075 0.06875
0 0.5671875 0.73515625 0.08203125 0.0765625
0 0.4078125 0.72578125 0.078125 0.071875
0 0.4109375 0.51015625 0.08515625 0.07421875
0 0.8296875 0.67421875 0.096875 0.07890625
0 0.33671875 0.859375 0.0734375 0.07265625
0 0.65390625 0.6640625 0.084375 0.0765625
0 0.56796875 0.80390625 0.0765625 0.0765625
0 0.49765625 0.43125 0.0796875 0.07890625
0 0.40625 0.8671875 0.07578125 0.07265625
0 0.18125 0.64375 0.075 0.06953125
0 0.25859375 0.71171875 0.0765625 0.071875
0 0.815625 0.9015625 0.0921875 0.08203125
0 0.82109375 0.75234375 0.09296875 0.07734375
0 0.81953125 0.8296875 0.090625 0.0796875
0 0.1828125 0.70703125 0.07421875 0.06953125
0 0.72734375 0.8953125 0.0859375 0.0796875
0 0.65078125 0.81015625 0.0828125 0.07890625
0 0.11484375 0.70390625 0.07265625 0.0703125
0 0.646875 0.74296875 0.08515625 0.0796875
0 0.56640625 0.87890625 0.08046875 0.08046875
0 0.25859375 0.78359375 0.07421875 0.0734375
0 0.49140625 0.509375 0.0765625 0.07890625
0 0.2609375 0.853125 0.07109375 0.06875
0 0.03515625 0.5640625 0.0703125 0.0703125
0 0.19453125 0.778125 0.06875 0.07109375
0 0.56796875 0.584375 0.08046875 0.0765625
0 0.48359375 0.8703125 0.07734375 0.07578125
0 0.646875 0.8859375 0.0828125 0.07578125
0 0.04296875 0.69921875 0.0671875 0.06875
0 0.03828125 0.6375 0.0703125 0.06875
0 0.04609375 0.76953125 0.06640625 0.06640625
0 0.1515625 0.8453125 0.1359375 0.06796875
0 0.03359375 0.83828125 0.0671875 0.0703125