0 0.2640625 0.26484375 0.0734375 0.06796875
0 0.34140625 0.25078125 0.0796875 0.059375
0 0.4234375 0.24453125 0.08359375 0.05859375
0 0.50859375 0.23125 0.0921875 0.065625
0 0.6046875 0.20859375 0.0984375 0.053125
0 0.7046875 0.196875 0.10625 0.075
0 0.7796875 0.275 0.04921875 0.175
0 0.7875 0.4546875 0.05 0.184375
0 0.79375 0.64375 0.05625 0.1984375
0 0.7984375 0.840625 0.05234375 0.20703125
0 0.7078125 0.25546875 0.10859375 0.078125
0 0.7078125 0.315625 0.10859375 0.071875
0 0.709375 0.375 0.1109375 0.06953125
0 0.7125 0.4390625 0.11171875 0.0640625
0 0.71171875 0.5015625 0.115625 0.0640625
0 0.71171875 0.56484375 0.1125 0.07109375
0 0.715625 0.63203125 0.11875 0.06640625
0 0.715625 0.69765625 0.11796875 0.0734375
0 0.7171875 0.7671875 0.1140625 0.0734375
0 0.7171875 0.834375 0.1171875 0.0734375
0 0.71875 0.90390625 0.11640625 0.06953125
0 0.7625 0.96953125 0.10859375 0.0609375
0 0.6484375 0.96484375 0.10625 0.0703125
0 0.54296875 0.96171875 0.0953125 0.0765625
0 0.44921875 0.95625 0.0890625 0.0875
0 0.353125 0.95078125 0.10234375 0.0984375
0 0.24921875 0.94609375 0.0953125 0.1078125
0 0.2609375 0.31484375 0.075 0.05390625
0 0.33984375 0.30625 0.08125 0.059375
0 0.4203125 0.30078125 0.08515625 0.059375
0 0.5078125 0.28828125 0.09296875 0.059375
0 0.6046875 0.2765625 0.1 0.0609375
0 0.603125 0.32734375 0.1015625 0.06796875
0 0.6046875 0.3890625 0.10078125 0.0640625
0 0.6046875 0.45 0.10234375 0.0640625
0 0.60546875 0.509375 0.103125 0.065625
0 0.60390625 0.571875 0.1046875 0.0640625
0 0.60625 0.6328125 0.1078125 0.06796875
0 0.6046875 0.7 0.1046875 0.06640625
0 0.60625 0.7609375 0.10703125 0.06640625
0 0.60703125 0.8296875 0.10625 0.0734375
0 0.6078125 0.90078125 0.10703125 0.07890625
0 0.5046875 0.88828125 0.1 0.0734375
0 0.50625 0.8234375 0.096875 0.0640625
0 0.50546875 0.7609375 0.096875 0.06640625
0 0.50703125 0.7 0.0953125 0.0609375
0 0.50625 0.6375 0.09609375 0.0609375
0 0.5078125 0.578125 0.09453125 0.059375
0 0.5078125 0.515625 0.09453125 0.05859375
0 0.50859375 0.45546875 0.09375 0.0609375
0 0.509375 0.4 0.08984375 0.0609375
0 0.4203125 0.3515625 0.08671875 0.071875
0 0.509375 0.34375 0.09296875 0.059375
0 0.4203125 0.40703125 0.0890625 0.0640625
0 0.4203125 0.46328125 0.08828125 0.05703125
0 0.4171875 0.51875 0.08984375 0.0625
0 0.4171875 0.575 0.0921875 0.05859375
0 0.4140625 0.634375 0.09140625 0.071875
0 0.4109375 0.6984375 0.096875 0.06640625
0 0.4109375 0.759375 0.09609375 0.07109375
0 0.409375 0.81953125 0.09375 0.06640625
0 0.40625 0.87890625 0.09140625 0.06953125
0 0.3203125 0.865625 0.0875 0.06796875
0 0.32109375 0.80703125 0.0859375 0.06953125
0 0.3234375 0.74921875 0.0875 0.07109375
0 0.3234375 0.6890625 0.0875 0.0640625
0 0.3265625 0.63046875 0.0875 0.0609375
0 0.32890625 0.57578125 0.090625 0.0515625
0 0.3328125 0.5234375 0.08671875 0.05859375
0 0.3359375 0.46875 0.08359375 0.05390625
0 0.3359375 0.41484375 0.08203125 0.05390625
0 0.3375 0.36015625 0.08359375 0.0515625
0 0.2609375 0.365625 0.07734375 0.0515625
0 0.2578125 0.41796875 0.08046875 0.05546875
0 0.2546875 0.4703125 0.07734375 0.05703125
0 0.25234375 0.525 0.078125 0.05546875
0 0.25 0.57734375 0.07578125 0.05703125
0 0.2453125 0.6359375 0.07890625 0.05546875
0 0.240625 0.69453125 0.08359375 0.06640625
0 0.2390625 0.74765625 0.0890625 0.059375
0 0.23671875 0.80625 0.084375 0.06796875
0 0.23515625 0.86484375 0.0859375 0.065625