0 0.865625 0.4859375 0.153125 0.153125
0 0.43359375 0.52265625 0.153125 0.15625
0 0.73359375 0.865625 0.1640625 0.26875
0 0.30703125 0.5265625 0.165625 0.1578125
0 0.56875 0.8953125 0.171875 0.203125
0 0.7125 0.334375 0.13125 0.128125
0 0.7140625 0.46875 0.1421875 0.1484375
0 0.4109375 0.88984375 0.1796875 0.215625
0 0.42734375 0.69453125 0.165625 0.1765625
0 0.28671875 0.69375 0.1765625 0.1734375
0 0.9015625 0.8703125 0.178125 0.259375
0 0.25234375 0.8828125 0.2 0.2078125
0 0.840625 0.34140625 0.14375 0.134375
0 0.09453125 0.8875 0.1875 0.209375
0 0.70859375 0.2171875 0.121875 0.115625
0 0.8171875 0.1140625 0.11875 0.1
0 0.72578125 0.634375 0.15 0.178125
0 0.571875 0.70234375 0.15625 0.184375
0 0.22578125 0.26171875 0.14375 0.115625
0 0.58515625 0.38125 0.13125 0.1390625
0 0.5890625 0.2546875 0.128125 0.121875
0 0.578125 0.5375 0.1375 0.15625
0 0.16328125 0.5328125 0.175 0.15625
0 0.87890625 0.65078125 0.1640625 0.175
0 0.82890625 0.22109375 0.13125 0.115625
0 0.70703125 0.121875 0.115625 0.1
0 0.13046875 0.69765625 0.184375 0.1765625
0 0.19921875 0.3828125 0.15625 0.13125
0 0.32734375 0.38125 0.146875 0.13125
0 0.58671875 0.1375 0.11875 0.1109375
0 0.47265625 0.1421875 0.125 0.1078125
0 0.24453125 0.16015625 0.125 0.0984375
0 0.36015625 0.14453125 0.125 0.10625
0 0.45234375 0.37734375 0.140625 0.1375
0 0.3453125 0.2578125 0.1421875 0.11875
0 0.4640625 0.25390625 0.134375 0.11875