0 0.32421875 0.2578125 0.1671875 0.11875
0 0.15546875 0.56875 0.16875 0.096875
0 0.15234375 0.46796875 0.175 0.1
0 0.31796875 0.3734375 0.1671875 0.1046875
0 0.88203125 0.40078125 0.1484375 0.1
0 0.471875 0.3859375 0.15625 0.109375
0 0.14296875 0.36796875 0.1828125 0.10625
0 0.153125 0.66171875 0.1640625 0.090625
0 0.4515625 0.77265625 0.134375 0.0984375
0 0.5734375 0.77265625 0.134375 0.090625
0 0.15625 0.76015625 0.15625 0.096875
0 0.76953125 0.28125 0.15 0.1125
0 0.4671875 0.4875 0.146875 0.1015625
0 0.73671875 0.4890625 0.1453125 0.0984375
0 0.31796875 0.56875 0.15625 0.090625
0 0.6109375 0.38515625 0.146875 0.103125
0 0.31640625 0.659375 0.15 0.0859375
0 0.5875 0.67734375 0.1375 0.09375
0 0.4578125 0.6796875 0.140625 0.09375
0 0.753125 0.39375 0.1484375 0.1015625
0 0.3171875 0.47734375 0.165625 0.096875
0 0.46015625 0.58515625 0.14375 0.096875
0 0.865625 0.49140625 0.14375 0.0953125
0 0.70234375 0.76640625 0.125 0.0875
0 0.3109375 0.75546875 0.15 0.1
0 0.146875 0.2484375 0.184375 0.1125
0 0.6296875 0.27890625 0.15 0.115625
0 0.8328125 0.675 0.1359375 0.0859375
0 0.1640625 0.85703125 0.1515625 0.0953125
0 0.8125 0.759375 0.125 0.084375
0 0.72578125 0.5859375 0.134375 0.0953125
0 0.3078125 0.84921875 0.14375 0.0921875
0 0.9046875 0.29296875 0.146875 0.10625
0 0.68125 0.8484375 0.128125 0.0828125
0 0.43984375 0.8578125 0.13125 0.0828125
0 0.59375 0.584375 0.1375 0.096875
0 0.6015625 0.4875 0.1390625 0.1
0 0.70859375 0.6765625 0.13125 0.090625
0 0.4796875 0.2703125 0.15625 0.115625
0 0.5640625 0.853125 0.1296875 0.078125
0 0.85234375 0.58359375 0.13125 0.090625
0 0.79609375 0.83125 0.1203125 0.08125