0 0.775 0.196875 0.090625 0.1953125
0 0.6734375 0.19140625 0.1 0.2
0 0.5703125 0.19609375 0.103125 0.19375
0 0.46796875 0.19765625 0.1078125 0.190625
0 0.37265625 0.19453125 0.109375 0.1828125
0 0.71328125 0.36640625 0.171875 0.134375
0 0.71953125 0.50703125 0.178125 0.140625
0 0.7296875 0.65859375 0.190625 0.15625
0 0.73828125 0.8296875 0.190625 0.175
0 0.55390625 0.825 0.184375 0.178125
0 0.5515625 0.6546875 0.178125 0.1609375
0 0.55 0.50546875 0.171875 0.14375
0 0.55 0.3640625 0.1640625 0.134375
0 0.38515625 0.35390625 0.16875 0.140625
0 0.38203125 0.496875 0.175 0.15
0 0.37421875 0.65 0.1828125 0.1625
0 0.36953125 0.8203125 0.190625 0.175
0 0.18828125 0.82578125 0.196875 0.1421875
0 0.1953125 0.69296875 0.19375 0.103125
0 0.20625 0.5625 0.1875 0.153125
0 0.21953125 0.409375 0.184375 0.1375
0 0.2359375 0.2765625 0.16875 0.125
0 0.24609375 0.153125 0.1671875 0.125