0 0.4859375 0.134375 0.153125 0.15390625
0 0.52265625 0.56640625 0.15703125 0.15390625
0 0.865625 0.26640625 0.26875 0.1640625
0 0.5265625 0.69296875 0.1578125 0.16484375
0 0.8953125 0.43125 0.203125 0.17265625
0 0.334375 0.2875 0.128125 0.13125
0 0.46875 0.2859375 0.1484375 0.1421875
0 0.88984375 0.5890625 0.215625 0.1796875
0 0.69453125 0.57265625 0.1765625 0.16640625
0 0.69375 0.71328125 0.1734375 0.1765625
0 0.8703125 0.0984375 0.259375 0.178125
0 0.8828125 0.74765625 0.2078125 0.2
0 0.34140625 0.159375 0.134375 0.14296875
0 0.8875 0.90546875 0.20859375 0.1875
0 0.2171875 0.29140625 0.115625 0.12265625
0 0.1140625 0.1828125 0.10078125 0.11796875
0 0.634375 0.27421875 0.17734375 0.15
0 0.70234375 0.428125 0.184375 0.15703125
0 0.26171875 0.77421875 0.115625 0.14296875
0 0.38125 0.41484375 0.1390625 0.13125
0 0.2546875 0.4109375 0.12265625 0.12734375
0 0.5375 0.421875 0.15625 0.13828125
0 0.5328125 0.83671875 0.15625 0.17421875
0 0.65078125 0.12109375 0.17421875 0.1640625
0 0.22109375 0.17109375 0.11484375 0.13046875
0 0.121875 0.29296875 0.10078125 0.115625
0 0.69765625 0.86953125 0.17578125 0.18515625
0 0.3828125 0.80078125 0.13046875 0.15625
0 0.38125 0.67265625 0.13203125 0.14765625
0 0.1375 0.41328125 0.1109375 0.11953125
0 0.1421875 0.52734375 0.1078125 0.125
0 0.16015625 0.75546875 0.0984375 0.125
0 0.14453125 0.63984375 0.10625 0.12421875
0 0.37734375 0.54765625 0.13828125 0.140625
0 0.2578125 0.6546875 0.11875 0.1421875
0 0.25390625 0.5359375 0.11953125 0.13359375