0 0.16953125 0.39453125 0.209375 0.14375
0 0.53203125 0.65 0.18046875 0.140625
0 0.36796875 0.39921875 0.18515625 0.1359375
0 0.33359375 0.6609375 0.21328125 0.14921875
0 0.53046875 0.26328125 0.0953125 0.146875
0 0.30625 0.5203125 0.16015625 0.13125
0 0.5921875 0.521875 0.13046875 0.12890625
0 0.74375 0.51875 0.1625 0.121875
0 0.30625 0.8109375 0.1578125 0.1453125
0 0.3390625 0.24765625 0.10703125 0.15703125
0 0.228125 0.23671875 0.11328125 0.16171875
0 0.1109375 0.2296875 0.11484375 0.16796875
0 0.90234375 0.51484375 0.159375 0.121875
0 0.89921875 0.7515625 0.153125 0.121875
0 0.53828125 0.40078125 0.16328125 0.12734375
0 0.1546875 0.5234375 0.17421875 0.1453125
0 0.628125 0.2671875 0.0859375 0.146875
0 0.4390625 0.253125 0.09921875 0.14765625
0 0.73671875 0.75625 0.1609375 0.13203125
0 0.46328125 0.52421875 0.1390625 0.1265625
0 0.59375 0.77734375 0.13125 0.13046875
0 0.68671875 0.6421875 0.125 0.1265625
0 0.8078125 0.63671875 0.11953125 0.12265625
0 0.68359375 0.3984375 0.12578125 0.1078125
0 0.8015625 0.39453125 0.11015625 0.1140625
0 0.4609375 0.7859375 0.14140625 0.1359375
0 0.71328125 0.284375 0.08203125 0.13359375
0 0.9140625 0.396875 0.1109375 0.1109375
0 0.15703125 0.74921875 0.16640625 0.27734375
0 0.9203125 0.62890625 0.1078125 0.12421875
0 0.15703125 0.8234375 0.16796875 0.14921875
0 0.78828125 0.2765625 0.0765625 0.13125