0 0.675 0.82265625 0.165625 0.109375
0 0.6859375 0.5421875 0.1703125 0.103125
0 0.8765625 0.56640625 0.203125 0.115625
0 0.27734375 0.3984375 0.075 0.078125
0 0.8546875 0.84453125 0.190625 0.1171875
0 0.53203125 0.44140625 0.159375 0.096875
0 0.8734375 0.66171875 0.2 0.1125
0 0.834375 0.221875 0.10625 0.1
0 0.53125 0.62578125 0.1546875 0.1
0 0.73203125 0.22890625 0.1 0.090625
0 0.20625 0.465625 0.075 0.075
0 0.2703125 0.31640625 0.0765625 0.084375
0 0.06875 0.4578125 0.071875 0.075
0 0.821875 0.33515625 0.115625 0.128125
0 0.93828125 0.221875 0.1125 0.1
0 0.3484375 0.34609375 0.08125 0.084375
0 0.6875 0.7328125 0.16875 0.10625
0 0.63671875 0.23203125 0.09375 0.0890625
0 0.378125 0.68828125 0.134375 0.090625
0 0.13046875 0.39375 0.06875 0.075
0 0.71328125 0.34921875 0.1 0.096875
0 0.46484375 0.2390625 0.08125 0.0859375
0 0.6890625 0.6375 0.16875 0.10625
0 0.1421875 0.5984375 0.071875 0.0703125
0 0.5265625 0.5328125 0.1546875 0.096875
0 0.20234375 0.39765625 0.075 0.075
0 0.2 0.31640625 0.071875 0.08125
0 0.4359375 0.35078125 0.0859375 0.084375
0 0.209375 0.2390625 0.13125 0.06875
0 0.2796875 0.4703125 0.071875 0.075
0 0.384375 0.240625 0.0765625 0.08125
0 0.37890625 0.43984375 0.14375 0.096875
0 0.51875 0.70859375 0.15 0.0984375
0 0.37890625 0.609375 0.140625 0.09375
0 0.696875 0.4453125 0.178125 0.10625
0 0.31328125 0.2390625 0.075 0.0765625
0 0.14296875 0.5359375 0.0703125 0.071875
0 0.8765625 0.7578125 0.2 0.115625
0 0.54921875 0.2375 0.084375 0.0859375
0 0.07421875 0.53125 0.0671875 0.071875
0 0.21015625 0.675 0.065625 0.0734375
0 0.21484375 0.746875 0.06875 0.06875
0 0.06953125 0.3859375 0.065625 0.075
0 0.61484375 0.34921875 0.0875 0.09375
0 0.21484375 0.60546875 0.0640625 0.0765625
0 0.275 0.68671875 0.0703125 0.075
0 0.278125 0.61171875 0.06875 0.0734375
0 0.06171875 0.31484375 0.06875 0.078125
0 0.37421875 0.52578125 0.134375 0.0921875
0 0.21015625 0.53984375 0.065625 0.071875
0 0.0875 0.6984375 0.06875 0.1296875
0 0.125 0.3171875 0.065625 0.078125
0 0.075 0.59921875 0.0671875 0.0703125
0 0.14296875 0.66953125 0.065625 0.06875
0 0.9328125 0.3203125 0.1125 0.1
0 0.8921875 0.4546875 0.209375 0.115625
0 0.1375 0.46328125 0.0765625 0.075
0 0.5296875 0.35234375 0.0984375 0.0875
0 0.11640625 0.2421875 0.059375 0.065625
0 0.515625 0.790625 0.1453125 0.096875
0 0.27421875 0.546875 0.071875 0.071875
0 0.146875 0.74140625 0.0625 0.0671875
0 0.27265625 0.75546875 0.05625 0.06875