0 0.628125 0.7421875 0.075 0.0734375
0 0.55078125 0.7421875 0.078125 0.078125
0 0.74375 0.428125 0.0875 0.0859375
0 0.66953125 0.33359375 0.0875 0.090625
0 0.46953125 0.81953125 0.075 0.0765625
0 0.68984375 0.1421875 0.090625 0.1046875
0 0.77890625 0.14140625 0.090625 0.1
0 0.34140625 0.2953125 0.084375 0.09375
0 0.571875 0.4984375 0.078125 0.08125
0 0.6375 0.6640625 0.08125 0.0796875
0 0.596875 0.228125 0.0890625 0.096875
0 0.69765625 0.746875 0.075 0.0734375
0 0.60703125 0.88671875 0.078125 0.078125
0 0.4375 0.10859375 0.090625 0.1078125
0 0.47421875 0.7421875 0.075 0.08125
0 0.33671875 0.47265625 0.0828125 0.08125
0 0.40078125 0.80546875 0.0734375 0.071875
0 0.68046875 0.24296875 0.090625 0.09375
0 0.6734375 0.965625 0.0734375 0.06875
0 0.51796875 0.2171875 0.0875 0.1
0 0.60546875 0.128125 0.090625 0.103125
0 0.55859375 0.66328125 0.08125 0.078125
0 0.5640625 0.58125 0.078125 0.084375
0 0.54453125 0.81796875 0.075 0.0765625
0 0.73359375 0.5109375 0.0859375 0.08125
0 0.68203125 0.88984375 0.078125 0.0734375
0 0.62109375 0.8125 0.075 0.0734375
0 0.75703125 0.3359375 0.090625 0.090625
0 0.528125 0.11796875 0.0890625 0.109375
0 0.5140625 0.3125 0.0875 0.0921875
0 0.33515625 0.55546875 0.08125 0.08125
0 0.32421875 0.790625 0.075 0.0734375
0 0.5390625 0.89609375 0.0734375 0.0734375
0 0.34140625 0.38828125 0.084375 0.0890625
0 0.43515625 0.20625 0.0890625 0.1
0 0.72265625 0.5875 0.078125 0.0796875
0 0.3515625 0.0953125 0.0875 0.1109375
0 0.4015625 0.73125 0.078125 0.078125
0 0.5875 0.325 0.0875 0.09375
0 0.428125 0.3046875 0.084375 0.09375
0 0.64453125 0.584375 0.0796875 0.08125
0 0.75546875 0.89609375 0.075 0.06875
0 0.33125 0.6375 0.078125 0.078125
0 0.69140625 0.82109375 0.075 0.0765625
0 0.346875 0.1953125 0.0875 0.1015625
0 0.3265625 0.71796875 0.075 0.075
0 0.6515625 0.5078125 0.08125 0.08125
0 0.93515625 0.2515625 0.09375 0.096875
0 0.50625 0.40625 0.08125 0.090625
0 0.79453125 0.5953125 0.08125 0.0796875
0 0.77421875 0.75546875 0.075 0.075
0 0.49921875 0.49609375 0.078125 0.0875
0 0.7671875 0.2390625 0.090625 0.096875
0 0.74765625 0.96875 0.0734375 0.0625
0 0.8078125 0.5171875 0.084375 0.0828125
0 0.6609375 0.425 0.0875 0.0859375
0 0.58203125 0.41640625 0.0859375 0.0875
0 0.59921875 0.96484375 0.075 0.06875
0 0.82734375 0.43203125 0.084375 0.084375
0 0.4046875 0.65 0.08125 0.078125
0 0.46484375 0.89140625 0.071875 0.0734375
0 0.39609375 0.88671875 0.071875 0.075
0 0.49375 0.5765625 0.078125 0.084375
0 0.91484375 0.35 0.090625 0.0921875
0 0.41875 0.48671875 0.08125 0.084375
0 0.4234375 0.3984375 0.08125 0.090625
0 0.70859375 0.6671875 0.08125 0.08125
0 0.86796875 0.13828125 0.0921875 0.1015625
0 0.32109375 0.87265625 0.0734375 0.06875
0 0.8421875 0.34140625 0.0890625 0.0890625
0 0.534375 0.96796875 0.075 0.0625
0 0.4140625 0.571875 0.0796875 0.08125
0 0.88828125 0.525 0.0875 0.0828125
0 0.48125 0.659375 0.0796875 0.0828125
0 0.78828125 0.678125 0.08125 0.078125
0 0.46171875 0.96328125 0.071875 0.0625
0 0.8546875 0.24609375 0.0921875 0.096875
0 0.76640625 0.83046875 0.0765625 0.0671875
0 0.83125 0.9015625 0.075 0.065625
0 0.9015625 0.43671875 0.0875 0.0859375
0 0.3203125 0.9515625 0.0734375 0.0625
0 0.87734375 0.60078125 0.0859375 0.08125
0 0.953125 0.14921875 0.090625 0.10625
0 0.85546875 0.76015625 0.078125 0.071875
0 0.84296875 0.83046875 0.075 0.0734375
0 0.86796875 0.68515625 0.08125 0.08125
0 0.81484375 0.975 0.0734375 0.05
0 0.38828125 0.959375 0.0703125 0.0640625