0 0.28828125 0.834375 0.1609375 0.0796875
0 0.21484375 0.7453125 0.0796875 0.09375
0 0.31328125 0.7453125 0.096875 0.0890625
0 0.43515625 0.7828125 0.115625 0.165625
0 0.54296875 0.7796875 0.1 0.1625
0 0.66328125 0.8375 0.134375 0.084375
0 0.665625 0.74609375 0.13125 0.090625
0 0.78984375 0.8546875 0.134375 0.071875
0 0.80078125 0.765625 0.1359375 0.090625
0 0.23671875 0.6453125 0.0796875 0.0953125
0 0.33515625 0.646875 0.1 0.1046875
0 0.43828125 0.65078125 0.0875 0.0984375
0 0.546875 0.64765625 0.121875 0.0953125
0 0.67109375 0.65 0.125 0.0953125
0 0.8015625 0.6671875 0.140625 0.090625
0 0.25703125 0.56953125 0.140625 0.0609375
0 0.3953125 0.54765625 0.1265625 0.09375
0 0.5265625 0.5453125 0.1359375 0.1
0 0.66484375 0.5515625 0.14375 0.0875
0 0.80703125 0.56796875 0.15 0.09375
0 0.24140625 0.496875 0.153125 0.090625
0 0.22265625 0.4109375 0.16875 0.0875
0 0.21640625 0.31875 0.1625 0.0953125
0 0.20625 0.215625 0.1625 0.11875
0 0.38359375 0.4453125 0.134375 0.103125
0 0.5234375 0.44296875 0.1375 0.1
0 0.66875 0.45234375 0.1515625 0.103125
0 0.81875 0.45625 0.1625 0.109375
0 0.3796875 0.33515625 0.134375 0.109375
0 0.52421875 0.3328125 0.1484375 0.1109375
0 0.67109375 0.33984375 0.153125 0.115625
0 0.82265625 0.3359375 0.165625 0.11875
0 0.36875 0.21953125 0.140625 0.121875
0 0.51875 0.21484375 0.146875 0.1234375
0 0.67265625 0.209375 0.153125 0.13125
0 0.8328125 0.20234375 0.16875 0.1390625