0 0.625 0.1703125 0.221875 0.1765625
0 0.64296875 0.3328125 0.209375 0.1546875
0 0.653125 0.46796875 0.196875 0.1265625
0 0.67265625 0.59140625 0.18125 0.1125
0 0.68671875 0.70859375 0.18125 0.103125
0 0.70234375 0.815625 0.159375 0.0796875
0 0.7125 0.909375 0.15625 0.0671875
0 0.4078125 0.19453125 0.2125 0.159375
0 0.43203125 0.346875 0.171875 0.1453125
0 0.4578125 0.46953125 0.16875 0.115625
0 0.4921875 0.58671875 0.14375 0.109375
0 0.51484375 0.6953125 0.159375 0.1
0 0.53984375 0.79609375 0.1390625 0.08125
0 0.55546875 0.89296875 0.1375 0.0734375
0 0.21484375 0.23046875 0.196875 0.165625
0 0.24765625 0.39140625 0.1640625 0.14375
0 0.2640625 0.5296875 0.153125 0.121875
0 0.3375 0.6515625 0.1390625 0.1265625
0 0.3734375 0.76875 0.13125 0.10625
0 0.40078125 0.8765625 0.128125 0.0875