0 0.209375 0.1921875 0.0453125 0.05078125
0 0.2578125 0.190625 0.046875 0.05625
0 0.30625 0.1890625 0.04921875 0.053125
0 0.35703125 0.1859375 0.0546875 0.06015625
0 0.4109375 0.1875 0.05390625 0.0625
0 0.45625 0.2 0.0359375 0.0984375
0 0.490625 0.19921875 0.03359375 0.10234375
0 0.5296875 0.19921875 0.03515625 0.09765625
0 0.56640625 0.19765625 0.0359375 0.1015625
0 0.603125 0.19765625 0.03671875 0.1
0 0.6421875 0.2 0.03828125 0.109375
0 0.684375 0.20078125 0.0390625 0.1078125
0 0.725 0.21171875 0.0421875 0.10703125
0 0.7859375 0.1609375 0.07265625 0.0734375
0 0.7890625 0.23046875 0.0703125 0.06640625
0 0.8 0.3234375 0.04140625 0.1078125
0 0.75546875 0.31796875 0.04375 0.1109375
0 0.71328125 0.32109375 0.0421875 0.11484375
0 0.6703125 0.30546875 0.04296875 0.109375
0 0.6296875 0.30390625 0.0421875 0.10703125
0 0.58984375 0.30078125 0.0375 0.10234375
0 0.553125 0.29921875 0.03828125 0.10234375
0 0.515625 0.2984375 0.03828125 0.0984375
0 0.478125 0.3 0.0359375 0.1015625
0 0.4421875 0.2984375 0.03359375 0.0984375
0 0.409375 0.26640625 0.03359375 0.0984375
0 0.375 0.26640625 0.0359375 0.1015625
0 0.34140625 0.26796875 0.0328125 0.09609375
0 0.309375 0.265625 0.034375 0.10234375
0 0.278125 0.26328125 0.0328125 0.09453125
0 0.24609375 0.265625 0.03125 0.09765625
0 0.2171875 0.26484375 0.03125 0.09453125
0 0.1859375 0.265625 0.03046875 0.09296875
0 0.1859375 0.35625 0.03125 0.09296875
0 0.21484375 0.35703125 0.0359375 0.09765625
0 0.2453125 0.3578125 0.0328125 0.09765625
0 0.2765625 0.36015625 0.03203125 0.0984375
0 0.30859375 0.36171875 0.034375 0.0984375
0 0.340625 0.36328125 0.03359375 0.1
0 0.37421875 0.36328125 0.034375 0.09453125
0 0.4078125 0.36171875 0.03515625 0.1
0 0.4421875 0.39765625 0.03359375 0.09609375
0 0.4765625 0.39921875 0.03671875 0.09765625
0 0.5125 0.3984375 0.03671875 0.1015625
0 0.5484375 0.40078125 0.03671875 0.10546875
0 0.5875 0.40234375 0.03984375 0.10703125
0 0.62734375 0.40859375 0.0390625 0.1078125
0 0.665625 0.4109375 0.0390625 0.10390625
0 0.70859375 0.43125 0.040625 0.1078125
0 0.7515625 0.4296875 0.04453125 0.1109375
0 0.7953125 0.43125 0.04375 0.11328125
0 0.79375 0.540625 0.04453125 0.1109375
0 0.7484375 0.5375 0.0421875 0.1171875
0 0.7046875 0.5359375 0.04296875 0.10703125
0 0.66484375 0.515625 0.040625 0.109375
0 0.625 0.5125 0.04453125 0.1078125
0 0.5859375 0.50546875 0.0359375 0.1015625
0 0.546875 0.50234375 0.0359375 0.1015625
0 0.5109375 0.49921875 0.0359375 0.1
0 0.475 0.49765625 0.0375 0.1
0 0.4390625 0.4921875 0.03515625 0.09609375
0 0.40625 0.459375 0.03515625 0.09765625
0 0.371875 0.459375 0.03203125 0.0890625
0 0.33984375 0.45859375 0.0328125 0.09296875
0 0.3078125 0.4546875 0.0328125 0.09296875
0 0.2765625 0.453125 0.03125 0.09296875
0 0.2453125 0.45234375 0.03203125 0.090625
0 0.215625 0.4484375 0.0296875 0.0890625
0 0.184375 0.4453125 0.03203125 0.090625
0 0.18515625 0.534375 0.03125 0.090625
0 0.215625 0.5375 0.03046875 0.09296875
0 0.2453125 0.54296875 0.03203125 0.09453125
0 0.2765625 0.5453125 0.03046875 0.09296875
0 0.30625 0.54765625 0.03515625 0.0984375
0 0.3390625 0.55 0.0328125 0.09765625
0 0.371875 0.55234375 0.034375 0.0984375
0 0.4046875 0.55625 0.03203125 0.0984375
0 0.43984375 0.58671875 0.0359375 0.0984375
0 0.4734375 0.59375 0.0328125 0.10234375
0 0.5078125 0.596875 0.0375 0.1078125
0 0.54609375 0.6015625 0.040625 0.09609375
0 0.58359375 0.6078125 0.0359375 0.10703125
0 0.6390625 0.6015625 0.0671875 0.06953125
0 0.6390625 0.66875 0.06640625 0.07578125
0 0.6359375 0.7296875 0.06796875 0.075
0 0.7421875 0.69296875 0.14140625 0.2015625
0 0.7390625 0.88046875 0.1390625 0.21171875
0 0.6046875 0.85546875 0.12421875 0.2015625
0 0.4765625 0.83203125 0.1140625 0.20546875
0 0.37265625 0.796875 0.0859375 0.20703125
0 0.2828125 0.78203125 0.08203125 0.20390625
0 0.2015625 0.76640625 0.0796875 0.20546875
0 0.18359375 0.62265625 0.03125 0.0984375
0 0.2140625 0.625 0.028125 0.090625
0 0.2421875 0.6375 0.02734375 0.090625
0 0.271875 0.63828125 0.03046875 0.08828125
0 0.30390625 0.64296875 0.028125 0.08828125
0 0.3375 0.6453125 0.0296875 0.09296875
0 0.3703125 0.65 0.03046875 0.1
0 0.4015625 0.6484375 0.03046875 0.09453125
0 0.440625 0.68515625 0.02890625 0.09609375
0 0.475 0.6953125 0.03359375 0.09765625
0 0.51171875 0.6984375 0.0359375 0.09609375
0 0.546875 0.70390625 0.03671875 0.1015625