0 0.3390625 0.4953125 0.084375 0.1125
0 0.42109375 0.490625 0.078125 0.1140625
0 0.35234375 0.8359375 0.071875 0.0984375
0 0.428125 0.83125 0.0734375 0.103125
0 0.32578125 0.10859375 0.09375 0.140625
0 0.65859375 0.38359375 0.084375 0.11875
0 0.42265625 0.6109375 0.0765625 0.115625
0 0.80234375 0.25546875 0.1234375 0.14375
0 0.7359375 0.50546875 0.084375 0.1171875
0 0.91171875 0.321875 0.121875 0.184375
0 0.34296875 0.61953125 0.08125 0.1125
0 0.42578125 0.725 0.075 0.1109375
0 0.50546875 0.83046875 0.0734375 0.109375
0 0.5734375 0.38359375 0.08125 0.11875
0 0.7390625 0.39140625 0.08125 0.121875
0 0.50390625 0.71953125 0.075 0.1078125
0 0.809375 0.5078125 0.078125 0.115625
0 0.57421875 0.71796875 0.0765625 0.115625
0 0.73046875 0.6171875 0.0828125 0.109375
0 0.50234375 0.60703125 0.0765625 0.1109375
0 0.80078125 0.6171875 0.08125 0.1125
0 0.509375 0.10703125 0.0875 0.14375
0 0.65078125 0.82734375 0.075 0.103125
0 0.72890625 0.72421875 0.075 0.1078125
0 0.7953125 0.725 0.071875 0.103125
0 0.34921875 0.73203125 0.075 0.103125
0 0.65078125 0.61171875 0.078125 0.1078125
0 0.57265625 0.60625 0.075 0.1078125
0 0.72578125 0.82578125 0.0734375 0.103125
0 0.9015625 0.4796875 0.1125 0.140625
0 0.65390625 0.4953125 0.08125 0.1140625
0 0.5734375 0.825 0.075 0.103125
0 0.359375 0.93515625 0.071875 0.09375
0 0.50625 0.93515625 0.0734375 0.103125
0 0.43515625 0.9421875 0.071875 0.1
0 0.4171875 0.38046875 0.08125 0.11875
0 0.62890625 0.259375 0.084375 0.128125
0 0.5734375 0.9234375 0.071875 0.09375
0 0.65234375 0.72265625 0.0765625 0.1125
0 0.6953125 0.11015625 0.125 0.1546875
0 0.57265625 0.49921875 0.078125 0.1140625
0 0.871875 0.865625 0.096875 0.115625
0 0.64765625 0.92421875 0.071875 0.1
0 0.81796875 0.11015625 0.1265625 0.153125
0 0.9265625 0.12890625 0.1359375 0.1984375
0 0.42109375 0.11015625 0.0875 0.140625
0 0.8125 0.38671875 0.0828125 0.1203125
0 0.72109375 0.9265625 0.071875 0.1
0 0.88125 0.74140625 0.1015625 0.1234375
0 0.5 0.3765625 0.078125 0.1171875
0 0.7875 0.91796875 0.071875 0.0953125
0 0.70625 0.25390625 0.0875 0.128125
0 0.7921875 0.8265625 0.071875 0.103125
0 0.8890625 0.6234375 0.109375 0.134375
0 0.3328125 0.37578125 0.0859375 0.11875
0 0.3390625 0.25625 0.1671875 0.1328125
0 0.58828125 0.1046875 0.084375 0.1453125
0 0.5015625 0.496875 0.0765625 0.1125
0 0.5453125 0.25625 0.084375 0.1296875