0 0.85234375 0.1703125 0.1015625 0.034375
0 0.853125 0.20703125 0.10625 0.0328125
0 0.84921875 0.24375 0.10625 0.0328125
0 0.853125 0.28125 0.10625 0.034375
0 0.85625 0.31796875 0.109375 0.0375
0 0.859375 0.3578125 0.10625 0.034375
0 0.859375 0.396875 0.10625 0.0328125
0 0.8765625 0.44375 0.075 0.053125
0 0.87890625 0.496875 0.075 0.053125
0 0.890625 0.5484375 0.08125 0.053125
0 0.89921875 0.6046875 0.078125 0.05625
0 0.90546875 0.6703125 0.084375 0.05625
0 0.90859375 0.728125 0.08125 0.05625
0 0.91015625 0.78515625 0.084375 0.059375
0 0.81796875 0.846875 0.115625 0.040625
0 0.81171875 0.8046875 0.115625 0.0375
0 0.80859375 0.7640625 0.1140625 0.0453125
0 0.80546875 0.7203125 0.11875 0.040625
0 0.80546875 0.67890625 0.1140625 0.040625
0 0.80546875 0.63671875 0.1140625 0.0390625
0 0.803125 0.59375 0.109375 0.040625
0 0.79296875 0.55234375 0.109375 0.0421875
0 0.78671875 0.5109375 0.10625 0.0375
0 0.7796875 0.471875 0.1125 0.0375
0 0.778125 0.43203125 0.109375 0.0359375
0 0.746875 0.38984375 0.109375 0.0359375
0 0.746875 0.3515625 0.103125 0.040625
0 0.746875 0.3109375 0.1015625 0.0375
0 0.74453125 0.2734375 0.103125 0.0375
0 0.74375 0.23671875 0.1015625 0.0359375
0 0.746875 0.1984375 0.103125 0.0375
0 0.74609375 0.1609375 0.10625 0.034375
0 0.6375 0.15625 0.10625 0.0375
0 0.63828125 0.19375 0.109375 0.034375
0 0.63671875 0.2328125 0.109375 0.034375
0 0.63828125 0.26875 0.1125 0.0390625
0 0.6375 0.309375 0.1109375 0.040625
0 0.640625 0.35 0.1109375 0.040625
0 0.63515625 0.38828125 0.1125 0.0375
0 0.6671875 0.428125 0.115625 0.040625
0 0.66796875 0.46875 0.1109375 0.040625
0 0.67421875 0.509375 0.10625 0.040625
0 0.678125 0.55078125 0.115625 0.0375
0 0.6828125 0.590625 0.11875 0.04375
0 0.68828125 0.6359375 0.115625 0.04375
0 0.68984375 0.6765625 0.11875 0.0453125
0 0.6921875 0.71953125 0.121875 0.04375
0 0.69375 0.7640625 0.121875 0.046875
0 0.696875 0.8078125 0.115625 0.04375
0 0.70078125 0.85078125 0.11875 0.05
0 0.58203125 0.85390625 0.11875 0.0484375
0 0.58046875 0.8109375 0.115625 0.046875
0 0.578125 0.765625 0.1140625 0.04375
0 0.575 0.721875 0.1140625 0.046875
0 0.57578125 0.6765625 0.1125 0.046875
0 0.57109375 0.6359375 0.1109375 0.04375
0 0.5703125 0.59296875 0.109375 0.0453125
0 0.5640625 0.55 0.115625 0.04375
0 0.56171875 0.5109375 0.109375 0.040625
0 0.55625 0.46953125 0.103125 0.0453125
0 0.5578125 0.428125 0.10625 0.0375
0 0.5296875 0.3859375 0.115625 0.0375
0 0.528125 0.3484375 0.1109375 0.040625
0 0.528125 0.30625 0.109375 0.040625
0 0.5265625 0.26640625 0.103125 0.040625
0 0.52734375 0.228125 0.10625 0.040625
0 0.528125 0.190625 0.10625 0.0390625
0 0.5296875 0.1515625 0.10625 0.034375
0 0.41875 0.15 0.1125 0.034375
0 0.4171875 0.190625 0.1125 0.040625
0 0.41796875 0.2265625 0.1140625 0.040625
0 0.4171875 0.26640625 0.115625 0.0375
0 0.415625 0.30546875 0.11875 0.0390625
0 0.4125 0.3453125 0.115625 0.040625
0 0.41796875 0.384375 0.11875 0.040625
0 0.4671875 0.4390625 0.071875 0.0640625
0 0.46953125 0.503125 0.06875 0.065625
0 0.47421875 0.571875 0.06875 0.06875
0 0.478125 0.6421875 0.06875 0.06875
0 0.48046875 0.7109375 0.071875 0.065625
0 0.46015625 0.76796875 0.11875 0.046875
0 0.46328125 0.8125 0.11875 0.05
0 0.465625 0.8609375 0.121875 0.05
0 0.346875 0.8625 0.11875 0.046875
0 0.34140625 0.8125 0.121875 0.046875
0 0.34296875 0.76875 0.125 0.046875
0 0.38203125 0.725 0.121875 0.04375
0 0.384375 0.6796875 0.11875 0.05
0 0.3828125 0.634375 0.11875 0.046875
0 0.38359375 0.5921875 0.115625 0.040625
0 0.38046875 0.54921875 0.115625 0.0453125
0 0.378125 0.5078125 0.11875 0.04375
0 0.375 0.4671875 0.10625 0.04375
0 0.37734375 0.428125 0.1125 0.040625
0 0.309375 0.14765625 0.11875 0.0390625
0 0.30546875 0.1875 0.1140625 0.0421875
0 0.3046875 0.225 0.115625 0.0359375
0 0.3015625 0.2625 0.1140625 0.040625
0 0.29765625 0.303125 0.115625 0.0375
0 0.2984375 0.34375 0.1109375 0.040625
0 0.2984375 0.384375 0.115625 0.0375
0 0.26171875 0.4265625 0.121875 0.040625
0 0.2625 0.46875 0.11875 0.04375
0 0.2609375 0.5078125 0.115625 0.040625
0 0.2640625 0.5515625 0.11875 0.0421875
0 0.26484375 0.59375 0.1234375 0.040625
0 0.2640625 0.6359375 0.11875 0.04375
0 0.26171875 0.6796875 0.121875 0.046875
0 0.26015625 0.721875 0.128125 0.04375
0 0.22265625 0.7703125 0.1265625 0.05
0 0.21875 0.8171875 0.128125 0.04375
0 0.221875 0.8609375 0.121875 0.04375
0 0.096875 0.86171875 0.134375 0.0484375
0 0.09765625 0.81328125 0.121875 0.0453125
0 0.09375 0.7671875 0.1234375 0.0453125
0 0.13671875 0.72265625 0.121875 0.0453125
0 0.140625 0.678125 0.134375 0.046875
0 0.1421875 0.6328125 0.1265625 0.0453125
0 0.14296875 0.58828125 0.125 0.04375
0 0.140625 0.5453125 0.1234375 0.040625
0 0.1390625 0.503125 0.128125 0.040625
0 0.1359375 0.4625 0.125 0.040625
0 0.140625 0.421875 0.1234375 0.04375
0 0.18359375 0.38125 0.115625 0.040625
0 0.184375 0.3390625 0.1109375 0.040625
0 0.06875 0.3390625 0.121875 0.04375
0 0.18828125 0.30078125 0.11875 0.040625
0 0.190625 0.2609375 0.1125 0.040625
0 0.19140625 0.225 0.109375 0.040625
0 0.190625 0.184375 0.10625 0.04375
0 0.190625 0.146875 0.115625 0.04375
0 0.07734375 0.1421875 0.11875 0.04375
0 0.078125 0.18125 0.13125 0.034375
0 0.0796875 0.21875 0.1265625 0.040625
0 0.07578125 0.2578125 0.128125 0.040625
0 0.0671875 0.296875 0.121875 0.04375
0 0.04375 0.421875 0.084375 0.1125
0 0.03984375 0.5421875 0.0734375 0.1234375
0 0.040625 0.6703125 0.0765625 0.134375