0 0.1421875 0.26484375 0.096875 0.2125
0 0.225 0.27734375 0.0953125 0.2234375
0 0.3140625 0.2890625 0.1 0.23125
0 0.42109375 0.30625 0.103125 0.23125
0 0.5328125 0.32421875 0.10625 0.24375
0 0.6625 0.27578125 0.134375 0.23125
0 0.821875 0.303125 0.165625 0.240625
0 0.16953125 0.45859375 0.11875 0.20625
0 0.2859375 0.48515625 0.125 0.215625
0 0.403125 0.49765625 0.115625 0.190625
0 0.515625 0.521875 0.1125 0.209375
0 0.6484375 0.5140625 0.128125 0.271875
0 0.7921875 0.54296875 0.1671875 0.2859375
0 0.1828125 0.6328125 0.115625 0.2015625
0 0.29375 0.66171875 0.121875 0.209375
0 0.4046875 0.68125 0.1078125 0.2375
0 0.5140625 0.7140625 0.109375 0.246875
0 0.634375 0.75546875 0.1234375 0.265625
0 0.76953125 0.784375 0.140625 0.2609375