0 0.4765625 0.41171875 0.14296875 0.15234375
0 0.4859375 0.74609375 0.13359375 0.1109375
0 0.8375 0.43125 0.22890625 0.1234375
0 0.33671875 0.41328125 0.1265625 0.14609375
0 0.48203125 0.8484375 0.1734375 0.11640625
0 0.40078125 0.63828125 0.13125 0.10703125
0 0.36015625 0.7359375 0.1234375 0.10234375
0 0.4703125 0.5359375 0.18125 0.10546875
0 0.63984375 0.51171875 0.15078125 0.153125
0 0.3046875 0.534375 0.1609375 0.1015625
0 0.2859375 0.6328125 0.11875 0.1046875
0 0.634375 0.8640625 0.14375 0.12421875
0 0.8296875 0.8890625 0.21796875 0.140625
0 0.628125 0.753125 0.1453125 0.12109375
0 0.1484375 0.5359375 0.1484375 0.09609375
0 0.16875 0.4234375 0.2203125 0.13984375
0 0.13984375 0.7203125 0.1046875 0.09765625
0 0.11640625 0.309375 0.146875 0.11015625
0 0.63359375 0.36484375 0.1515625 0.16484375
0 0.8140625 0.6609375 0.215625 0.1296875
0 0.83515625 0.2953125 0.2296875 0.13984375
0 0.24375 0.7296875 0.11328125 0.1015625
0 0.82578125 0.7671875 0.21953125 0.13671875
0 0.4515625 0.27265625 0.18203125 0.125
0 0.16015625 0.63046875 0.1421875 0.096875
0 0.825 0.54609375 0.2296875 0.121875
0 0.26953125 0.2921875 0.15703125 0.1125
0 0.17890625 0.81328125 0.13984375 0.09453125
0 0.32421875 0.8328125 0.15390625 0.1078125
0 0.5953125 0.646875 0.20234375 0.11015625