0 0.459375 0.73828125 0.171875 0.103125
0 0.4546875 0.63828125 0.16875 0.09375
0 0.4546875 0.546875 0.165625 0.090625
0 0.4484375 0.4578125 0.15625 0.084375
0 0.44609375 0.37421875 0.153125 0.075
0 0.44453125 0.29453125 0.159375 0.071875
0 0.44140625 0.21875 0.15625 0.065625
0 0.625 0.73203125 0.1609375 0.1
0 0.62109375 0.6359375 0.15625 0.090625
0 0.6125 0.54609375 0.153125 0.0875
0 0.6046875 0.4578125 0.146875 0.084375
0 0.603125 0.37421875 0.14375 0.0734375
0 0.60078125 0.2984375 0.146875 0.071875
0 0.59375 0.22421875 0.146875 0.071875
0 0.7984375 0.7296875 0.165625 0.0984375
0 0.7890625 0.6328125 0.15625 0.09375
0 0.78515625 0.54375 0.15625 0.0875
0 0.76640625 0.45390625 0.146875 0.0875
0 0.7625 0.3703125 0.15 0.0734375
0 0.75859375 0.296875 0.140625 0.071875
0 0.75234375 0.2234375 0.146875 0.065625