0 0.43046875 0.50703125 0.10859375 0.10546875
0 0.53671875 0.5078125 0.109375 0.109375
0 0.646875 0.50859375 0.11484375 0.11171875
0 0.5484375 0.38515625 0.10703125 0.13671875
0 0.6453125 0.38046875 0.08359375 0.1546875
0 0.33515625 0.36171875 0.103125 0.10625
0 0.440625 0.390625 0.103125 0.13515625
0 0.365625 0.5921875 0.05 0.07734375
0 0.3328125 0.4890625 0.0765625 0.140625
0 0.23515625 0.57578125 0.10078125 0.10390625
0 0.465625 0.59453125 0.04921875 0.0765625
0 0.41953125 0.59296875 0.04921875 0.078125
0 0.5203125 0.5953125 0.05078125 0.0765625
0 0.4203125 0.67109375 0.04765625 0.071875
0 0.465625 0.6734375 0.05 0.07421875
0 0.3203125 0.66875 0.05 0.07109375
0 0.2375 0.46796875 0.1015625 0.125
0 0.51953125 0.675 0.04921875 0.0734375
0 0.31796875 0.58984375 0.053125 0.07734375
0 0.56796875 0.59609375 0.05078125 0.07734375
0 0.51796875 0.7515625 0.04765625 0.0734375
0 0.26875 0.74296875 0.04765625 0.07265625
0 0.6734375 0.59765625 0.0546875 0.07734375
0 0.23046875 0.33984375 0.10234375 0.128125
0 0.3671875 0.74609375 0.05078125 0.065625
0 0.6703125 0.6796875 0.053125 0.07734375
0 0.615625 0.5984375 0.0515625 0.0796875
0 0.6140625 0.678125 0.05078125 0.07421875
0 0.56640625 0.67578125 0.0515625 0.075
0 0.3671875 0.67109375 0.05 0.07109375
0 0.321875 0.7453125 0.05 0.07109375
0 0.46484375 0.82734375 0.05 0.06953125
0 0.5640625 0.7546875 0.053125 0.07578125
0 0.2671875 0.66640625 0.0484375 0.071875
0 0.46484375 0.75 0.05 0.07109375
0 0.5171875 0.82890625 0.05 0.07265625
0 0.609375 0.83359375 0.04921875 0.0734375
0 0.6125 0.75625 0.0515625 0.07578125
0 0.56328125 0.82734375 0.05 0.07265625
0 0.4203125 0.74765625 0.0484375 0.06875
0 0.3234375 0.8125 0.0484375 0.07109375
0 0.36796875 0.81328125 0.0484375 0.0734375
0 0.41953125 0.825 0.04921875 0.0703125
0 0.22265625 0.66484375 0.04765625 0.07109375
0 0.66328125 0.83203125 0.04921875 0.084375
0 0.27109375 0.80859375 0.0484375 0.071875
0 0.2296875 0.80546875 0.04296875 0.07265625
0 0.22578125 0.73984375 0.0453125 0.07421875
0 0.66640625 0.75625 0.05859375 0.084375