0 0.65078125 0.821875 0.065625 0.14375
0 0.534375 0.55078125 0.065625 0.15625
0 0.665625 0.109375 0.1578125 0.1078125
0 0.40390625 0.434375 0.065625 0.15
0 0.65390625 0.22265625 0.15625 0.1046875
0 0.4078125 0.57265625 0.0625 0.13125
0 0.4859375 0.19140625 0.096875 0.209375
0 0.63828125 0.42421875 0.1421875 0.090625
0 0.46484375 0.54609375 0.0671875 0.1546875
0 0.40234375 0.27265625 0.071875 0.165625
0 0.6578125 0.6765625 0.06875 0.153125
0 0.465625 0.38515625 0.071875 0.1671875
0 0.6453125 0.32578125 0.15 0.0984375
0 0.58984375 0.671875 0.06875 0.15625
0 0.63671875 0.53359375 0.140625 0.128125
0 0.53671875 0.38046875 0.071875 0.171875
0 0.12734375 0.121875 0.1234375 0.109375
0 0.5484375 0.18828125 0.08125 0.215625
0 0.584375 0.81953125 0.0625 0.1375
0 0.46484375 0.6890625 0.0671875 0.1375
0 0.3796875 0.1234375 0.125 0.1109375
0 0.53046875 0.69296875 0.065625 0.1375
0 0.40859375 0.6984375 0.0625 0.125
0 0.53046875 0.82265625 0.0625 0.128125
0 0.74296875 0.48125 0.0859375 0.178125
0 0.25078125 0.121875 0.11875 0.1109375
0 0.465625 0.8265625 0.059375 0.125
0 0.7109375 0.809375 0.071875 0.1421875
0 0.3390625 0.56953125 0.06875 0.13125
0 0.72421875 0.65234375 0.0765625 0.15625
0 0.765625 0.296875 0.1015625 0.196875
0 0.34375 0.69453125 0.0625 0.1234375
0 0.33515625 0.4296875 0.0640625 0.146875
0 0.11796875 0.2578125 0.075 0.165625
0 0.265625 0.56328125 0.08125 0.134375
0 0.3296875 0.2703125 0.075 0.16875
0 0.40703125 0.8203125 0.0640625 0.1265625
0 0.35 0.81796875 0.0609375 0.125
0 0.2953125 0.81328125 0.0625 0.1265625
0 0.2828125 0.6921875 0.05625 0.1375
0 0.26875 0.421875 0.06875 0.1421875
0 0.2609375 0.26796875 0.065625 0.165625
0 0.19375 0.26015625 0.0703125 0.165625
0 0.20546875 0.41953125 0.06875 0.146875
0 0.21875 0.55546875 0.071875 0.13125
0 0.228125 0.6859375 0.0703125 0.13125
0 0.23203125 0.80625 0.05625 0.11875
0 0.1421875 0.4125 0.075 0.14375
0 0.1546875 0.5515625 0.075 0.13125
0 0.165625 0.6765625 0.06875 0.1203125
0 0.1734375 0.7984375 0.06875 0.1171875