0 0.37421875 0.31484375 0.1734375 0.10859375
0 0.36953125 0.51328125 0.17734375 0.0984375
0 0.37109375 0.4171875 0.17734375 0.0984375
0 0.36875 0.60078125 0.175 0.10078125
0 0.53046875 0.3328125 0.14375 0.09453125
0 0.67109375 0.58359375 0.12890625 0.08671875
0 0.790625 0.578125 0.115625 0.078125
0 0.53203125 0.4234375 0.1484375 0.08984375
0 0.18359375 0.50703125 0.21015625 0.11015625
0 0.53515625 0.5125 0.15234375 0.0890625
0 0.18359375 0.41171875 0.209375 0.1109375
0 0.5359375 0.59296875 0.15 0.09296875
0 0.790625 0.5078125 0.11875 0.07734375
0 0.53671875 0.68359375 0.15625 0.10859375
0 0.37265625 0.6984375 0.178125 0.11796875
0 0.78203125 0.43046875 0.11796875 0.07578125
0 0.66484375 0.42578125 0.1296875 0.0953125
0 0.675 0.67109375 0.13203125 0.0859375
0 0.6734375 0.7515625 0.12890625 0.0953125
0 0.66796875 0.51171875 0.128125 0.08046875
0 0.790625 0.65625 0.11484375 0.08359375
0 0.18359375 0.61953125 0.21171875 0.1109375
0 0.18125 0.30390625 0.21875 0.12578125
0 0.6640625 0.34609375 0.13671875 0.09765625
0 0.78515625 0.353125 0.121875 0.0890625
0 0.1828125 0.71875 0.21640625 0.1296875
0 0.18359375 0.82109375 0.221875 0.140625
0 0.37578125 0.79375 0.1875 0.125
0 0.53671875 0.76796875 0.15546875 0.11484375
0 0.79765625 0.72890625 0.1265625 0.09765625