0 0.38828125 0.565625 0.0625 0.153125
0 0.4078125 0.390625 0.05 0.1953125
0 0.41328125 0.18984375 0.05 0.1984375
0 0.4609375 0.1859375 0.05 0.2046875
0 0.5078125 0.18359375 0.05 0.209375
0 0.45546875 0.3953125 0.0515625 0.1921875
0 0.50625 0.3890625 0.05625 0.203125
0 0.46953125 0.53984375 0.1125 0.0890625
0 0.4703125 0.64453125 0.1125 0.0875
0 0.46796875 0.74140625 0.1140625 0.0875
0 0.46796875 0.83984375 0.115625 0.0890625
0 0.5640625 0.82734375 0.078125 0.1140625
0 0.5640625 0.69921875 0.08125 0.125
0 0.565625 0.53984375 0.0796875 0.1859375
0 0.565625 0.384375 0.08125 0.13125
0 0.56953125 0.25703125 0.084375 0.1265625
0 0.56953125 0.134375 0.078125 0.134375
0 0.646875 0.128125 0.078125 0.134375
0 0.6453125 0.25625 0.08125 0.1328125
0 0.64375 0.384375 0.084375 0.1390625
0 0.6421875 0.5109375 0.0828125 0.1375
0 0.64140625 0.640625 0.08125 0.128125
0 0.64296875 0.80546875 0.078125 0.1984375
0 0.72421875 0.84765625 0.0828125 0.1234375
0 0.725 0.71015625 0.084375 0.1265625
0 0.725 0.57890625 0.084375 0.13125
0 0.7265625 0.4515625 0.084375 0.134375
0 0.725 0.321875 0.090625 0.1359375
0 0.725 0.15546875 0.0890625 0.203125