0 0.45 0.76328125 0.0578125 0.115625
0 0.2625 0.20234375 0.0984375 0.1
0 0.26171875 0.0984375 0.1046875 0.10625
0 0.19609375 0.38359375 0.071875 0.11875
0 0.20234375 0.50390625 0.0734375 0.1109375
0 0.68671875 0.87109375 0.096875 0.0765625
0 0.303125 0.790625 0.08125 0.0734375
0 0.2890625 0.5609375 0.0875 0.078125
0 0.44609375 0.3265625 0.075 0.175
0 0.353125 0.10078125 0.0953125 0.103125
0 0.359375 0.30234375 0.090625 0.09375
0 0.21796875 0.6375 0.075 0.1328125
0 0.284375 0.478125 0.090625 0.084375
0 0.35859375 0.20234375 0.0921875 0.1015625
0 0.17421875 0.1171875 0.090625 0.1421875
0 0.2734375 0.38984375 0.090625 0.090625
0 0.1828125 0.253125 0.0796875 0.121875
0 0.51015625 0.89375 0.06875 0.1
0 0.29765625 0.64140625 0.0875 0.078125
0 0.275 0.3015625 0.096875 0.09375
0 0.36796875 0.559375 0.08125 0.078125
0 0.51640625 0.64140625 0.0703125 0.146875
0 0.30390625 0.71640625 0.0828125 0.075
0 0.38046875 0.703125 0.08125 0.071875
0 0.5890625 0.88515625 0.103125 0.075
0 0.37890625 0.6359375 0.084375 0.075
0 0.36328125 0.47578125 0.084375 0.084375
0 0.4453125 0.496875 0.071875 0.1546875
0 0.36796875 0.85234375 0.078125 0.0703125
0 0.4390625 0.884375 0.06875 0.121875
0 0.38125 0.7796875 0.078125 0.06875
0 0.36328125 0.3890625 0.0875 0.090625
0 0.58125 0.64140625 0.06875 0.14375
0 0.44921875 0.6390625 0.05625 0.128125
0 0.365625 0.91640625 0.071875 0.065625
0 0.78671875 0.8625 0.096875 0.071875
0 0.51640625 0.778125 0.065625 0.134375
0 0.23125 0.76640625 0.06875 0.1203125
0 0.70390625 0.63515625 0.065625 0.1359375
0 0.6453125 0.634375 0.0609375 0.1375
0 0.52109375 0.49609375 0.06875 0.153125
0 0.57578125 0.77421875 0.06875 0.134375
0 0.29296875 0.93046875 0.078125 0.065625
0 0.5234375 0.33046875 0.071875 0.1703125
0 0.2875 0.87109375 0.0890625 0.075
0 0.815625 0.76484375 0.0671875 0.125
0 0.86796875 0.34296875 0.078125 0.159375
0 0.85 0.490625 0.0734375 0.1453125
0 0.7796875 0.6375 0.0890625 0.1328125
0 0.834375 0.63515625 0.075 0.134375
0 0.88828125 0.175 0.0875 0.178125
0 0.7796875 0.49765625 0.065625 0.146875
0 0.64140625 0.7640625 0.0578125 0.1375
0 0.7578125 0.765625 0.0625 0.1265625
0 0.44296875 0.14453125 0.08125 0.19375
0 0.525 0.15 0.0796875 0.1859375
0 0.59921875 0.15390625 0.084375 0.1890625
0 0.67578125 0.16171875 0.084375 0.1875
0 0.74375 0.16484375 0.0875 0.1875
0 0.81484375 0.1671875 0.0859375 0.171875
0 0.59296875 0.3359375 0.084375 0.178125
0 0.66171875 0.33671875 0.0875 0.18125
0 0.73046875 0.3390625 0.0875 0.175
0 0.79609375 0.3390625 0.0921875 0.171875
0 0.584375 0.49375 0.08125 0.1625
0 0.653125 0.49453125 0.08125 0.159375
0 0.7171875 0.4984375 0.084375 0.159375