0 0.2515625 0.78828125 0.1125 0.140625
0 0.265625 0.65390625 0.115625 0.1328125
0 0.271875 0.525 0.103125 0.1171875
0 0.28203125 0.415625 0.1 0.10625
0 0.35859375 0.7875 0.1078125 0.1421875
0 0.36328125 0.6484375 0.1125 0.128125
0 0.3640625 0.52734375 0.1 0.1203125
0 0.3703125 0.4140625 0.0921875 0.10625
0 0.45546875 0.78515625 0.1015625 0.1375
0 0.45859375 0.65078125 0.096875 0.13125
0 0.4609375 0.5234375 0.1 0.125
0 0.4625 0.41171875 0.09375 0.1125
0 0.56015625 0.7828125 0.1015625 0.140625
0 0.55546875 0.6484375 0.0921875 0.125
0 0.55234375 0.5265625 0.096875 0.1125
0 0.553125 0.41171875 0.0921875 0.10625
0 0.659375 0.78359375 0.096875 0.134375
0 0.65390625 0.64609375 0.1 0.128125
0 0.64453125 0.528125 0.090625 0.121875
0 0.64296875 0.41171875 0.0859375 0.1125
0 0.76171875 0.78671875 0.1 0.1390625
0 0.753125 0.65 0.0953125 0.125
0 0.74140625 0.525 0.0953125 0.1203125
0 0.73046875 0.40859375 0.0875 0.1125
0 0.86796875 0.78515625 0.096875 0.14375
0 0.853125 0.653125 0.109375 0.1375
0 0.83828125 0.5265625 0.1015625 0.11875
0 0.825 0.4078125 0.0875 0.11875
0 0.284375 0.30390625 0.0953125 0.0875
0 0.290625 0.21484375 0.090625 0.0875
0 0.29765625 0.1296875 0.090625 0.0796875
0 0.3734375 0.30625 0.090625 0.090625
0 0.37578125 0.21328125 0.090625 0.084375
0 0.38046875 0.125 0.0859375 0.08125
0 0.46015625 0.3078125 0.090625 0.0875
0 0.46171875 0.21171875 0.084375 0.0875
0 0.4625 0.13046875 0.0859375 0.08125
0 0.55 0.30625 0.0875 0.09375
0 0.546875 0.2109375 0.08125 0.0875
0 0.5453125 0.12890625 0.084375 0.078125
0 0.63671875 0.30546875 0.0859375 0.1
0 0.63515625 0.21484375 0.0859375 0.0875
0 0.6296875 0.1296875 0.0765625 0.0796875
0 0.72421875 0.3015625 0.0859375 0.090625
0 0.7203125 0.21015625 0.084375 0.08125
0 0.71171875 0.1296875 0.084375 0.084375
0 0.81875 0.29921875 0.096875 0.09375
0 0.80625 0.20625 0.078125 0.08125
0 0.7984375 0.12421875 0.08125 0.090625