0 0.69765625 0.1015625 0.175 0.109375
0 0.68515625 0.2078125 0.178125 0.121875
0 0.6734375 0.32421875 0.184375 0.1234375
0 0.65390625 0.45546875 0.196875 0.1375
0 0.63359375 0.6140625 0.215625 0.1546875
0 0.61640625 0.809375 0.2296875 0.1734375
0 0.54453125 0.1140625 0.1703125 0.109375
0 0.52734375 0.2171875 0.1703125 0.1125
0 0.50390625 0.3296875 0.178125 0.11875
0 0.47734375 0.45390625 0.196875 0.1359375
0 0.446875 0.60703125 0.20625 0.15
0 0.41953125 0.784375 0.2125 0.175
0 0.40234375 0.1265625 0.1515625 0.109375
0 0.378125 0.228125 0.15625 0.10625
0 0.35390625 0.334375 0.1703125 0.1140625
0 0.321875 0.4515625 0.18125 0.128125
0 0.27890625 0.596875 0.19375 0.1453125
0 0.24375 0.7578125 0.196875 0.146875