0 0.21015625 0.671875 0.171875 0.14375
0 0.37890625 0.61015625 0.16875 0.18125
0 0.53828125 0.28203125 0.146875 0.15
0 0.5375 0.4140625 0.153125 0.11875
0 0.540625 0.6828125 0.175 0.1484375
0 0.6953125 0.47421875 0.1625 0.1265625
0 0.53984375 0.84765625 0.184375 0.171875
0 0.53984375 0.13984375 0.140625 0.121875
0 0.3984375 0.22421875 0.140625 0.103125
0 0.53984375 0.5421875 0.1625 0.13125
0 0.3609375 0.81015625 0.18125 0.2140625
0 0.2390625 0.4140625 0.15625 0.11875
0 0.39296875 0.33515625 0.15 0.11875
0 0.3875 0.45703125 0.15625 0.128125
0 0.2234375 0.53515625 0.165625 0.13125
0 0.68359375 0.35546875 0.153125 0.115625
0 0.7 0.62578125 0.171875 0.1875
0 0.18984375 0.821875 0.184375 0.165625
0 0.678125 0.23828125 0.140625 0.1078125
0 0.4078125 0.1265625 0.134375 0.0921875
0 0.2578125 0.26953125 0.159375 0.1453125
0 0.80859375 0.3609375 0.11875 0.18125
0 0.7234375 0.8328125 0.18125 0.2125
0 0.83125 0.55859375 0.1234375 0.215625
0 0.671875 0.1296875 0.1375 0.103125
0 0.86015625 0.80234375 0.1390625 0.275
0 0.79453125 0.17890625 0.10625 0.1703125
0 0.271875 0.1375 0.15 0.128125