0 0.853125 0.45 0.0921875 0.115625
0 0.50078125 0.26015625 0.08125 0.10625
0 0.759375 0.453125 0.0921875 0.1125
0 0.3578125 0.75859375 0.0765625 0.1015625
0 0.5875 0.35234375 0.084375 0.109375
0 0.85234375 0.22890625 0.0921875 0.11875
0 0.60078125 0.66875 0.084375 0.1078125
0 0.8578125 0.34609375 0.09375 0.1171875
0 0.86796875 0.67578125 0.0953125 0.11875
0 0.59375 0.5671875 0.0875 0.10625
0 0.775 0.565625 0.0921875 0.1109375
0 0.084375 0.55859375 0.06875 0.0953125
0 0.51015625 0.77109375 0.08125 0.109375
0 0.675 0.3484375 0.0875 0.1125
0 0.50390625 0.35703125 0.08125 0.1046875
0 0.2890625 0.6578125 0.078125 0.0984375
0 0.4265625 0.36015625 0.0765625 0.103125
0 0.6875 0.67109375 0.0875 0.115625
0 0.8625 0.5640625 0.09375 0.115625
0 0.77578125 0.78125 0.090625 0.1125
0 0.7578125 0.23671875 0.0890625 0.1125
0 0.4203125 0.26640625 0.075 0.103125
0 0.68125 0.778125 0.0890625 0.1125
0 0.76171875 0.34765625 0.090625 0.115625
0 0.06796875 0.2890625 0.065625 0.096875
0 0.425 0.4609375 0.075 0.1
0 0.515625 0.6671875 0.08125 0.10625
0 0.36171875 0.66015625 0.078125 0.1
0 0.778125 0.67578125 0.090625 0.1140625
0 0.4359375 0.76484375 0.078125 0.10625
0 0.4421875 0.66328125 0.0765625 0.103125
0 0.665625 0.4546875 0.0875 0.109375
0 0.34296875 0.27109375 0.071875 0.1046875
0 0.5796875 0.45859375 0.08125 0.103125
0 0.66953125 0.240625 0.0875 0.1125
0 0.4984375 0.46015625 0.0765625 0.1
0 0.51328125 0.56640625 0.08125 0.103125
0 0.6796875 0.5671875 0.0875 0.109375
0 0.596875 0.77421875 0.084375 0.109375
0 0.77578125 0.89453125 0.0921875 0.115625
0 0.4328125 0.56171875 0.078125 0.1
0 0.14765625 0.6546875 0.06875 0.0953125
0 0.28515625 0.56484375 0.0703125 0.0984375
0 0.13984375 0.46640625 0.06875 0.09375
0 0.215625 0.56328125 0.071875 0.096875
0 0.684375 0.88515625 0.0875 0.109375
0 0.8703125 0.7875 0.096875 0.1125
0 0.07109375 0.37734375 0.065625 0.09375
0 0.13203125 0.2859375 0.0703125 0.096875
0 0.5953125 0.875 0.08125 0.115625
0 0.2171875 0.75078125 0.071875 0.096875
0 0.44140625 0.86328125 0.078125 0.1078125
0 0.3515625 0.56484375 0.071875 0.1
0 0.5796875 0.24921875 0.084375 0.109375
0 0.278125 0.4640625 0.071875 0.096875
0 0.3484375 0.36328125 0.0734375 0.1
0 0.27421875 0.36875 0.071875 0.1
0 0.1359375 0.3734375 0.0734375 0.096875
0 0.2125 0.4671875 0.071875 0.09375
0 0.209375 0.37109375 0.06875 0.096875
0 0.3515625 0.4625 0.071875 0.1
0 0.26953125 0.2765625 0.06875 0.103125
0 0.290625 0.75546875 0.071875 0.096875
0 0.51953125 0.87265625 0.08125 0.109375
0 0.21328125 0.659375 0.071875 0.096875
0 0.203125 0.27578125 0.071875 0.1015625
0 0.86484375 0.8984375 0.0953125 0.11875
0 0.36171875 0.859375 0.0765625 0.103125
0 0.14140625 0.5640625 0.065625 0.0953125
0 0.07734375 0.46796875 0.0671875 0.0921875
0 0.08359375 0.6546875 0.065625 0.09375
0 0.14765625 0.74921875 0.06875 0.09375
0 0.28828125 0.85234375 0.075 0.1015625
0 0.21953125 0.846875 0.06875 0.096875
0 0.0875 0.74140625 0.08125 0.1
0 0.15546875 0.83515625 0.08125 0.1
0 0.09296875 0.83046875 0.078125 0.1