0 0.49765625 0.24921875 0.0625 0.06875
0 0.4359375 0.178125 0.0640625 0.078125
0 0.49765625 0.17421875 0.0625 0.08125
0 0.375 0.18046875 0.065625 0.075
0 0.3265625 0.25625 0.0625 0.065625
0 0.43671875 0.25234375 0.059375 0.0625
0 0.6171875 0.1859375 0.065625 0.0671875
0 0.38046875 0.2515625 0.059375 0.065625
0 0.7359375 0.39921875 0.04375 0.06875
0 0.78984375 0.2453125 0.071875 0.065625
0 0.728125 0.24765625 0.065625 0.065625
0 0.48203125 0.5203125 0.0359375 0.05625
0 0.66796875 0.246875 0.059375 0.0640625
0 0.3859375 0.4015625 0.040625 0.075
0 0.6109375 0.25234375 0.05625 0.059375
0 0.55625 0.25390625 0.05625 0.059375
0 0.378125 0.325 0.04375 0.0796875
0 0.55859375 0.1890625 0.0625 0.0671875
0 0.6421875 0.57734375 0.034375 0.0515625
0 0.26328125 0.19296875 0.065625 0.078125
0 0.68046875 0.5234375 0.040625 0.05625
0 0.3921875 0.47265625 0.0375 0.065625
0 0.66640625 0.67421875 0.034375 0.046875
0 0.3578125 0.47109375 0.040625 0.065625
0 0.6359375 0.62734375 0.034375 0.05
0 0.64765625 0.52265625 0.0375 0.0546875
0 0.71875 0.5203125 0.040625 0.05625
0 0.6046875 0.62578125 0.034375 0.046875
0 0.675 0.57890625 0.0375 0.053125
0 0.346875 0.40546875 0.0421875 0.071875
0 0.6984375 0.39609375 0.04375 0.0703125
0 0.72890625 0.46171875 0.0421875 0.0625
0 0.67109375 0.62890625 0.0359375 0.0484375
0 0.6078125 0.578125 0.034375 0.053125
0 0.69296875 0.465625 0.040625 0.065625
0 0.6109375 0.525 0.034375 0.053125
0 0.65078125 0.46328125 0.040625 0.0640625
0 0.34375 0.32734375 0.053125 0.078125
0 0.22421875 0.26875 0.065625 0.065625
0 0.478125 0.40546875 0.0375 0.0625
0 0.63515625 0.6734375 0.034375 0.0453125
0 0.27421875 0.259375 0.0625 0.06875
0 0.74921875 0.32265625 0.053125 0.0796875
0 0.621875 0.3359375 0.040625 0.075
0 0.54375 0.57421875 0.034375 0.0515625
0 0.61953125 0.4671875 0.04375 0.059375
0 0.6578125 0.39375 0.0421875 0.06875
0 0.58125 0.5234375 0.0390625 0.05625
0 0.71171875 0.57578125 0.040625 0.0546875
0 0.8015625 0.17734375 0.071875 0.06875
0 0.60234375 0.671875 0.03125 0.04375
0 0.6765625 0.18203125 0.065625 0.0625
0 0.740625 0.1765625 0.071875 0.0734375
0 0.66484375 0.3203125 0.04375 0.078125
0 0.475 0.3375 0.040625 0.071875
0 0.31796875 0.18828125 0.065625 0.0796875
0 0.57890625 0.57578125 0.0359375 0.053125
0 0.5078125 0.3203125 0.0375 0.071875
0 0.66484375 0.71875 0.034375 0.04375
0 0.58671875 0.40546875 0.040625 0.0671875
0 0.70546875 0.62578125 0.0390625 0.05
0 0.7078125 0.32265625 0.0453125 0.0796875
0 0.5828125 0.4671875 0.0421875 0.059375
0 0.43984375 0.3390625 0.040625 0.071875
0 0.515625 0.61796875 0.03125 0.046875
0 0.62109375 0.40859375 0.040625 0.065625
0 0.584375 0.3359375 0.040625 0.075
0 0.20859375 0.20078125 0.065625 0.078125
0 0.575 0.66953125 0.03125 0.04375
0 0.3140625 0.403125 0.05 0.065625
0 0.51484375 0.57109375 0.0328125 0.0515625
0 0.696875 0.67421875 0.034375 0.046875
0 0.5765625 0.625 0.0328125 0.046875
0 0.48125 0.4640625 0.034375 0.059375
0 0.26875 0.34140625 0.0515625 0.0796875
0 0.44375 0.40546875 0.040625 0.0625
0 0.69140625 0.71640625 0.034375 0.04375
0 0.54609375 0.3375 0.0375 0.0734375
0 0.39765625 0.5359375 0.0375 0.0625
0 0.54375 0.525 0.034375 0.053125
0 0.23203125 0.34140625 0.05 0.078125
0 0.44765625 0.46640625 0.0375 0.0578125
0 0.45078125 0.51953125 0.0359375 0.0546875
0 0.63515625 0.715625 0.0375 0.04375
0 0.603125 0.71328125 0.03125 0.046875
0 0.575 0.71171875 0.0296875 0.0421875
0 0.54453125 0.621875 0.03125 0.046875
0 0.54453125 0.6671875 0.0328125 0.046875
0 0.54609375 0.7078125 0.03125 0.04375
0 0.515625 0.6640625 0.0296875 0.046875
0 0.51640625 0.70546875 0.028125 0.0421875
0 0.54921875 0.40546875 0.0375 0.065625
0 0.54765625 0.465625 0.0375 0.059375
0 0.54765625 0.521875 0.0375 0.05625
0 0.5125 0.3859375 0.0359375 0.0671875
0 0.5140625 0.4484375 0.034375 0.0625
0 0.5140625 0.503125 0.03125 0.05625
0 0.4828125 0.57109375 0.034375 0.05
0 0.4859375 0.61796875 0.0328125 0.0484375
0 0.4875 0.66171875 0.03125 0.0453125
0 0.48984375 0.7046875 0.025 0.040625
0 0.44375 0.6046875 0.0375 0.05625
0 0.4453125 0.65625 0.0390625 0.0484375
0 0.45 0.7015625 0.0375 0.046875
0 0.453125 0.7453125 0.034375 0.046875
0 0.409375 0.6 0.034375 0.053125
0 0.41328125 0.65078125 0.0375 0.05
0 0.41875 0.696875 0.0359375 0.046875
0 0.421875 0.7421875 0.0328125 0.046875
0 0.37578125 0.596875 0.040625 0.05625
0 0.38125 0.64921875 0.04375 0.046875
0 0.3875 0.6953125 0.0390625 0.0453125
0 0.39296875 0.7390625 0.0359375 0.04375
0 0.36796875 0.5328125 0.040625 0.0609375
0 0.33203125 0.5328125 0.040625 0.05625
0 0.3265625 0.4703125 0.0453125 0.0640625
0 0.28046875 0.415625 0.046875 0.0671875
0 0.290625 0.47890625 0.04375 0.065625
0 0.3 0.5375 0.0453125 0.0578125
0 0.34453125 0.5953125 0.040625 0.053125
0 0.35078125 0.64609375 0.040625 0.0484375
0 0.3578125 0.69375 0.040625 0.046875
0 0.3640625 0.7375 0.0375 0.04375
0 0.24453125 0.41171875 0.05 0.0671875
0 0.2578125 0.4765625 0.046875 0.0625
0 0.2671875 0.53671875 0.04375 0.05625
0 0.278125 0.590625 0.040625 0.05
0 0.2890625 0.640625 0.0375 0.046875
0 0.3046875 0.32890625 0.0515625 0.0796875
0 0.31015625 0.59296875 0.04375 0.0546875
0 0.31796875 0.64296875 0.040625 0.05
0 0.32421875 0.69140625 0.0375 0.046875
0 0.33515625 0.734375 0.0375 0.04375
0 0.29765625 0.68828125 0.0375 0.05
0 0.30625 0.7296875 0.034375 0.040625