0 0.33125 0.2890625 0.1015625 0.103125
0 0.1921875 0.40625 0.178125 0.1359375
0 0.19296875 0.528125 0.178125 0.13125
0 0.64375 0.83125 0.1375 0.0921875
0 0.5984375 0.5 0.125 0.071875
0 0.83125 0.4328125 0.075 0.11875
0 0.5328125 0.5953125 0.0875 0.125
0 0.903125 0.43125 0.071875 0.115625
0 0.9078125 0.32265625 0.06875 0.1140625
0 0.35 0.48515625 0.14375 0.109375
0 0.34921875 0.7125 0.1453125 0.103125
0 0.34453125 0.3859375 0.11875 0.1
0 0.8390625 0.31796875 0.075 0.11875
0 0.7515625 0.21171875 0.1046875 0.103125
0 0.1890625 0.27578125 0.18125 0.140625
0 0.828125 0.65703125 0.0765625 0.1125
0 0.43984375 0.59921875 0.1046875 0.128125
0 0.47890625 0.48984375 0.11875 0.1015625
0 0.3609375 0.87109375 0.1625 0.1
0 0.72109375 0.51875 0.1203125 0.0875
0 0.60546875 0.3078125 0.0828125 0.134375
0 0.90703125 0.653125 0.0890625 0.1125
0 0.9140625 0.546875 0.0828125 0.1140625
0 0.49296875 0.7 0.1328125 0.096875
0 0.61796875 0.5921875 0.09375 0.125
0 0.4796875 0.3171875 0.175 0.075
0 0.61328125 0.69296875 0.121875 0.084375
0 0.475 0.39609375 0.134375 0.090625
0 0.7234375 0.59765625 0.11875 0.0875
0 0.309375 0.16953125 0.10625 0.11875
0 0.76328125 0.421875 0.071875 0.11875
0 0.19296875 0.64609375 0.178125 0.1
0 0.58671875 0.41484375 0.09375 0.096875
0 0.8328125 0.55 0.0890625 0.1171875
0 0.33515625 0.60234375 0.1125 0.134375
0 0.73359375 0.68203125 0.115625 0.0875
0 0.621875 0.19921875 0.159375 0.109375
0 0.6828125 0.4234375 0.090625 0.1
0 0.178125 0.1640625 0.159375 0.115625
0 0.86875 0.21640625 0.134375 0.090625
0 0.45703125 0.23984375 0.1546875 0.084375
0 0.74609375 0.31484375 0.121875 0.1078125
0 0.690625 0.31875 0.0859375 0.1234375
0 0.45390625 0.153125 0.15625 0.0921875
0 0.76953125 0.7515625 0.125 0.065625
0 0.5109375 0.78046875 0.14375 0.08125
0 0.5015625 0.7796875 0.146875 0.0875
0 0.36015625 0.79375 0.15625 0.084375
0 0.64140625 0.7640625 0.13125 0.075
0 0.19296875 0.73203125 0.184375 0.096875
0 0.19375 0.81328125 0.18125 0.103125
0 0.196875 0.89140625 0.175 0.103125
0 0.8828125 0.740625 0.125 0.071875
0 0.76484375 0.815625 0.121875 0.0875
0 0.8796875 0.803125 0.11875 0.078125
0 0.50625 0.8484375 0.146875 0.0953125