0 0.5859375 0.50859375 0.096875 0.0734375
0 0.59140625 0.43828125 0.096875 0.071875
0 0.5859375 0.58046875 0.096875 0.075
0 0.50234375 0.2203125 0.0890625 0.071875
0 0.59296875 0.36328125 0.09375 0.075
0 0.4984375 0.509375 0.090625 0.071875
0 0.5875 0.29453125 0.09375 0.071875
0 0.496875 0.5765625 0.09375 0.0734375
0 0.5921875 0.21953125 0.09375 0.071875
0 0.415625 0.29296875 0.0875 0.06875
0 0.50390625 0.29375 0.090625 0.071875
0 0.32265625 0.49765625 0.0859375 0.0703125
0 0.325 0.42890625 0.08125 0.06875
0 0.41796875 0.22265625 0.084375 0.06875
0 0.41328125 0.4296875 0.090625 0.071875
0 0.49375 0.65234375 0.09375 0.0765625
0 0.50390625 0.07890625 0.0875 0.0671875
0 0.49296875 0.72734375 0.1 0.0859375
0 0.59375 0.14765625 0.09375 0.075
0 0.503125 0.1484375 0.090625 0.0703125
0 0.31796875 0.5671875 0.0875 0.071875
0 0.4203125 0.15625 0.08125 0.065625
0 0.4046875 0.64921875 0.09375 0.0734375
0 0.41328125 0.3578125 0.0875 0.06875
0 0.40234375 0.72109375 0.0984375 0.0890625
0 0.33203125 0.29453125 0.08125 0.065625
0 0.4046875 0.57421875 0.090625 0.071875
0 0.2453125 0.36484375 0.08125 0.065625
0 0.3296875 0.359375 0.084375 0.06875
0 0.40625 0.50390625 0.090625 0.071875
0 0.5 0.434375 0.090625 0.0734375
0 0.2359375 0.5640625 0.08125 0.071875
0 0.31484375 0.640625 0.0875 0.071875
0 0.41875 0.0875 0.084375 0.071875
0 0.24296875 0.43359375 0.0796875 0.065625
0 0.3375 0.1609375 0.084375 0.065625
0 0.3359375 0.23125 0.08125 0.065625
0 0.23984375 0.4984375 0.0796875 0.0671875
0 0.25546875 0.303125 0.078125 0.0625
0 0.58828125 0.06640625 0.09375 0.0734375
0 0.5015625 0.359375 0.09375 0.06875
0 0.6828125 0.47265625 0.103125 0.071875
0 0.68359375 0.40078125 0.0984375 0.0734375
0 0.6859375 0.31484375 0.1 0.075
0 0.68671875 0.090625 0.10625 0.078125
0 0.6875 0.16171875 0.103125 0.071875
0 0.6859375 0.2390625 0.103125 0.078125
0 0.68984375 0.54609375 0.103125 0.078125
0 0.6921875 0.659375 0.0453125 0.1375
0 0.69375 0.79609375 0.0421875 0.1453125
0 0.65546875 0.6546875 0.040625 0.140625
0 0.65546875 0.78515625 0.040625 0.140625
0 0.58828125 0.65703125 0.103125 0.0875
0 0.5875 0.7328125 0.109375 0.0859375
0 0.58671875 0.80859375 0.103125 0.09375
0 0.34140625 0.1 0.084375 0.08125
0 0.26484375 0.1171875 0.078125 0.0734375
0 0.2625 0.18046875 0.08125 0.078125
0 0.26015625 0.2421875 0.0859375 0.075
0 0.23671875 0.63359375 0.0890625 0.0796875
0 0.228125 0.7015625 0.09375 0.08125
0 0.22421875 0.77578125 0.09375 0.084375
0 0.31640625 0.71171875 0.0921875 0.0875
0 0.3109375 0.78125 0.096875 0.0875
0 0.4 0.79296875 0.096875 0.09375
0 0.490625 0.80078125 0.096875 0.0890625