0 0.940625 0.78203125 0.1109375 0.08125
0 0.73671875 0.11953125 0.109375 0.084375
0 0.7375 0.040625 0.115625 0.08125
0 0.62578125 0.61484375 0.10625 0.078125
0 0.7328125 0.53515625 0.1109375 0.08125
0 0.52421875 0.7625 0.1046875 0.0765625
0 0.84609375 0.45234375 0.1125 0.08125
0 0.84375 0.11875 0.115625 0.084375
0 0.9453125 0.04296875 0.1015625 0.078125
0 0.7296875 0.6953125 0.1109375 0.08125
0 0.42578125 0.1359375 0.103125 0.078125
0 0.5265625 0.68359375 0.103125 0.078125
0 0.7296875 0.7734375 0.109375 0.0765625
0 0.73515625 0.28671875 0.109375 0.08125
0 0.94140625 0.53671875 0.109375 0.08125
0 0.7296875 0.6203125 0.1109375 0.08125
0 0.7359375 0.20625 0.1125 0.0796875
0 0.628125 0.04375 0.1109375 0.0859375
0 0.52734375 0.13125 0.10625 0.08125
0 0.83984375 0.6984375 0.109375 0.0796875
0 0.84140625 0.375 0.115625 0.08125
0 0.83984375 0.6203125 0.1109375 0.08125
0 0.62578125 0.68671875 0.10625 0.078125
0 0.8359375 0.778125 0.109375 0.078125
0 0.7328125 0.45234375 0.1125 0.0796875
0 0.52578125 0.61171875 0.103125 0.078125
0 0.84921875 0.03984375 0.115625 0.0796875
0 0.6234375 0.84609375 0.1046875 0.075
0 0.73359375 0.36640625 0.1109375 0.08125
0 0.94765625 0.28984375 0.1046875 0.08125
0 0.5265625 0.21328125 0.103125 0.08125
0 0.61953125 0.53125 0.10625 0.08125
0 0.62890625 0.12421875 0.1109375 0.08125
0 0.62265625 0.29296875 0.1078125 0.08125
0 0.6234375 0.20859375 0.109375 0.0828125
0 0.94609375 0.1171875 0.1 0.084375
0 0.846875 0.284375 0.115625 0.084375
0 0.5234375 0.8421875 0.103125 0.075
0 0.42734375 0.29609375 0.1015625 0.078125
0 0.6203125 0.7671875 0.10625 0.078125
0 0.84296875 0.203125 0.115625 0.08125
0 0.834375 0.859375 0.1125 0.075
0 0.42734375 0.44921875 0.1 0.075
0 0.94453125 0.20234375 0.103125 0.08125
0 0.9453125 0.37421875 0.1 0.084375
0 0.84375 0.54140625 0.1109375 0.08125
0 0.42578125 0.06015625 0.103125 0.0828125
0 0.94140625 0.62265625 0.109375 0.08125
0 0.7296875 0.8546875 0.1109375 0.0765625
0 0.6265625 0.36875 0.109375 0.078125
0 0.42578125 0.2171875 0.1015625 0.078125
0 0.4265625 0.76171875 0.1 0.075
0 0.940625 0.69921875 0.109375 0.08125
0 0.4265625 0.5265625 0.1 0.075
0 0.52109375 0.53125 0.103125 0.0765625
0 0.94296875 0.4515625 0.10625 0.08125
0 0.525 0.4484375 0.10625 0.0765625
0 0.52421875 0.29609375 0.10625 0.078125
0 0.428125 0.37265625 0.1 0.078125
0 0.628125 0.4515625 0.109375 0.078125
0 0.5234375 0.37421875 0.103125 0.0765625
0 0.42578125 0.6828125 0.1 0.075
0 0.428125 0.60703125 0.1 0.075
0 0.940625 0.8640625 0.1125 0.0796875
0 0.4265625 0.83203125 0.1 0.075
0 0.52578125 0.05078125 0.10625 0.08125