0 0.6875 0.91484375 0.134375 0.109375
0 0.55859375 0.81328125 0.128125 0.1
0 0.8203125 0.815625 0.1421875 0.1015625
0 0.19140625 0.89453125 0.125 0.103125
0 0.80078125 0.52734375 0.1265625 0.084375
0 0.4421875 0.80078125 0.125 0.096875
0 0.4546875 0.37109375 0.10625 0.078125
0 0.78828125 0.36015625 0.1203125 0.078125
0 0.67265625 0.290625 0.1140625 0.078125
0 0.79609375 0.44140625 0.121875 0.084375
0 0.43515625 0.90546875 0.128125 0.103125
0 0.8078125 0.615625 0.128125 0.0890625
0 0.55859375 0.71484375 0.125 0.0953125
0 0.36328125 0.140625 0.1 0.06875
0 0.5640625 0.4515625 0.109375 0.078125
0 0.4453125 0.70234375 0.1203125 0.09375
0 0.44609375 0.6140625 0.11875 0.0875
0 0.240625 0.4390625 0.109375 0.078125
0 0.325 0.79375 0.121875 0.0953125
0 0.6765625 0.615625 0.1234375 0.0875
0 0.671875 0.21171875 0.1125 0.078125
0 0.81484375 0.7125 0.134375 0.0953125
0 0.3484375 0.36171875 0.1078125 0.075
0 0.46328125 0.1421875 0.1 0.0703125
0 0.3484375 0.440625 0.1125 0.078125
0 0.34375 0.5234375 0.1125 0.0796875
0 0.68828125 0.81328125 0.13125 0.1015625
0 0.6703125 0.13125 0.109375 0.0734375
0 0.675 0.36484375 0.115625 0.0796875
0 0.5625 0.53359375 0.1140625 0.084375
0 0.26328125 0.13984375 0.0984375 0.06875
0 0.5609375 0.61953125 0.115625 0.0875
0 0.1015625 0.69375 0.1203125 0.0890625
0 0.3546875 0.28359375 0.103125 0.071875
0 0.55703125 0.91953125 0.1296875 0.1078125
0 0.3125 0.89921875 0.1265625 0.103125
0 0.2046875 0.790625 0.125 0.09375
0 0.07578125 0.88515625 0.1234375 0.1
0 0.83046875 0.92578125 0.140625 0.109375
0 0.5625 0.3703125 0.10625 0.078125
0 0.5625 0.21640625 0.103125 0.078125
0 0.2453125 0.3609375 0.1078125 0.075
0 0.77734375 0.2046875 0.1140625 0.075
0 0.77890625 0.1265625 0.1140625 0.071875
0 0.6828125 0.7140625 0.128125 0.096875
0 0.67890625 0.4484375 0.1203125 0.08125
0 0.21875 0.69296875 0.121875 0.090625
0 0.3375 0.60390625 0.1125 0.0875
0 0.7828125 0.27890625 0.115625 0.078125
0 0.56328125 0.06640625 0.103125 0.06875
0 0.08984375 0.78359375 0.128125 0.0953125
0 0.109375 0.60390625 0.11875 0.084375
0 0.5625 0.1375 0.103125 0.0734375
0 0.66953125 0.0546875 0.10625 0.0734375
0 0.5625 0.296875 0.1046875 0.075
0 0.45703125 0.2921875 0.1046875 0.0765625
0 0.2234375 0.6015625 0.11875 0.08125
0 0.67421875 0.53125 0.1203125 0.084375
0 0.4609375 0.21875 0.103125 0.0734375
0 0.32578125 0.69921875 0.11875 0.0875
0 0.140625 0.36015625 0.10625 0.075
0 0.4515625 0.5328125 0.115625 0.078125
0 0.36015625 0.21484375 0.1 0.071875
0 0.159375 0.2125 0.1015625 0.06875
0 0.26015625 0.215625 0.1 0.0703125
0 0.7765625 0.0515625 0.1125 0.071875
0 0.23203125 0.52265625 0.1125 0.078125
0 0.16328125 0.13828125 0.1015625 0.06875
0 0.36875 0.0703125 0.1015625 0.06875
0 0.45 0.45078125 0.1125 0.078125
0 0.46015625 0.06953125 0.1 0.0703125
0 0.253125 0.2859375 0.1015625 0.071875
0 0.15234375 0.28125 0.1078125 0.0703125
0 0.13203125 0.43984375 0.109375 0.078125
0 0.27109375 0.07109375 0.096875 0.0703125
0 0.12421875 0.52265625 0.115625 0.0796875
0 0.171875 0.078125 0.1015625 0.0625