0 0.8296875 0.8265625 0.153125 0.1609375
0 0.82421875 0.6765625 0.146875 0.1390625
0 0.640625 0.54453125 0.2234375 0.0671875
0 0.4359375 0.39140625 0.20625 0.0625
0 0.640625 0.46875 0.21875 0.065625
0 0.44609375 0.334375 0.2015625 0.0578125
0 0.64921875 0.33671875 0.20625 0.059375
0 0.425 0.5375 0.215625 0.0671875
0 0.4171875 0.6046875 0.225 0.071875
0 0.6359375 0.7765625 0.2421875 0.0828125
0 0.63828125 0.8640625 0.246875 0.0890625
0 0.64375 0.3953125 0.215625 0.065625
0 0.15625 0.75703125 0.246875 0.0796875
0 0.653125 0.27265625 0.2 0.0578125
0 0.3921875 0.853125 0.2515625 0.084375
0 0.6375 0.69140625 0.234375 0.078125
0 0.45390625 0.278125 0.196875 0.05625
0 0.39609375 0.7640625 0.2421875 0.08125
0 0.65625 0.21875 0.19375 0.053125
0 0.434375 0.46484375 0.20625 0.065625
0 0.26484375 0.2734375 0.1984375 0.05625
0 0.64375 0.6171875 0.221875 0.071875
0 0.40703125 0.68359375 0.23125 0.0765625
0 0.46015625 0.21640625 0.19375 0.0546875
0 0.82109375 0.53671875 0.13125 0.128125
0 0.17265625 0.6765625 0.2390625 0.0765625
0 0.19453125 0.59609375 0.2234375 0.071875
0 0.2109375 0.52265625 0.2140625 0.06875
0 0.1421875 0.8453125 0.2546875 0.084375
0 0.81015625 0.3953125 0.125 0.1140625
0 0.8078125 0.29140625 0.11875 0.103125
0 0.2234375 0.4546875 0.2125 0.0640625
0 0.47265625 0.1609375 0.190625 0.0546875
0 0.2734375 0.21640625 0.19375 0.0546875
0 0.81328125 0.190625 0.115625 0.1
0 0.25234375 0.33046875 0.2 0.0578125
0 0.2328125 0.38515625 0.2015625 0.0625
0 0.6609375 0.16328125 0.190625 0.053125
0 0.28046875 0.15859375 0.1890625 0.05