0 0.425 0.53671875 0.1359375 0.0703125
0 0.29375 0.53828125 0.134375 0.075
0 0.2703125 0.821875 0.115625 0.0625
0 0.4984375 0.8203125 0.115625 0.0625
0 0.2984375 0.675 0.1375 0.0765625
0 0.37734375 0.82109375 0.11875 0.0625
0 0.56875 0.5984375 0.134375 0.075
0 0.2953125 0.60234375 0.1359375 0.075
0 0.30078125 0.4640625 0.134375 0.06875
0 0.56484375 0.46328125 0.134375 0.0703125
0 0.7015625 0.59765625 0.1390625 0.078125
0 0.3734375 0.40078125 0.1078125 0.0578125
0 0.56484375 0.53515625 0.134375 0.071875
0 0.43046875 0.59921875 0.1375 0.078125
0 0.14921875 0.8234375 0.1171875 0.0625
0 0.6140625 0.815625 0.1125 0.0640625
0 0.571875 0.6734375 0.1359375 0.075
0 0.4265625 0.46484375 0.134375 0.071875
0 0.83671875 0.58515625 0.1375 0.075
0 0.57109375 0.74921875 0.1359375 0.078125
0 0.83046875 0.4484375 0.140625 0.0703125
0 0.1671875 0.6765625 0.13125 0.078125
0 0.43359375 0.67421875 0.1375 0.075
0 0.16015625 0.465625 0.134375 0.071875
0 0.71015625 0.67265625 0.1390625 0.075
0 0.3015625 0.7515625 0.1375 0.078125
0 0.8421875 0.66171875 0.1375 0.078125
0 0.715625 0.7484375 0.1359375 0.0796875
0 0.16640625 0.603125 0.13125 0.075
0 0.26875 0.4078125 0.10625 0.05625
0 0.1609375 0.53828125 0.1328125 0.0734375
0 0.8515625 0.73671875 0.1359375 0.078125
0 0.85625 0.80625 0.1390625 0.0828125
0 0.69453125 0.46328125 0.134375 0.071875
0 0.1671875 0.753125 0.134375 0.078125
0 0.7296875 0.82109375 0.115625 0.0625
0 0.440625 0.75078125 0.1359375 0.078125
0 0.6953125 0.5359375 0.134375 0.075
0 0.48828125 0.4046875 0.1078125 0.0578125
0 0.83125 0.5203125 0.140625 0.071875
0 0.8265625 0.37734375 0.140625 0.075
0 0.14921875 0.4078125 0.1109375 0.05625
0 0.15703125 0.3515625 0.109375 0.059375
0 0.6078125 0.409375 0.1125 0.05
0 0.275 0.34921875 0.11875 0.0515625
0 0.4359375 0.35 0.159375 0.0515625
0 0.60078125 0.35390625 0.1625 0.05625
0 0.72109375 0.3859375 0.09375 0.0890625