0 0.83203125 0.534375 0.1015625 0.11640625
0 0.32890625 0.2328125 0.06953125 0.10234375
0 0.6390625 0.425 0.0875 0.11328125
0 0.640625 0.53359375 0.0859375 0.11015625
0 0.40703125 0.22421875 0.0765625 0.1109375
0 0.8421875 0.303125 0.10703125 0.12421875
0 0.63984375 0.63984375 0.0875 0.10703125
0 0.83671875 0.4203125 0.10546875 0.11875
0 0.56640625 0.20625 0.084375 0.11875
0 0.73515625 0.53359375 0.09453125 0.11484375
0 0.7328125 0.6484375 0.09296875 0.11640625
0 0.4828125 0.62734375 0.07578125 0.10234375
0 0.559375 0.5296875 0.08359375 0.10703125
0 0.83046875 0.65078125 0.1 0.11953125
0 0.48125 0.53125 0.075 0.10390625
0 0.7390625 0.31015625 0.09765625 0.11953125
0 0.8265625 0.75859375 0.1 0.1171875
0 0.55078125 0.83046875 0.07890625 0.11171875
0 0.6453125 0.31484375 0.0875 0.115625
0 0.75 0.18671875 0.1 0.128125
0 0.72578125 0.7546875 0.09140625 0.11484375
0 0.653125 0.1984375 0.08984375 0.125
0 0.55859375 0.321875 0.08359375 0.11171875
0 0.7375 0.42578125 0.0984375 0.11796875
0 0.55390625 0.7328125 0.08046875 0.10625
0 0.72265625 0.8546875 0.090625 0.1171875
0 0.340625 0.61640625 0.06640625 0.09609375
0 0.55859375 0.6328125 0.08046875 0.10390625
0 0.396875 0.32890625 0.0734375 0.10390625
0 0.559375 0.4296875 0.08046875 0.10859375
0 0.6390625 0.74375 0.0859375 0.11171875
0 0.47734375 0.42734375 0.0765625 0.1046875
0 0.85078125 0.17421875 0.1125 0.1375
0 0.62734375 0.8390625 0.08359375 0.1140625
0 0.26484375 0.33671875 0.06015625 0.09765625
0 0.40078125 0.43046875 0.07265625 0.10078125
0 0.3296875 0.33359375 0.065625 0.096875
0 0.4828125 0.21875 0.07890625 0.11484375
0 0.403125 0.52734375 0.07109375 0.09921875
0 0.4796875 0.32890625 0.0796875 0.10546875
0 0.33359375 0.4328125 0.0671875 0.0953125
0 0.4046875 0.6234375 0.071875 0.10234375
0 0.271875 0.434375 0.06015625 0.09296875
0 0.20703125 0.33984375 0.0609375 0.0953125
0 0.33515625 0.52578125 0.06875 0.09453125
0 0.159375 0.603125 0.05390625 0.084375
0 0.4734375 0.728125 0.07578125 0.109375
0 0.39765625 0.71328125 0.07109375 0.0953125
0 0.1046875 0.51953125 0.0578125 0.0828125
0 0.14609375 0.34375 0.05703125 0.08828125
0 0.08984375 0.2625 0.0578125 0.09296875
0 0.27265625 0.60859375 0.06484375 0.0921875
0 0.8140625 0.871875 0.10078125 0.1203125
0 0.27578125 0.5234375 0.0609375 0.09140625
0 0.1390625 0.25234375 0.0578125 0.09609375
0 0.14921875 0.434375 0.05859375 0.0875
0 0.215625 0.521875 0.05703125 0.0875
0 0.3359375 0.703125 0.0671875 0.09296875
0 0.25859375 0.23828125 0.0640625 0.10390625
0 0.0921875 0.34609375 0.059375 0.0859375
0 0.40234375 0.80703125 0.06875 0.10390625
0 0.20078125 0.24609375 0.05703125 0.1
0 0.21015625 0.4359375 0.06015625 0.0890625
0 0.09609375 0.434375 0.0546875 0.08828125
0 0.2734375 0.696875 0.0625 0.0921875
0 0.1078125 0.59609375 0.05703125 0.08125
0 0.15625 0.52109375 0.059375 0.0859375
0 0.3359375 0.78984375 0.065625 0.09375
0 0.215625 0.6046875 0.05859375 0.08828125
0 0.10703125 0.67734375 0.05625 0.0828125
0 0.46796875 0.81640625 0.06875 0.11015625
0 0.1140625 0.76015625 0.053125 0.0796875
0 0.28046875 0.784375 0.0578125 0.09140625
0 0.16015625 0.6859375 0.05546875 0.08359375
0 0.21796875 0.68671875 0.05625 0.0859375
0 0.165625 0.76171875 0.06796875 0.0953125
0 0.221875 0.76953125 0.06796875 0.09609375