0 0.41015625 0.48828125 0.1 0.1125
0 0.5046875 0.49609375 0.103125 0.1203125
0 0.47421875 0.75078125 0.08125 0.1375
0 0.59609375 0.49609375 0.096875 0.1140625
0 0.784375 0.2703125 0.096875 0.109375
0 0.3984375 0.61015625 0.084375 0.134375
0 0.32265625 0.8734375 0.0578125 0.1390625
0 0.39609375 0.75625 0.0875 0.1390625
0 0.640625 0.75546875 0.0796875 0.1359375
0 0.55859375 0.75859375 0.084375 0.134375
0 0.31640625 0.43359375 0.0875 0.134375
0 0.31796875 0.30078125 0.084375 0.134375
0 0.79921875 0.75078125 0.08125 0.134375
0 0.78984375 0.3859375 0.096875 0.1125
0 0.31875 0.1640625 0.0859375 0.134375
0 0.47421875 0.6171875 0.078125 0.13125
0 0.7875 0.15703125 0.09375 0.1109375
0 0.50859375 0.375 0.096875 0.10625
0 0.559375 0.621875 0.08125 0.1328125
0 0.6890625 0.48984375 0.096875 0.1078125
0 0.31484375 0.57578125 0.0875 0.1359375
0 0.7984375 0.615625 0.08125 0.13125
0 0.63984375 0.62109375 0.0796875 0.13125
0 0.690625 0.271875 0.096875 0.109375
0 0.503125 0.37734375 0.1 0.11875
0 0.7875 0.4890625 0.0984375 0.109375
0 0.41171875 0.37421875 0.1 0.109375
0 0.6953125 0.15234375 0.09375 0.115625
0 0.6921875 0.3796875 0.096875 0.1109375
0 0.7203125 0.7515625 0.078125 0.1328125
0 0.40859375 0.37421875 0.103125 0.121875
0 0.30703125 0.7234375 0.09375 0.14375
0 0.38984375 0.90078125 0.0921875 0.14375
0 0.40859375 0.26328125 0.103125 0.11875
0 0.40859375 0.15546875 0.103125 0.1171875
0 0.47578125 0.89765625 0.0890625 0.15
0 0.5046875 0.2671875 0.1 0.1171875
0 0.50625 0.1546875 0.1046875 0.11875
0 0.59765625 0.3828125 0.096875 0.115625
0 0.6 0.27109375 0.1 0.11875
0 0.60234375 0.159375 0.1015625 0.1140625
0 0.56015625 0.89609375 0.0859375 0.146875
0 0.64140625 0.89140625 0.0890625 0.1453125
0 0.72109375 0.88984375 0.0875 0.1421875
0 0.71875 0.6171875 0.0890625 0.1390625
0 0.8046875 0.884375 0.0875 0.14375
0 0.8015625 0.75 0.084375 0.1375
0 0.79921875 0.61640625 0.0859375 0.1375