0 0.3390625 0.5515625 0.10078125 0.0796875
0 0.23828125 0.55 0.1 0.07734375
0 0.23515625 0.4703125 0.1015625 0.08046875
0 0.34921875 0.31953125 0.10703125 0.08046875
0 0.33671875 0.47109375 0.1015625 0.08203125
0 0.23671875 0.62109375 0.09921875 0.078125
0 0.23984375 0.2375 0.10625 0.08203125
0 0.35 0.2375 0.10625 0.0828125
0 0.45546875 0.2375 0.109375 0.08359375
0 0.6875 0.31484375 0.1171875 0.08359375
0 0.45546875 0.3203125 0.109375 0.08125
0 0.24140625 0.31875 0.10703125 0.0796875
0 0.24140625 0.39375 0.10390625 0.07578125
0 0.34765625 0.3921875 0.10390625 0.078125
0 0.746875 0.63984375 0.11171875 0.09140625
0 0.57578125 0.23203125 0.1140625 0.08515625
0 0.4390625 0.55234375 0.10078125 0.08203125
0 0.13984375 0.61953125 0.09609375 0.078125
0 0.4546875 0.396875 0.10703125 0.07890625
0 0.8328125 0.3109375 0.16796875 0.08515625
0 0.13359375 0.3203125 0.1015625 0.07734375
0 0.5421875 0.5515625 0.103125 0.0796875
0 0.57421875 0.31640625 0.11171875 0.08203125
0 0.13828125 0.54609375 0.09765625 0.08046875
0 0.34296875 0.8609375 0.0984375 0.08046875
0 0.43828125 0.47109375 0.1015625 0.08203125
0 0.6890625 0.228125 0.11328125 0.08515625
0 0.3359375 0.62265625 0.09921875 0.07890625
0 0.3375 0.7 0.1 0.08203125
0 0.6359375 0.63671875 0.10546875 0.0875
0 0.74921875 0.55390625 0.11171875 0.08359375
0 0.24375 0.85546875 0.096875 0.07734375
0 0.64609375 0.55234375 0.10625 0.08125
0 0.14140625 0.84609375 0.10078125 0.075
0 0.5421875 0.47109375 0.10390625 0.08125
0 0.8640625 0.63984375 0.11171875 0.0875
0 0.2375 0.70078125 0.09921875 0.08125
0 0.1375 0.465625 0.09921875 0.07578125
0 0.3390625 0.78046875 0.10078125 0.07890625
0 0.440625 0.78671875 0.10234375 0.08359375
0 0.64375 0.71640625 0.1078125 0.08671875
0 0.646875 0.475 0.10625 0.075
0 0.5390625 0.634375 0.103125 0.08671875
0 0.54296875 0.78828125 0.10390625 0.0859375
0 0.68359375 0.3875 0.11484375 0.08203125
0 0.83125 0.3890625 0.16640625 0.08359375
0 0.134375 0.2390625 0.10234375 0.0796875
0 0.13515625 0.39375 0.103125 0.0765625
0 0.4421875 0.8640625 0.09921875 0.08046875
0 0.8671875 0.46953125 0.1125 0.08515625
0 0.8296875 0.228125 0.1671875 0.090625
0 0.8578125 0.8796875 0.1125 0.084375
0 0.7453125 0.71328125 0.11015625 0.0859375
0 0.75703125 0.47109375 0.1109375 0.0828125
0 0.571875 0.3890625 0.11171875 0.08046875
0 0.1421875 0.69765625 0.0953125 0.07421875
0 0.8671875 0.553125 0.1109375 0.08671875
0 0.54296875 0.8671875 0.1015625 0.08203125
0 0.63984375 0.79375 0.10546875 0.08359375
0 0.53828125 0.71171875 0.103125 0.08203125
0 0.434375 0.62734375 0.1 0.08125
0 0.23828125 0.778125 0.09921875 0.0765625
0 0.43359375 0.70703125 0.10078125 0.07890625
0 0.86171875 0.71640625 0.1109375 0.08828125
0 0.7453125 0.878125 0.10390625 0.06953125
0 0.6453125 0.87109375 0.10625 0.08515625
0 0.74609375 0.796875 0.1078125 0.0796875
0 0.1359375 0.775 0.10234375 0.0828125
0 0.86171875 0.796875 0.11015625 0.08515625