0 0.71484375 0.2015625 0.259375 0.03125
0 0.71640625 0.35703125 0.26875 0.03125
0 0.7171875 0.6359375 0.26875 0.0375
0 0.7140625 0.496875 0.2625 0.028125
0 0.7171875 0.53828125 0.2671875 0.028125
0 0.71171875 0.34609375 0.2625 0.0328125
0 0.71015625 0.12109375 0.265625 0.040625
0 0.71015625 0.3953125 0.259375 0.034375
0 0.4453125 0.8875 0.296875 0.046875
0 0.71640625 0.5796875 0.26875 0.025
0 0.7171875 0.67265625 0.265625 0.046875
0 0.44765625 0.73515625 0.3 0.0328125
0 0.44296875 0.425 0.290625 0.025
0 0.721875 0.86875 0.271875 0.04375
0 0.44375 0.42734375 0.284375 0.0234375
0 0.721875 0.76640625 0.265625 0.0390625
0 0.4484375 0.57734375 0.2953125 0.03125
0 0.44609375 0.52109375 0.29375 0.034375
0 0.446875 0.48125 0.290625 0.0390625
0 0.446875 0.56171875 0.29375 0.03125
0 0.71484375 0.2625 0.265625 0.034375
0 0.45 0.82421875 0.296875 0.0390625
0 0.44609375 0.62890625 0.296875 0.028125
0 0.71171875 0.140625 0.2625 0.034375
0 0.43984375 0.403125 0.290625 0.034375
0 0.721875 0.809375 0.2625 0.040625
0 0.44453125 0.78203125 0.2875 0.0453125
0 0.725 0.85 0.265625 0.04375
0 0.71171875 0.4328125 0.2625 0.028125
0 0.4390625 0.36171875 0.2875 0.0359375
0 0.4484375 0.86640625 0.29375 0.0453125
0 0.446875 0.5328125 0.2921875 0.03125
0 0.4421875 0.31640625 0.284375 0.0359375