0 0.55546875 0.55703125 0.2140625 0.065625
0 0.5625 0.63125 0.221875 0.071875
0 0.33828125 0.56015625 0.2078125 0.065625
0 0.165625 0.60859375 0.1375 0.125
0 0.33984375 0.49453125 0.203125 0.065625
0 0.546875 0.4953125 0.20625 0.0625
0 0.51953125 0.24296875 0.1828125 0.053125
0 0.53984375 0.43125 0.2 0.0609375
0 0.3359375 0.3046875 0.19375 0.05625
0 0.33828125 0.63359375 0.215625 0.071875
0 0.3328125 0.14296875 0.1828125 0.05
0 0.525 0.30390625 0.184375 0.05625
0 0.33828125 0.2453125 0.190625 0.0515625
0 0.15546875 0.7609375 0.14375 0.1421875
0 0.340625 0.3578125 0.196875 0.059375
0 0.7890625 0.6953125 0.221875 0.075
0 0.334375 0.78671875 0.2375 0.0828125
0 0.17421875 0.4640625 0.125 0.1125
0 0.3359375 0.19765625 0.184375 0.0484375
0 0.18828125 0.2578125 0.109375 0.09375
0 0.79609375 0.778125 0.23125 0.08125
0 0.18984375 0.1703125 0.1046875 0.0859375
0 0.3375 0.43046875 0.203125 0.059375
0 0.76328125 0.55625 0.20625 0.065625
0 0.709375 0.24296875 0.184375 0.053125
0 0.57265625 0.78203125 0.2265625 0.08125
0 0.18515625 0.3578125 0.115625 0.1015625
0 0.72734375 0.359375 0.190625 0.059375
0 0.73984375 0.428125 0.2 0.059375
0 0.534375 0.3609375 0.19375 0.059375
0 0.7171875 0.303125 0.1859375 0.05625
0 0.56640625 0.7 0.221875 0.075
0 0.75234375 0.48515625 0.203125 0.0625
0 0.7796875 0.6265625 0.21875 0.071875
0 0.509375 0.14140625 0.1796875 0.046875
0 0.33671875 0.7046875 0.228125 0.078125
0 0.5140625 0.19453125 0.18125 0.0484375
0 0.7 0.1953125 0.178125 0.05
0 0.69375 0.140625 0.178125 0.046875