0 0.61171875 0.659375 0.065625 0.06875
0 0.67421875 0.79765625 0.065625 0.0703125
0 0.63046875 0.10546875 0.06875 0.071875
0 0.67734375 0.6640625 0.06875 0.0703125
0 0.67578125 0.7296875 0.0671875 0.06875
0 0.55 0.584375 0.0625 0.065625
0 0.6171875 0.45390625 0.0671875 0.06875
0 0.54609375 0.7828125 0.0640625 0.065625
0 0.625 0.1765625 0.06875 0.0734375
0 0.5609375 0.11328125 0.065625 0.071875
0 0.49765625 0.18515625 0.059375 0.065625
0 0.5484375 0.6515625 0.0640625 0.065625
0 0.6109375 0.790625 0.065625 0.0671875
0 0.6859375 0.4546875 0.06875 0.0703125
0 0.68203125 0.5234375 0.0671875 0.071875
0 0.6140625 0.5921875 0.0671875 0.06875
0 0.6125 0.72578125 0.065625 0.06875
0 0.60703125 0.8546875 0.065625 0.06875
0 0.61484375 0.525 0.065625 0.06875
0 0.5578125 0.25234375 0.065625 0.06875
0 0.6875 0.3171875 0.0671875 0.0703125
0 0.54453125 0.846875 0.0625 0.06875
0 0.69765625 0.10234375 0.06875 0.075
0 0.48984375 0.578125 0.059375 0.065625
0 0.69609375 0.175 0.06875 0.071875
0 0.6890625 0.2421875 0.06875 0.071875
0 0.68125 0.596875 0.0671875 0.06875
0 0.61875 0.38671875 0.065625 0.0703125
0 0.4921875 0.5140625 0.059375 0.065625
0 0.559375 0.18046875 0.0671875 0.06875
0 0.62265625 0.25 0.065625 0.0703125
0 0.5 0.11796875 0.059375 0.06875
0 0.6875 0.38671875 0.06875 0.071875
0 0.546875 0.7171875 0.065625 0.06875
0 0.48671875 0.77265625 0.059375 0.0625
0 0.6203125 0.3171875 0.0671875 0.0703125
0 0.4875 0.71015625 0.0578125 0.06875
0 0.48984375 0.6453125 0.059375 0.0625
0 0.67109375 0.86875 0.0671875 0.0703125
0 0.49765625 0.2546875 0.059375 0.06875
0 0.5546875 0.45234375 0.0640625 0.06875
0 0.553125 0.521875 0.065625 0.065625
0 0.43828125 0.6109375 0.04375 0.059375
0 0.43984375 0.5515625 0.04375 0.059375
0 0.49140625 0.4484375 0.0625 0.065625
0 0.5546875 0.3875 0.0671875 0.065625
0 0.48203125 0.8421875 0.059375 0.06875
0 0.55546875 0.32109375 0.06875 0.06875
0 0.44140625 0.4359375 0.04375 0.05625
0 0.440625 0.4953125 0.046875 0.053125
0 0.43671875 0.66953125 0.046875 0.05625
0 0.4421875 0.3796875 0.04375 0.059375
0 0.49296875 0.3203125 0.05625 0.065625
0 0.48828125 0.38828125 0.0546875 0.065625
0 0.4546875 0.18046875 0.03125 0.0578125
0 0.44296875 0.31640625 0.04375 0.065625
0 0.44296875 0.7734375 0.03125 0.05625
0 0.44453125 0.72421875 0.0328125 0.0484375