0 0.3140625 0.8359375 0.0765625 0.1375
0 0.390625 0.83125 0.075 0.134375
0 0.415625 0.225 0.06875 0.1109375
0 0.540625 0.4515625 0.065625 0.1171875
0 0.5359375 0.8203125 0.075 0.128125
0 0.459375 0.82578125 0.071875 0.1328125
0 0.5421875 0.5703125 0.065625 0.121875
0 0.15625 0.83828125 0.0796875 0.134375
0 0.2375 0.8359375 0.078125 0.1375
0 0.546875 0.22578125 0.065625 0.1109375
0 0.60390625 0.45078125 0.065625 0.1125
0 0.30859375 0.590625 0.053125 0.071875
0 0.3578125 0.51875 0.05 0.0703125
0 0.4765625 0.2265625 0.06875 0.1125
0 0.5453125 0.69375 0.065625 0.1265625
0 0.5484375 0.33203125 0.06875 0.1125
0 0.31015625 0.38515625 0.05 0.06875
0 0.6046875 0.565625 0.0671875 0.115625
0 0.4765625 0.45234375 0.0640625 0.1203125
0 0.47734375 0.571875 0.065625 0.125
0 0.35546875 0.19609375 0.046875 0.059375
0 0.47890625 0.3328125 0.06875 0.1109375
0 0.3125 0.25234375 0.046875 0.0625
0 0.44765625 0.13125 0.05 0.065625
0 0.615625 0.22890625 0.06875 0.109375
0 0.415625 0.33203125 0.06875 0.1109375
0 0.47890625 0.696875 0.065625 0.128125
0 0.61796875 0.3390625 0.06875 0.109375
0 0.3109375 0.4515625 0.05 0.0671875
0 0.15859375 0.51875 0.0546875 0.0703125
0 0.165625 0.31796875 0.053125 0.065625
0 0.41484375 0.57265625 0.065625 0.121875
0 0.30703125 0.66171875 0.053125 0.075
0 0.31328125 0.1953125 0.046875 0.059375
0 0.2296875 0.66171875 0.103125 0.0734375
0 0.3125 0.3203125 0.046875 0.065625
0 0.215625 0.31953125 0.046875 0.065625
0 0.2109375 0.52265625 0.0546875 0.06875
0 0.21328125 0.45078125 0.05 0.06875
0 0.415625 0.4484375 0.065625 0.11875
0 0.259375 0.3203125 0.053125 0.065625
0 0.490625 0.1390625 0.04375 0.0625
0 0.35546875 0.31953125 0.046875 0.065625
0 0.60703125 0.684375 0.06875 0.121875
0 0.35625 0.590625 0.046875 0.06875
0 0.3578125 0.45078125 0.05 0.0671875
0 0.309375 0.5234375 0.05 0.06875
0 0.16171875 0.45078125 0.0515625 0.071875
0 0.30625 0.73046875 0.0546875 0.071875
0 0.21875 0.18984375 0.05 0.065625
0 0.2578125 0.52265625 0.046875 0.06875
0 0.2140625 0.3796875 0.05 0.065625
0 0.26328125 0.384375 0.046875 0.0671875
0 0.41484375 0.7 0.0671875 0.13125
0 0.21640625 0.25078125 0.05 0.0640625
0 0.609375 0.8171875 0.078125 0.13125
0 0.1484375 0.66328125 0.053125 0.075
0 0.16484375 0.2515625 0.05 0.0640625
0 0.228125 0.7296875 0.103125 0.071875
0 0.22734375 0.58671875 0.09375 0.0703125
0 0.16015625 0.3796875 0.053125 0.065625
0 0.15 0.7390625 0.0546875 0.0765625
0 0.26328125 0.19453125 0.0484375 0.0609375
0 0.15234375 0.5890625 0.053125 0.071875
0 0.3578125 0.384375 0.05 0.06875
0 0.26328125 0.4515625 0.0484375 0.0671875
0 0.35859375 0.25625 0.046875 0.0625
0 0.35703125 0.66015625 0.0515625 0.0734375
0 0.53828125 0.134375 0.05 0.0625
0 0.265625 0.25546875 0.05 0.065625
0 0.22265625 0.12734375 0.0546875 0.06875
0 0.26328125 0.1296875 0.046875 0.059375
0 0.35390625 0.73125 0.0484375 0.071875
0 0.3578125 0.1296875 0.05 0.0640625
0 0.253125 0.73046875 0.053125 0.071875
0 0.62734375 0.1375 0.04375 0.0625
0 0.58046875 0.1375 0.0484375 0.06875
0 0.403125 0.13203125 0.0484375 0.065625
0 0.3140625 0.1296875 0.053125 0.065625
0 0.175 0.128125 0.05 0.0703125
0 0.171875 0.1890625 0.0515625 0.065625