0 0.21796875 0.940625 0.08125 0.1109375
0 0.88046875 0.73671875 0.084375 0.109375
0 0.959375 0.7375 0.08125 0.115625
0 0.38515625 0.62578125 0.078125 0.10625
0 0.46484375 0.7328125 0.08125 0.1109375
0 0.2375 0.52421875 0.0765625 0.1046875
0 0.54765625 0.84609375 0.08125 0.1125
0 0.88125 0.84375 0.084375 0.115625
0 0.95703125 0.9453125 0.078125 0.1015625
0 0.3046875 0.7296875 0.08125 0.1109375
0 0.8640625 0.42578125 0.078125 0.103125
0 0.31640625 0.5265625 0.078125 0.103125
0 0.2265625 0.7296875 0.0765625 0.109375
0 0.71328125 0.73515625 0.08125 0.109375
0 0.46328125 0.94140625 0.08125 0.109375
0 0.3796875 0.7296875 0.08125 0.1109375
0 0.79375 0.7359375 0.0796875 0.1125
0 0.95625 0.628125 0.0859375 0.1109375
0 0.86875 0.52734375 0.08125 0.10625
0 0.3015625 0.83984375 0.0796875 0.109375
0 0.625 0.84140625 0.08125 0.115625
0 0.3796875 0.83984375 0.08125 0.1109375
0 0.31328125 0.62578125 0.078125 0.10625
0 0.221875 0.8359375 0.078125 0.109375
0 0.54765625 0.7328125 0.0796875 0.1125
0 0.38828125 0.52578125 0.078125 0.103125
0 0.96015625 0.84921875 0.0796875 0.115625
0 0.15390625 0.6234375 0.075 0.1046875
0 0.63359375 0.73359375 0.08125 0.1109375
0 0.71015625 0.94765625 0.08125 0.1046875
0 0.78671875 0.5265625 0.08125 0.103125
0 0.46875 0.61953125 0.08125 0.10625
0 0.87578125 0.62890625 0.08125 0.1109375
0 0.70703125 0.62265625 0.08125 0.1078125
0 0.79140625 0.6234375 0.0828125 0.109375
0 0.8828125 0.94609375 0.084375 0.1
0 0.715625 0.846875 0.084375 0.115625
0 0.1578125 0.5234375 0.075 0.103125
0 0.70390625 0.42734375 0.078125 0.1015625
0 0.2328125 0.6203125 0.078125 0.10625
0 0.796875 0.84296875 0.08125 0.115625
0 0.140625 0.834375 0.075 0.1125
0 0.55078125 0.42734375 0.075 0.1
0 0.79765625 0.94453125 0.08125 0.103125
0 0.62578125 0.9453125 0.084375 0.1
0 0.45859375 0.84375 0.08125 0.1109375
0 0.93984375 0.42578125 0.0828125 0.103125
0 0.37734375 0.94140625 0.08125 0.109375
0 0.1453125 0.7296875 0.0765625 0.1109375
0 0.63125 0.6265625 0.078125 0.109375
0 0.7828125 0.42578125 0.078125 0.1015625
0 0.23828125 0.4265625 0.075 0.1
0 0.30078125 0.940625 0.08125 0.109375
0 0.4734375 0.4265625 0.075 0.1
0 0.46875 0.52109375 0.0765625 0.103125
0 0.5484375 0.94296875 0.08125 0.10625
0 0.5515625 0.525 0.0765625 0.10625
0 0.70390625 0.52421875 0.078125 0.10625
0 0.62734375 0.428125 0.078125 0.1
0 0.5484375 0.628125 0.078125 0.109375
0 0.62578125 0.5234375 0.0765625 0.103125
0 0.3171875 0.42578125 0.075 0.1
0 0.39296875 0.428125 0.075 0.1
0 0.1359375 0.940625 0.0796875 0.1125
0 0.16796875 0.4265625 0.075 0.1
0 0.94921875 0.52578125 0.08125 0.10625