0 0.95546875 0.25546875 0.0890625 0.128125
0 0.57890625 0.26796875 0.084375 0.115625
0 0.4921875 0.2703125 0.078125 0.115625
0 0.75703125 0.2609375 0.090625 0.121875
0 0.66796875 0.3765625 0.084375 0.115625
0 0.40859375 0.2703125 0.078125 0.1140625
0 0.8546875 0.38125 0.0921875 0.11875
0 0.740625 0.59765625 0.0890625 0.1125
0 0.66796875 0.265625 0.0875 0.121875
0 0.93515625 0.61015625 0.1 0.1125
0 0.49296875 0.38203125 0.08125 0.1109375
0 0.94765625 0.3765625 0.0953125 0.121875
0 0.759375 0.38125 0.090625 0.11875
0 0.83828125 0.60390625 0.09375 0.115625
0 0.4171875 0.3828125 0.078125 0.109375
0 0.57890625 0.38046875 0.084375 0.1125
0 0.8578125 0.25859375 0.096875 0.125
0 0.2578125 0.271875 0.075 0.109375
0 0.3359375 0.271875 0.075 0.1109375
0 0.73203125 0.1734375 0.159375 0.071875
0 0.73046875 0.81328125 0.084375 0.109375
0 0.56484375 0.6953125 0.08125 0.109375
0 0.41015625 0.78125 0.071875 0.1
0 0.57734375 0.48984375 0.08125 0.10625
0 0.66484375 0.49453125 0.084375 0.1125
0 0.5734375 0.17890625 0.15 0.071875
0 0.84140625 0.49140625 0.0921875 0.115625
0 0.5625 0.79765625 0.078125 0.109375
0 0.33828125 0.37734375 0.0765625 0.109375
0 0.259375 0.47734375 0.071875 0.1046875
0 0.26015625 0.5765625 0.075 0.1015625
0 0.18671875 0.38046875 0.075 0.10625
0 0.82578125 0.71484375 0.0875 0.109375
0 0.6484375 0.7046875 0.08125 0.109375
0 0.25703125 0.38125 0.075 0.10625
0 0.89453125 0.16015625 0.171875 0.075
0 0.75390625 0.49296875 0.0875 0.115625
0 0.125 0.76015625 0.071875 0.0921875
0 0.41171875 0.68203125 0.0734375 0.103125
0 0.1921875 0.671875 0.071875 0.096875
0 0.33828125 0.67890625 0.071875 0.1
0 0.1109375 0.3765625 0.075 0.103125
0 0.409375 0.48125 0.075 0.1046875
0 0.740625 0.709375 0.0875 0.109375
0 0.4125 0.58125 0.075 0.1
0 0.18359375 0.47578125 0.0734375 0.103125
0 0.4859375 0.5859375 0.078125 0.103125
0 0.484375 0.6859375 0.075 0.1046875
0 0.94140625 0.5 0.096875 0.11875
0 0.3375 0.58046875 0.075 0.1015625
0 0.42109375 0.1859375 0.1328125 0.06875
0 0.49140625 0.48828125 0.078125 0.10625
0 0.18359375 0.57578125 0.075 0.1
0 0.4796875 0.7875 0.075 0.103125
0 0.1796875 0.27265625 0.075 0.1078125
0 0.903125 0.82421875 0.090625 0.1140625
0 0.9234375 0.71640625 0.096875 0.1125
0 0.334375 0.48671875 0.075 0.103125
0 0.29609375 0.1921875 0.125 0.065625
0 0.11015625 0.2734375 0.075 0.10625
0 0.65625 0.59375 0.084375 0.1125
0 0.1234375 0.6671875 0.0703125 0.1
0 0.81328125 0.8140625 0.084375 0.109375
0 0.19375 0.7640625 0.0703125 0.096875
0 0.56875 0.59375 0.08125 0.109375
0 0.26796875 0.675 0.071875 0.1
0 0.134375 0.19453125 0.11875 0.0625
0 0.646875 0.80703125 0.08125 0.109375
0 0.26328125 0.76796875 0.06875 0.096875
0 0.3375 0.775 0.071875 0.096875
0 0.11328125 0.475 0.0734375 0.103125
0 0.1125 0.57421875 0.075 0.1