0 0.28984375 0.23203125 0.11015625 0.15859375
0 0.6046875 0.23515625 0.11015625 0.184375
0 0.3953125 0.0703125 0.1015625 0.140625
0 0.66171875 0.06953125 0.08125 0.1390625
0 0.496875 0.234375 0.09765625 0.17421875
0 0.2875 0.07734375 0.115625 0.1546875
0 0.39375 0.2296875 0.0984375 0.175
0 0.48984375 0.07109375 0.0828125 0.1421875
0 0.34609375 0.525 0.084375 0.2921875
0 0.5765625 0.07109375 0.08125 0.14140625
0 0.74140625 0.06875 0.08671875 0.13671875
0 0.72265625 0.2328125 0.11484375 0.18515625
0 0.15703125 0.79765625 0.04765625 0.27734375
0 0.66015625 0.528125 0.03671875 0.28125
0 0.653125 0.79296875 0.0453125 0.26484375
0 0.2828125 0.79375 0.059375 0.27265625
0 0.253125 0.79453125 0.05859375 0.27265625
0 0.5125 0.51875 0.14765625 0.278125
0 0.68515625 0.7921875 0.02890625 0.26640625
0 0.215625 0.5109375 0.1375 0.2875
0 0.4109375 0.79765625 0.09140625 0.2734375
0 0.57890625 0.78515625 0.0859375 0.26484375
0 0.7046875 0.5265625 0.03515625 0.28125
0 0.31328125 0.79453125 0.034375 0.27265625
0 0.70546875 0.79296875 0.0453125 0.2671875
0 0.69140625 0.52734375 0.03125 0.28203125
0 0.18203125 0.51875 0.06015625 0.29921875
0 0.20625 0.79453125 0.05078125 0.2703125
0 0.7453125 0.5265625 0.03984375 0.28203125
0 0.85390625 0.79296875 0.103125 0.27265625
0 0.64765625 0.52890625 0.03046875 0.2828125
0 0.41796875 0.52578125 0.04609375 0.28203125
0 0.3390625 0.79375 0.0484375 0.26875
0 0.2953125 0.525 0.02734375 0.29140625
0 0.8109375 0.53125 0.03125 0.28984375
0 0.12578125 0.51953125 0.0515625 0.30703125