0 0.953125 0.62265625 0.09375 0.0984375
0 0.94765625 0.528125 0.1046875 0.09375
0 0.84296875 0.72109375 0.1609375 0.1
0 0.94453125 0.43203125 0.1109375 0.0953125
0 0.95703125 0.7234375 0.0859375 0.1046875
0 0.83203125 0.621875 0.1578125 0.09375
0 0.82578125 0.534375 0.153125 0.0921875
0 0.8125 0.43984375 0.1484375 0.090625
0 0.92734375 0.33984375 0.1453125 0.0953125
0 0.79609375 0.35 0.11875 0.0875
0 0.2671875 0.55546875 0.2703125 0.0375
0 0.2640625 0.58203125 0.265625 0.0265625
0 0.265625 0.765625 0.2828125 0.0265625
0 0.2625 0.63359375 0.26875 0.0265625
0 0.26328125 0.4375 0.2609375 0.025
0 0.26171875 0.85859375 0.28125 0.028125
0 0.2625 0.80703125 0.278125 0.0296875
0 0.5375 0.31796875 0.290625 0.1421875
0 0.26171875 0.8390625 0.278125 0.028125
0 0.26640625 0.70546875 0.278125 0.0421875
0 0.26328125 0.484375 0.259375 0.0390625
0 0.26484375 0.78984375 0.284375 0.0296875
0 0.2625 0.603125 0.265625 0.025
0 0.26171875 0.6578125 0.265625 0.0328125
0 0.26171875 0.384375 0.25625 0.04375
0 0.2640625 0.4578125 0.2609375 0.028125
0 0.559375 0.8453125 0.3140625 0.0890625
0 0.2640625 0.54140625 0.2625 0.025
0 0.2625 0.91328125 0.284375 0.046875
0 0.26640625 0.41484375 0.2625 0.0265625
0 0.8875 0.85625 0.21875 0.040625
0 0.55546875 0.58125 0.3109375 0.06875
0 0.26171875 0.8828125 0.28125 0.028125
0 0.26640625 0.74375 0.2796875 0.0265625
0 0.26796875 0.5203125 0.265625 0.0234375