0 0.83671875 0.25234375 0.08515625 0.08203125
0 0.67265625 0.43359375 0.07421875 0.0765625
0 0.834375 0.3390625 0.0859375 0.090625
0 0.746875 0.43046875 0.07890625 0.08125
0 0.603125 0.43125 0.0703125 0.07734375
0 0.67265625 0.5109375 0.0734375 0.071875
0 0.40546875 0.35625 0.06328125 0.07265625
0 0.6734375 0.26328125 0.0765625 0.08046875
0 0.825 0.6 0.0796875 0.07109375
0 0.82734375 0.51484375 0.0828125 0.075
0 0.60078125 0.26796875 0.0734375 0.08046875
0 0.75546875 0.2578125 0.08125 0.07890625
0 0.403125 0.28203125 0.0609375 0.0703125
0 0.91953125 0.3359375 0.0890625 0.09375
0 0.671875 0.66171875 0.071875 0.071875
0 0.67109375 0.58359375 0.07265625 0.07421875
0 0.74453125 0.59375 0.0765625 0.071875
0 0.74609375 0.34296875 0.0796875 0.0828125
0 0.34921875 0.3609375 0.06015625 0.0703125
0 0.82265625 0.67578125 0.078125 0.071875
0 0.925 0.24453125 0.090625 0.08671875
0 0.67421875 0.73203125 0.07109375 0.071875
0 0.74375 0.74140625 0.07265625 0.0671875
0 0.74609375 0.51171875 0.07734375 0.075
0 0.60546875 0.5078125 0.0671875 0.07109375
0 0.81953125 0.74765625 0.078125 0.07421875
0 0.74296875 0.66875 0.075 0.0703125
0 0.5375 0.434375 0.0671875 0.07578125
0 0.6046875 0.57890625 0.065625 0.0703125
0 0.47109375 0.43203125 0.065625 0.07109375
0 0.7421875 0.8140625 0.0734375 0.071875
0 0.67421875 0.80625 0.07109375 0.06875
0 0.465625 0.35390625 0.065625 0.07578125
0 0.60625 0.65546875 0.065625 0.06875
0 0.53359375 0.3546875 0.0671875 0.075
0 0.67109375 0.3484375 0.07421875 0.075
0 0.34375 0.284375 0.0609375 0.071875
0 0.35390625 0.43125 0.06328125 0.06953125
0 0.54140625 0.5046875 0.0640625 0.07109375
0 0.890625 0.82890625 0.08125 0.07265625
0 0.60078125 0.35390625 0.07109375 0.0734375
0 0.89453125 0.759375 0.0796875 0.07265625
0 0.8296875 0.4296875 0.08359375 0.0875
0 0.89921875 0.68046875 0.08125 0.07421875
0 0.81640625 0.821875 0.0765625 0.07109375
0 0.29296875 0.3625 0.05703125 0.0671875
0 0.52890625 0.2734375 0.0671875 0.07734375
0 0.2984375 0.43125 0.059375 0.065625
0 0.4796875 0.6453125 0.06015625 0.06328125
0 0.478125 0.57265625 0.0609375 0.0671875
0 0.91640625 0.43125 0.08671875 0.0828125
0 0.54296875 0.6484375 0.0625 0.06875
0 0.4234375 0.5703125 0.05859375 0.06640625
0 0.54765625 0.78359375 0.0640625 0.07109375
0 0.60390625 0.721875 0.06640625 0.0703125
0 0.4625 0.275 0.0640625 0.075
0 0.47734375 0.50390625 0.0640625 0.06796875
0 0.53984375 0.5765625 0.06328125 0.071875
0 0.6046875 0.79296875 0.065625 0.071875
0 0.43046875 0.70234375 0.05859375 0.06953125
0 0.546875 0.71640625 0.0640625 0.0703125
0 0.484375 0.709375 0.06015625 0.07109375
0 0.325 0.69296875 0.0546875 0.059375
0 0.378125 0.69921875 0.0578125 0.0671875
0 0.9109375 0.5234375 0.08671875 0.0765625
0 0.41875 0.63984375 0.0703125 0.065625
0 0.41640625 0.4328125 0.0625 0.06953125
0 0.90625 0.59921875 0.084375 0.07890625
0 0.3203125 0.63203125 0.0546875 0.06484375
0 0.28515625 0.28203125 0.06171875 0.0796875
0 0.27578125 0.690625 0.05390625 0.05859375
0 0.375 0.63671875 0.06484375 0.06953125
0 0.2390625 0.36171875 0.0578125 0.071875
0 0.26796875 0.62421875 0.0515625 0.0625
0 0.3171875 0.56640625 0.053125 0.05859375
0 0.0890625 0.29453125 0.0578125 0.07109375
0 0.1359375 0.29296875 0.0578125 0.07265625
0 0.18515625 0.2875 0.05859375 0.07578125
0 0.234375 0.28515625 0.0625 0.07890625
0 0.09609375 0.36171875 0.0546875 0.0671875
0 0.14296875 0.36171875 0.05859375 0.0703125
0 0.18828125 0.359375 0.05625 0.06796875
0 0.10703125 0.4265625 0.05859375 0.06484375
0 0.15390625 0.4265625 0.05546875 0.06640625
0 0.2015625 0.428125 0.0609375 0.06875
0 0.24921875 0.42734375 0.0625 0.06953125
0 0.1125 0.490625 0.0578125 0.065625
0 0.16171875 0.49140625 0.059375 0.0671875
0 0.2109375 0.49296875 0.0578125 0.0671875
0 0.259375 0.49453125 0.06171875 0.0671875
0 0.31171875 0.49609375 0.05703125 0.0703125
0 0.3640625 0.49609375 0.0640625 0.07109375
0 0.41796875 0.49921875 0.06015625 0.071875
0 0.11953125 0.5515625 0.05390625 0.0640625
0 0.16484375 0.5546875 0.05703125 0.06328125
0 0.21328125 0.55859375 0.06015625 0.06953125
0 0.2625 0.56171875 0.05859375 0.0671875
0 0.36796875 0.56640625 0.05859375 0.0703125
0 0.128125 0.609375 0.05546875 0.06171875
0 0.17265625 0.6140625 0.053125 0.06484375
0 0.21953125 0.6171875 0.05390625 0.06640625
0 0.13828125 0.66796875 0.053125 0.06484375
0 0.18125 0.671875 0.05234375 0.065625
0 0.2265625 0.678125 0.0546875 0.06796875
0 0.48828125 0.771875 0.06171875 0.07421875
0 0.43203125 0.76328125 0.059375 0.07265625
0 0.37890625 0.75703125 0.05859375 0.0703125
0 0.32890625 0.74921875 0.05625 0.06875
0 0.2796875 0.7421875 0.05859375 0.06953125
0 0.14140625 0.76953125 0.05546875 0.07421875
0 0.09453125 0.7609375 0.059375 0.07109375
0 0.05 0.75390625 0.05625 0.06875