0 0.6140625 0.459375 0.13125 0.13125
0 0.39921875 0.58515625 0.11875 0.103125
0 0.4921875 0.465625 0.125 0.1234375
0 0.29296875 0.59609375 0.1203125 0.103125
0 0.6125 0.57421875 0.11875 0.109375
0 0.75546875 0.3078125 0.159375 0.1625
0 0.74140625 0.4484375 0.140625 0.1375
0 0.61171875 0.67890625 0.1109375 0.090625
0 0.61328125 0.1578125 0.153125 0.190625
0 0.503125 0.58046875 0.115625 0.1046875
0 0.5203125 0.7765625 0.078125 0.103125
0 0.7765625 0.12890625 0.178125 0.20625
0 0.48046875 0.33828125 0.134375 0.1453125
0 0.16875 0.50390625 0.13125 0.109375
0 0.13203125 0.384375 0.1375 0.1296875
0 0.76328125 0.771875 0.09375 0.109375
0 0.31875 0.6890625 0.109375 0.0875
0 0.4765625 0.18046875 0.1484375 0.18125
0 0.27421875 0.4875 0.128125 0.115625
0 0.35859375 0.34375 0.1375 0.1375
0 0.5078125 0.68125 0.10625 0.090625
0 0.59453125 0.86875 0.0734375 0.090625
0 0.5984375 0.771875 0.0796875 0.0984375
0 0.61171875 0.31484375 0.140625 0.1578125
0 0.5296875 0.8671875 0.071875 0.0875
0 0.19921875 0.5984375 0.1171875 0.0984375
0 0.67421875 0.76953125 0.08125 0.103125
0 0.41328125 0.6828125 0.109375 0.090625
0 0.84375 0.521875 0.1125 0.146875
0 0.44609375 0.77890625 0.078125 0.1
0 0.8890625 0.36875 0.1515625 0.1859375
0 0.37578125 0.475 0.125 0.11875
0 0.221875 0.6890625 0.10625 0.084375
0 0.33671875 0.19765625 0.1578125 0.16875
0 0.09375 0.2375 0.15 0.15625
0 0.24296875 0.36796875 0.140625 0.13125
0 0.20625 0.2203125 0.15625 0.171875
0 0.3125 0.78203125 0.0796875 0.096875
0 0.7265625 0.56875 0.128125 0.115625
0 0.66953125 0.86875 0.075 0.09375
0 0.3796875 0.78046875 0.075 0.096875
0 0.29921875 0.86796875 0.134375 0.0796875
0 0.4265625 0.8640625 0.134375 0.0828125
0 0.91875 0.14921875 0.1625 0.246875
0 0.23828125 0.77890625 0.0875 0.096875
0 0.39765625 0.86640625 0.0640625 0.08125
0 0.7234375 0.6734375 0.11875 0.096875
0 0.82890625 0.66015625 0.11875 0.13125
0 0.7484375 0.8671875 0.09375 0.09375