0 0.44765625 0.57109375 0.09375 0.065625
0 0.328125 0.26640625 0.1125 0.0875
0 0.625 0.56953125 0.0921875 0.0671875
0 0.5390625 0.571875 0.090625 0.0671875
0 0.853125 0.184375 0.11875 0.0921875
0 0.228125 0.359375 0.11875 0.0875
0 0.6390625 0.3484375 0.1 0.0796875
0 0.43671875 0.27578125 0.103125 0.084375
0 0.6359375 0.42890625 0.096875 0.075
0 0.43359375 0.17890625 0.109375 0.0953125
0 0.7515625 0.18203125 0.1109375 0.090625
0 0.646875 0.1828125 0.109375 0.09375
0 0.64296875 0.2703125 0.10625 0.084375
0 0.26015625 0.584375 0.109375 0.075
0 0.32265625 0.1796875 0.115625 0.096875
0 0.21875 0.2734375 0.13125 0.09375
0 0.4390625 0.353125 0.103125 0.0796875
0 0.53984375 0.27265625 0.103125 0.0859375
0 0.53828125 0.509375 0.09375 0.065625
0 0.7171875 0.5671875 0.09375 0.06875
0 0.7390625 0.271875 0.1078125 0.0859375
0 0.54140625 0.36328125 0.1 0.0796875
0 0.36328125 0.759375 0.084375 0.05625
0 0.4515625 0.75703125 0.0859375 0.05625
0 0.44921875 0.8625 0.08125 0.053125
0 0.20859375 0.17890625 0.128125 0.096875
0 0.3375 0.3546875 0.10625 0.08125
0 0.353125 0.50546875 0.1 0.071875
0 0.5421875 0.18125 0.109375 0.0953125
0 0.44609375 0.50625 0.0953125 0.06875
0 0.2515625 0.5140625 0.109375 0.0828125
0 0.5296875 0.80625 0.084375 0.059375
0 0.81015625 0.50859375 0.1 0.065625
0 0.27890625 0.76796875 0.096875 0.059375
0 0.44453125 0.4328125 0.1 0.075
0 0.3578125 0.57578125 0.096875 0.065625
0 0.24140625 0.43828125 0.1140625 0.078125
0 0.84453125 0.27421875 0.1109375 0.084375
0 0.7375 0.34921875 0.1 0.078125
0 0.7015625 0.69296875 0.096875 0.0671875
0 0.4484375 0.6359375 0.090625 0.0625
0 0.5390625 0.43515625 0.0953125 0.0765625
0 0.81640625 0.434375 0.1 0.0765625
0 0.2734375 0.7078125 0.103125 0.06875
0 0.45078125 0.80625 0.08125 0.0546875
0 0.72421875 0.5015625 0.096875 0.0703125
0 0.4484375 0.7 0.0875 0.059375
0 0.34609375 0.4359375 0.1015625 0.071875
0 0.628125 0.50546875 0.096875 0.06875
0 0.6140625 0.75078125 0.084375 0.053125
0 0.7328125 0.42734375 0.1015625 0.0734375
0 0.83046875 0.3578125 0.1046875 0.08125
0 0.26640625 0.64921875 0.1046875 0.0671875
0 0.621875 0.6328125 0.090625 0.0625
0 0.35859375 0.64375 0.09375 0.0640625
0 0.53671875 0.63515625 0.0875 0.0609375
0 0.52734375 0.8546875 0.0796875 0.053125
0 0.36875 0.87109375 0.0828125 0.053125
0 0.2921875 0.875 0.084375 0.0515625
0 0.36640625 0.8125 0.084375 0.05625
0 0.803125 0.571875 0.09375 0.065625
0 0.36171875 0.70078125 0.090625 0.05625
0 0.7890625 0.6359375 0.0875 0.0625
0 0.69140625 0.8015625 0.08125 0.05
0 0.68125 0.85234375 0.0796875 0.0515625
0 0.53515625 0.69375 0.0875 0.059375
0 0.6203125 0.6921875 0.0875 0.0609375
0 0.69296875 0.75 0.08125 0.05625
0 0.28515625 0.82421875 0.0953125 0.05625
0 0.7859375 0.69140625 0.0875 0.0578125
0 0.7703125 0.79453125 0.0875 0.0609375
0 0.60546875 0.8515625 0.0875 0.05625
0 0.759375 0.853125 0.084375 0.0515625
0 0.775 0.75234375 0.084375 0.059375
0 0.53046875 0.75078125 0.0875 0.0640625
0 0.609375 0.8015625 0.0875 0.059375
0 0.7078125 0.6328125 0.1 0.075