0 0.7046875 0.75078125 0.1125 0.0890625
0 0.24765625 0.73828125 0.125 0.090625
0 0.7046875 0.6609375 0.1125 0.0859375
0 0.278125 0.13671875 0.115625 0.08125
0 0.48046875 0.84765625 0.11875 0.09375
0 0.48984375 0.57421875 0.1109375 0.084375
0 0.25859375 0.64921875 0.125 0.0875
0 0.70390625 0.57109375 0.1125 0.0828125
0 0.70625 0.84765625 0.1140625 0.0921875
0 0.26171875 0.5578125 0.125 0.0859375
0 0.3796875 0.478125 0.115625 0.084375
0 0.38359375 0.4015625 0.1125 0.08125
0 0.3640625 0.83828125 0.121875 0.0953125
0 0.2796875 0.05859375 0.1140625 0.0796875
0 0.59296875 0.84375 0.115625 0.09375
0 0.80859375 0.4125 0.109375 0.08125
0 0.59453125 0.1625 0.10625 0.08125
0 0.6984375 0.16484375 0.10625 0.078125
0 0.2671875 0.46875 0.121875 0.084375
0 0.92421875 0.9421875 0.1109375 0.0921875
0 0.3703125 0.65390625 0.11875 0.0875
0 0.70234375 0.93515625 0.115625 0.0953125
0 0.81484375 0.93984375 0.1125 0.09375
0 0.36796875 0.7453125 0.11875 0.090625
0 0.484375 0.7546875 0.1140625 0.0875
0 0.81171875 0.5765625 0.10625 0.08125
0 0.37265625 0.56484375 0.115625 0.084375
0 0.59296875 0.74921875 0.115625 0.0875
0 0.81015625 0.4953125 0.1078125 0.08125
0 0.4734375 0.9375 0.121875 0.09375
0 0.49453125 0.3234375 0.1078125 0.08125
0 0.48671875 0.6625 0.1140625 0.0875
0 0.3890625 0.13984375 0.109375 0.0796875
0 0.265625 0.38984375 0.1171875 0.08125
0 0.8140625 0.84765625 0.1125 0.0890625
0 0.69765625 0.4890625 0.1125 0.08125
0 0.38515625 0.228125 0.1125 0.084375
0 0.81171875 0.665625 0.109375 0.084375
0 0.590625 0.659375 0.1125 0.0875
0 0.909375 0.41875 0.1046875 0.08125
0 0.496875 0.0671875 0.109375 0.0796875
0 0.8109375 0.75234375 0.109375 0.0890625
0 0.24453125 0.8328125 0.1265625 0.0921875
0 0.48984375 0.240625 0.1109375 0.084375
0 0.38359375 0.06171875 0.1078125 0.08125
0 0.48671875 0.40625 0.10625 0.084375
0 0.809375 0.24453125 0.1046875 0.078125
0 0.590625 0.93671875 0.115625 0.0953125
0 0.59375 0.2375 0.1078125 0.078125
0 0.38515625 0.3171875 0.1125 0.084375
0 0.271875 0.30390625 0.11875 0.08125
0 0.59140625 0.5765625 0.1078125 0.08125
0 0.80078125 0.08828125 0.103125 0.08125
0 0.59609375 0.403125 0.1078125 0.078125
0 0.803125 0.1703125 0.103125 0.078125
0 0.49296875 0.14453125 0.109375 0.08125
0 0.80859375 0.32734375 0.1046875 0.08125
0 0.70078125 0.2390625 0.10625 0.08125
0 0.91640625 0.7625 0.10625 0.0859375
0 0.596875 0.3234375 0.109375 0.0796875
0 0.271875 0.2203125 0.1171875 0.08125
0 0.90625 0.3359375 0.1046875 0.078125
0 0.9109375 0.50546875 0.103125 0.0796875
0 0.915625 0.6734375 0.109375 0.0828125
0 0.90859375 0.59375 0.103125 0.08125
0 0.2359375 0.92890625 0.13125 0.09375
0 0.59375 0.08359375 0.10625 0.078125
0 0.91875 0.85234375 0.109375 0.0875
0 0.35625 0.93125 0.121875 0.09375
0 0.90234375 0.25625 0.103125 0.078125
0 0.69765625 0.40703125 0.109375 0.078125
0 0.9046875 0.178125 0.1015625 0.0765625
0 0.7 0.321875 0.10625 0.0796875
0 0.6984375 0.0859375 0.1078125 0.0765625
0 0.48984375 0.49296875 0.11875 0.084375
0 0.596875 0.49375 0.096875 0.0828125
0 0.90546875 0.09765625 0.103125 0.0828125