0 0.35390625 0.5578125 0.09375 0.046875
0 0.3265625 0.709375 0.109375 0.059375
0 0.71953125 0.53125 0.0640625 0.06875
0 0.44765625 0.55859375 0.09375 0.046875
0 0.21796875 0.709375 0.109375 0.0578125
0 0.3515625 0.603125 0.096875 0.046875
0 0.32109375 0.7671875 0.1125 0.0625
0 0.74375 0.6734375 0.0765625 0.084375
0 0.65859375 0.77421875 0.1125 0.0625
0 0.7140625 0.46328125 0.0625 0.0625
0 0.45078125 0.5109375 0.090625 0.0453125
0 0.65078125 0.65625 0.109375 0.0546875
0 0.65625 0.709375 0.1125 0.059375
0 0.4328125 0.7703125 0.1125 0.0625
0 0.44765625 0.60390625 0.09375 0.046875
0 0.434375 0.70859375 0.109375 0.0609375
0 0.75546875 0.76328125 0.08125 0.090625
0 0.2125 0.7671875 0.1109375 0.0625
0 0.2671875 0.51015625 0.09375 0.0453125
0 0.5421875 0.5109375 0.0921875 0.04375
0 0.3609375 0.51015625 0.0921875 0.0453125
0 0.25546875 0.60390625 0.1015625 0.046875
0 0.540625 0.5578125 0.09375 0.046875
0 0.54296875 0.771875 0.1140625 0.0625
0 0.225 0.6515625 0.1078125 0.05625
0 0.725 0.5984375 0.06875 0.06875
0 0.634375 0.51171875 0.09375 0.0453125
0 0.54296875 0.65546875 0.10625 0.05625
0 0.54296875 0.71015625 0.109375 0.0609375
0 0.3625 0.4671875 0.0875 0.040625
0 0.33046875 0.6546875 0.10625 0.05625
0 0.5453125 0.60390625 0.09375 0.0453125
0 0.2609375 0.55625 0.0953125 0.046875
0 0.27421875 0.46796875 0.0921875 0.040625
0 0.63125 0.46796875 0.090625 0.040625
0 0.634375 0.5578125 0.096875 0.046875
0 0.64375 0.60546875 0.096875 0.046875
0 0.4359375 0.65390625 0.109375 0.05625
0 0.453125 0.46796875 0.0875 0.040625
0 0.54375 0.46796875 0.0875 0.040625