0 0.82109375 0.425 0.178125 0.096875
0 0.81875 0.52578125 0.1796875 0.125
0 0.82578125 0.32578125 0.17890625 0.1
0 0.51171875 0.52109375 0.12890625 0.12109375
0 0.475 0.3109375 0.09765625 0.1
0 0.65859375 0.40390625 0.15 0.11796875
0 0.5765625 0.3015625 0.10625 0.1109375
0 0.39609375 0.4125 0.11640625 0.09921875
0 0.5171875 0.4109375 0.13125 0.1078125
0 0.50625 0.74609375 0.13125 0.075
0 0.2875 0.415625 0.1046875 0.09453125
0 0.2859375 0.515625 0.10546875 0.10546875
0 0.83203125 0.23359375 0.18046875 0.1078125
0 0.39140625 0.51953125 0.11640625 0.1125
0 0.653125 0.52421875 0.14921875 0.13046875
0 0.68359375 0.29453125 0.10390625 0.1125
0 0.64375 0.6234375 0.14921875 0.0765625
0 0.31015625 0.23828125 0.10859375 0.07734375
0 0.3859375 0.31953125 0.0921875 0.0984375
0 0.38671875 0.596875 0.11640625 0.06953125
0 0.50625 0.6734375 0.128125 0.07421875
0 0.64140625 0.69140625 0.146875 0.078125
0 0.3875 0.66640625 0.1171875 0.06953125
0 0.1890625 0.41171875 0.0984375 0.1
0 0.2984375 0.32265625 0.084375 0.096875
0 0.18671875 0.5140625 0.09609375 0.10078125
0 0.6375 0.7625 0.14453125 0.0828125
0 0.50703125 0.60625 0.13046875 0.071875
0 0.38359375 0.73203125 0.1171875 0.075
0 0.278125 0.59140625 0.10390625 0.065625
0 0.50625 0.81875 0.1296875 0.0984375
0 0.28203125 0.65546875 0.10625 0.06953125
0 0.196875 0.31875 0.115625 0.09296875
0 0.79140625 0.784375 0.1765625 0.10859375
0 0.63984375 0.83203125 0.14375 0.11015625
0 0.53671875 0.21796875 0.1296875 0.09765625
0 0.384375 0.79921875 0.11875 0.0859375
0 0.4203125 0.228125 0.115625 0.08359375
0 0.2765625 0.7125 0.10859375 0.0796875
0 0.18515625 0.5859375 0.0953125 0.0625
0 0.8 0.703125 0.1734375 0.08515625
0 0.803125 0.63125 0.1734375 0.08203125
0 0.178125 0.6453125 0.09765625 0.07265625
0 0.19609375 0.2421875 0.1171875 0.08125
0 0.66875 0.21171875 0.13046875 0.0703125
0 0.78828125 0.8625 0.17109375 0.115625
0 0.17734375 0.7015625 0.10078125 0.07578125
0 0.17890625 0.7609375 0.09609375 0.08515625
0 0.27421875 0.775 0.1078125 0.090625
0 0.83203125 0.1546875 0.196875 0.08203125