0 0.41953125 0.83046875 0.140625 0.146875
0 0.73828125 0.51640625 0.1 0.1875
0 0.54453125 0.3359375 0.0921875 0.175
0 0.4578125 0.33671875 0.0890625 0.175
0 0.55234375 0.51484375 0.096875 0.190625
0 0.4203125 0.6796875 0.134375 0.1421875
0 0.56796875 0.68203125 0.1515625 0.1421875
0 0.32265625 0.678125 0.084375 0.15
0 0.56953125 0.83359375 0.15 0.153125
0 0.54375 0.1734375 0.090625 0.165625
0 0.6421875 0.52734375 0.1 0.1875
0 0.71015625 0.68359375 0.153125 0.1375
0 0.31640625 0.825 0.0875 0.1453125
0 0.725 0.8359375 0.1578125 0.1453125
0 0.27890625 0.54921875 0.1015625 0.109375
0 0.1828125 0.43828125 0.103125 0.10625
0 0.28828125 0.33671875 0.096875 0.103125
0 0.459375 0.51171875 0.09375 0.190625
0 0.371875 0.50859375 0.096875 0.1890625
0 0.19453125 0.6734375 0.16875 0.1421875
0 0.3734375 0.1703125 0.0875 0.159375
0 0.2421875 0.675 0.084375 0.14375
0 0.17890625 0.546875 0.1125 0.1125
0 0.45703125 0.171875 0.0875 0.1625
0 0.3703125 0.33046875 0.0921875 0.1703125
0 0.7125 0.16171875 0.090625 0.175
0 0.284375 0.4421875 0.0984375 0.1046875
0 0.19375 0.3375 0.1046875 0.1
0 0.721875 0.33359375 0.0984375 0.178125
0 0.14921875 0.825 0.0875 0.1546875
0 0.23359375 0.82109375 0.0921875 0.159375
0 0.2921875 0.196875 0.0953125 0.190625
0 0.1859375 0.8265625 0.171875 0.159375
0 0.2 0.2 0.1046875 0.190625
0 0.63046875 0.16484375 0.09375 0.175
0 0.63046875 0.3375 0.0984375 0.1890625
0 0.784375 0.140625 0.065625 0.125
0 0.79140625 0.25703125 0.065625 0.1171875
0 0.79765625 0.38984375 0.059375 0.146875
0 0.803125 0.51875 0.046875 0.1171875
0 0.81640625 0.640625 0.065625 0.1375
0 0.8296875 0.80625 0.084375 0.2