0 0.62734375 0.42578125 0.0828125 0.08125
0 0.62578125 0.7234375 0.078125 0.06875
0 0.5515625 0.42734375 0.08125 0.08125
0 0.6359375 0.15546875 0.0890625 0.0984375
0 0.471875 0.42734375 0.078125 0.08125
0 0.6265625 0.503125 0.084375 0.078125
0 0.3984375 0.42890625 0.078125 0.075
0 0.4015625 0.50390625 0.0765625 0.071875
0 0.625 0.57890625 0.08125 0.071875
0 0.39609375 0.34453125 0.078125 0.08125
0 0.55234375 0.72109375 0.0765625 0.06875
0 0.55078125 0.24765625 0.084375 0.0875
0 0.47734375 0.575 0.075 0.071875
0 0.55234375 0.6515625 0.0765625 0.071875
0 0.78828125 0.50703125 0.0859375 0.078125
0 0.471875 0.5046875 0.0734375 0.071875
0 0.46484375 0.16484375 0.08125 0.090625
0 0.72109375 0.165625 0.090625 0.09375
0 0.55 0.15703125 0.0828125 0.090625
0 0.80546875 0.1609375 0.09375 0.096875
0 0.7046875 0.6578125 0.08125 0.0734375
0 0.71875 0.253125 0.0890625 0.0875
0 0.47890625 0.77890625 0.071875 0.0625
0 0.55 0.34296875 0.08125 0.0859375
0 0.55 0.5765625 0.075 0.0703125
0 0.62578125 0.86015625 0.071875 0.065625
0 0.4671875 0.3390625 0.0796875 0.084375
0 0.39375 0.2625 0.0796875 0.0828125
0 0.4109375 0.778125 0.071875 0.0625
0 0.55 0.50078125 0.0765625 0.0765625
0 0.6265625 0.653125 0.0796875 0.071875
0 0.41328125 0.84140625 0.0703125 0.065625
0 0.71640625 0.33984375 0.0875 0.084375
0 0.70390625 0.72578125 0.0796875 0.06875
0 0.475 0.6453125 0.075 0.06875
0 0.70859375 0.4265625 0.084375 0.08125
0 0.77578125 0.80625 0.078125 0.0671875
0 0.63359375 0.25703125 0.0859375 0.0890625
0 0.62734375 0.7890625 0.075 0.0703125
0 0.40625 0.57265625 0.075 0.06875
0 0.70546875 0.58125 0.08125 0.075
0 0.409375 0.6453125 0.075 0.06875
0 0.40859375 0.7140625 0.071875 0.065625
0 0.5515625 0.8546875 0.071875 0.0640625
0 0.4671875 0.25234375 0.0796875 0.0859375
0 0.478125 0.715625 0.071875 0.06875
0 0.77109375 0.871875 0.078125 0.0640625
0 0.69453125 0.865625 0.075 0.06875
0 0.79140625 0.428125 0.0875 0.08125
0 0.48046875 0.846875 0.0703125 0.065625
0 0.484375 0.90859375 0.071875 0.0625
0 0.6265625 0.33984375 0.0875 0.084375
0 0.80078125 0.25859375 0.090625 0.0890625
0 0.7796875 0.7328125 0.08125 0.071875
0 0.69765625 0.93125 0.075 0.065625
0 0.62265625 0.9265625 0.075 0.065625
0 0.696875 0.7921875 0.0765625 0.06875
0 0.5515625 0.9203125 0.071875 0.065625
0 0.78515625 0.5890625 0.0859375 0.075
0 0.55234375 0.7859375 0.075 0.065625
0 0.70546875 0.50234375 0.084375 0.078125
0 0.4171875 0.90625 0.071875 0.0640625
0 0.78203125 0.65859375 0.084375 0.071875
0 0.79609375 0.33984375 0.0890625 0.084375
0 0.38359375 0.18046875 0.08125 0.0875
0 0.76875 0.93671875 0.0765625 0.059375