0 0.6703125 0.415625 0.2359375 0.021875
0 0.6609375 0.45625 0.2328125 0.0203125
0 0.67265625 0.39609375 0.2375 0.021875
0 0.6625 0.4359375 0.234375 0.025
0 0.67734375 0.259375 0.2359375 0.025
0 0.659375 0.56171875 0.23125 0.0234375
0 0.6765625 0.2890625 0.2359375 0.025
0 0.675 0.3109375 0.234375 0.025
0 0.659375 0.54140625 0.234375 0.025
0 0.07578125 0.45078125 0.1515625 0.1
0 0.65859375 0.58203125 0.2328125 0.0234375
0 0.67890625 0.23828125 0.2375 0.025
0 0.66171875 0.5203125 0.2234375 0.0234375
0 0.0734375 0.2421875 0.146875 0.109375
0 0.39609375 0.5296875 0.3109375 0.046875
0 0.6734375 0.36640625 0.2359375 0.0265625
0 0.68046875 0.21015625 0.240625 0.0390625
0 0.08203125 0.6515625 0.1640625 0.1
0 0.6734375 0.3328125 0.234375 0.025
0 0.66171875 0.48359375 0.2234375 0.034375
0 0.07578125 0.553125 0.1515625 0.1
0 0.3984375 0.575 0.3046875 0.05
0 0.590625 0.68515625 0.096875 0.0265625
0 0.6765625 0.15859375 0.2390625 0.046875
0 0.659375 0.6640625 0.240625 0.025
0 0.07578125 0.3484375 0.1515625 0.103125
0 0.6796875 0.0953125 0.24375 0.06875
0 0.39921875 0.3109375 0.31875 0.025
0 0.40859375 0.09921875 0.3125 0.190625
0 0.659375 0.64296875 0.225 0.025
0 0.7203125 0.67265625 0.09375 0.021875
0 0.39765625 0.61640625 0.30625 0.03125
0 0.5953125 0.646875 0.1 0.025
0 0.39609375 0.38984375 0.309375 0.0375
0 0.67578125 0.19375 0.2390625 0.03125