0 0.88671875 0.425 0.12109375 0.2546875
0 0.7609375 0.6578125 0.1125 0.2375
0 0.27421875 0.40546875 0.096875 0.21796875
0 0.3578125 0.6171875 0.09375 0.21015625
0 0.27578125 0.61875 0.0921875 0.20546875
0 0.36171875 0.4046875 0.09609375 0.221875
0 0.096875 0.59921875 0.09453125 0.209375
0 0.76796875 0.41640625 0.115625 0.25234375
0 0.184375 0.60546875 0.09140625 0.20625
0 0.65078125 0.64921875 0.10234375 0.23046875
0 0.0953125 0.38828125 0.09375 0.21328125
0 0.17890625 0.39921875 0.1 0.22109375
0 0.5546875 0.41328125 0.10234375 0.2296875
0 0.8765625 0.6671875 0.11875 0.240625
0 0.45625 0.4078125 0.09921875 0.221875
0 0.6546875 0.41640625 0.096875 0.23125
0 0.45078125 0.63359375 0.09765625 0.215625
0 0.55078125 0.640625 0.09765625 0.2234375