0 0.35703125 0.3625 0.1828125 0.1
0 0.85703125 0.4890625 0.1640625 0.16875
0 0.70390625 0.4890625 0.1484375 0.1625
0 0.3171875 0.48984375 0.121875 0.1421875
0 0.54453125 0.35 0.1921875 0.109375
0 0.57421875 0.4921875 0.1375 0.1546875
0 0.859375 0.65234375 0.165625 0.16875
0 0.5796875 0.63359375 0.13125 0.1546875
0 0.44453125 0.4859375 0.125 0.146875
0 0.7046875 0.65 0.146875 0.159375
0 0.3203125 0.628125 0.121875 0.1390625
0 0.35078125 0.2578125 0.184375 0.1078125
0 0.7109375 0.8015625 0.153125 0.1625
0 0.44609375 0.63671875 0.128125 0.15
0 0.75625 0.340625 0.234375 0.115625
0 0.86328125 0.8125 0.1640625 0.16875
0 0.54453125 0.2484375 0.2 0.1078125
0 0.57890625 0.79140625 0.134375 0.15625
0 0.7578125 0.2296875 0.225 0.1171875
0 0.325 0.7734375 0.125 0.1515625
0 0.44375 0.78125 0.1296875 0.159375