0 0.6765625 0.81875 0.0921875 0.1984375
0 0.58125 0.81796875 0.096875 0.196875
0 0.49453125 0.47421875 0.0796875 0.14375
0 0.659375 0.63203125 0.084375 0.1625
0 0.23671875 0.61015625 0.115625 0.175
0 0.578125 0.62578125 0.084375 0.165625
0 0.321875 0.60859375 0.109375 0.171875
0 0.5 0.3390625 0.075 0.125
0 0.65078125 0.48828125 0.0765625 0.1375
0 0.6453125 0.3625 0.071875 0.1203125
0 0.57421875 0.3484375 0.071875 0.1265625
0 0.77578125 0.8515625 0.1234375 0.1296875
0 0.49453125 0.815625 0.096875 0.1984375
0 0.5734375 0.4765625 0.075 0.146875
0 0.134375 0.6 0.14375 0.1890625
0 0.7609375 0.71640625 0.1234375 0.11875
0 0.4921875 0.625 0.090625 0.16875
0 0.753125 0.61015625 0.11875 0.1078125
0 0.41953125 0.4625 0.0890625 0.15
0 0.5734375 0.23671875 0.06875 0.1078125
0 0.4078125 0.615625 0.0984375 0.16875
0 0.3921875 0.81171875 0.10625 0.203125
0 0.64140625 0.2546875 0.065625 0.109375
0 0.71953125 0.30078125 0.0875 0.090625
0 0.25390625 0.4484375 0.10625 0.153125
0 0.428125 0.328125 0.08125 0.125
0 0.33984375 0.45234375 0.0984375 0.15
0 0.5765625 0.13671875 0.065625 0.1015625
0 0.171875 0.4359375 0.128125 0.1609375
0 0.0953125 0.79609375 0.1609375 0.2265625
0 0.5109375 0.22734375 0.06875 0.1125
0 0.709375 0.21484375 0.08125 0.08125
0 0.19375 0.3 0.10625 0.1328125
0 0.3546875 0.3171875 0.0828125 0.128125
0 0.7390625 0.5015625 0.103125 0.115625
0 0.225 0.17265625 0.1125 0.1296875
0 0.4421875 0.21640625 0.0734375 0.1125
0 0.72734375 0.39453125 0.096875 0.103125
0 0.2734375 0.3109375 0.096875 0.13125
0 0.63984375 0.14921875 0.0625 0.096875
0 0.36875 0.2015625 0.078125 0.115625
0 0.71640625 0.14921875 0.1 0.084375
0 0.515625 0.12890625 0.075 0.115625
0 0.45234375 0.109375 0.08125 0.11875