0 0.271875 0.37265625 0.0890625 0.1375
0 0.3546875 0.5078125 0.0890625 0.1375
0 0.271875 0.23359375 0.0875 0.13125
0 0.2734375 0.50546875 0.090625 0.1359375
0 0.3171875 0.77578125 0.146875 0.1296875
0 0.34921875 0.1 0.084375 0.1359375
0 0.271875 0.1078125 0.084375 0.13125
0 0.5796875 0.7078125 0.071875 0.03125
0 0.353125 0.36796875 0.0875 0.1359375
0 0.43359375 0.78359375 0.0890625 0.140625
0 0.85703125 0.3078125 0.0703125 0.034375
0 0.34765625 0.63828125 0.0875 0.140625
0 0.9328125 0.62109375 0.075 0.0328125
0 0.44296875 0.5046875 0.084375 0.134375
0 0.715625 0.79609375 0.071875 0.034375
0 0.2625 0.6421875 0.090625 0.1390625
0 0.85625 0.15859375 0.071875 0.03125
0 0.51484375 0.19296875 0.065625 0.03125
0 0.790625 0.3328125 0.065625 0.03125
0 0.8546875 0.33984375 0.06875 0.0328125
0 0.85703125 0.37109375 0.071875 0.0328125
0 0.58359375 0.43359375 0.065625 0.0328125
0 0.928125 0.43125 0.075 0.03125
0 0.4390625 0.36875 0.084375 0.140625
0 0.8875 0.09921875 0.1375 0.03125
0 0.515625 0.25078125 0.0671875 0.028125
0 0.35234375 0.2328125 0.084375 0.134375
0 0.5203125 0.5203125 0.065625 0.034375
0 0.790625 0.609375 0.075 0.0328125
0 0.85546875 0.4578125 0.0703125 0.03125
0 0.7171875 0.82734375 0.0703125 0.028125
0 0.57734375 0.82109375 0.0703125 0.0296875
0 0.92734375 0.30546875 0.075 0.03125
0 0.4375 0.6453125 0.090625 0.140625
0 0.928125 0.528125 0.071875 0.0328125
0 0.928125 0.49609375 0.075 0.034375
0 0.515625 0.28046875 0.06875 0.0296875
0 0.9265625 0.3375 0.0734375 0.0328125
0 0.93046875 0.5578125 0.0734375 0.034375
0 0.5828125 0.584375 0.065625 0.0359375
0 0.78515625 0.06796875 0.06875 0.028125
0 0.5140625 0.134375 0.0671875 0.03125
0 0.58203125 0.46015625 0.0640625 0.034375
0 0.8546875 0.1265625 0.0734375 0.03125
0 0.8546875 0.06796875 0.06875 0.03125
0 0.51640625 0.58125 0.065625 0.03125
0 0.58203125 0.2828125 0.065625 0.03125
0 0.5125 0.6140625 0.065625 0.03125
0 0.7890625 0.18359375 0.071875 0.03125
0 0.928125 0.3703125 0.075 0.0328125
0 0.64765625 0.19375 0.0671875 0.03125
0 0.71875 0.58125 0.06875 0.03125
0 0.578125 0.6484375 0.06875 0.0328125
0 0.646875 0.1046875 0.071875 0.0328125
0 0.8625 0.93125 0.075 0.0359375
0 0.71953125 0.61328125 0.06875 0.03125
0 0.57890625 0.675 0.0703125 0.03125
0 0.715625 0.125 0.06875 0.040625
0 0.92578125 0.16015625 0.0734375 0.03125
0 0.51796875 0.3984375 0.0640625 0.0296875
0 0.515625 0.37109375 0.065625 0.03125
0 0.64765625 0.64765625 0.06875 0.03125
0 0.859375 0.896875 0.0734375 0.0328125
0 0.5796875 0.109375 0.06875 0.0328125
0 0.6515625 0.4921875 0.071875 0.03125
0 0.7171875 0.15859375 0.0671875 0.0359375
0 0.5203125 0.45859375 0.0640625 0.0296875
0 0.85625 0.246875 0.071875 0.0359375
0 0.92578125 0.21875 0.071875 0.028125
0 0.85625 0.2796875 0.071875 0.034375
0 0.65 0.4359375 0.071875 0.0328125
0 0.65 0.55703125 0.071875 0.03125
0 0.71484375 0.85546875 0.071875 0.034375
0 0.6515625 0.4640625 0.071875 0.034375
0 0.57890625 0.61796875 0.06875 0.034375
0 0.521875 0.49140625 0.065625 0.0328125
0 0.79296875 0.39296875 0.059375 0.03125
0 0.78515625 0.2421875 0.06875 0.03125
0 0.51875 0.43046875 0.0640625 0.03125
0 0.78984375 0.36171875 0.065625 0.0328125
0 0.8546875 0.21796875 0.06875 0.034375
0 0.7875 0.3015625 0.065625 0.0328125
0 0.7203125 0.52109375 0.0703125 0.03125
0 0.5796875 0.078125 0.06875 0.03125
0 0.71796875 0.70625 0.0703125 0.03125
0 0.43671875 0.23203125 0.0859375 0.1375
0 0.6484375 0.28125 0.0703125 0.03125
0 0.51484375 0.2234375 0.0671875 0.028125
0 0.64921875 0.6765625 0.06875 0.0328125
0 0.64921875 0.40390625 0.071875 0.03125
0 0.71640625 0.6734375 0.071875 0.03125
0 0.9265625 0.39921875 0.0734375 0.034375
0 0.7171875 0.76875 0.071875 0.03125
0 0.93515625 0.6546875 0.0734375 0.0328125
0 0.5171875 0.16171875 0.0671875 0.028125
0 0.7203125 0.27734375 0.071875 0.0328125
0 0.8546875 0.4890625 0.0703125 0.03125
0 0.64765625 0.79453125 0.06875 0.03125
0 0.9328125 0.58828125 0.075 0.0328125
0 0.64921875 0.34375 0.0703125 0.03125
0 0.78828125 0.73046875 0.071875 0.0296875
0 0.85703125 0.1859375 0.071875 0.0328125
0 0.9265625 0.2765625 0.0734375 0.03125
0 0.71484375 0.7359375 0.071875 0.03125
0 0.9359375 0.89921875 0.075 0.03125
0 0.928125 0.46171875 0.0765625 0.034375
0 0.715625 0.6453125 0.06875 0.03125
0 0.72265625 0.55234375 0.0703125 0.03125
0 0.57578125 0.846875 0.06875 0.03125
0 0.9265625 0.2453125 0.071875 0.0328125
0 0.78984375 0.82421875 0.071875 0.0359375
0 0.58125 0.3421875 0.06875 0.03125
0 0.71953125 0.4265625 0.071875 0.0375
0 0.646875 0.82734375 0.0703125 0.03125
0 0.5125 0.3390625 0.065625 0.03125
0 0.5796875 0.2515625 0.0671875 0.03125
0 0.7203125 0.48984375 0.06875 0.034375
0 0.71953125 0.45546875 0.06875 0.034375
0 0.58046875 0.16875 0.06875 0.0328125
0 0.7921875 0.42578125 0.065625 0.0359375
0 0.51328125 0.6453125 0.065625 0.03125
0 0.78671875 0.2140625 0.06875 0.0328125
0 0.58046875 0.4 0.0671875 0.034375
0 0.50859375 0.790625 0.065625 0.028125
0 0.7859375 0.92421875 0.075 0.034375
0 0.8625 0.74140625 0.0765625 0.0328125
0 0.57890625 0.73515625 0.0734375 0.028125
0 0.57890625 0.22421875 0.0671875 0.0296875
0 0.57265625 0.878125 0.06875 0.03125
0 0.7875 0.88984375 0.071875 0.034375
0 0.51796875 0.31171875 0.065625 0.0296875
0 0.6453125 0.884375 0.06875 0.03125
0 0.64765625 0.22421875 0.06875 0.0296875
0 0.5140625 0.10625 0.065625 0.028125
0 0.58515625 0.5203125 0.065625 0.034375
0 0.5125 0.815625 0.065625 0.028125
0 0.7171875 0.21953125 0.071875 0.03125
0 0.58125 0.37421875 0.0703125 0.03125
0 0.92890625 0.18828125 0.0734375 0.03125
0 0.575 0.765625 0.071875 0.0296875
0 0.5140625 0.075 0.0671875 0.03125
0 0.78359375 0.09765625 0.06875 0.03125
0 0.58125 0.1953125 0.06875 0.034375
0 0.509375 0.703125 0.065625 0.0296875
0 0.6453125 0.8546875 0.0703125 0.03125
0 0.7890625 0.85546875 0.071875 0.034375
0 0.5828125 0.553125 0.065625 0.034375
0 0.71875 0.3046875 0.06875 0.0328125
0 0.571875 0.90859375 0.06875 0.034375
0 0.9359375 0.87265625 0.075 0.03125
0 0.92578125 0.1265625 0.075 0.03125
0 0.5078125 0.76328125 0.065625 0.03125
0 0.7875 0.7921875 0.071875 0.03125
0 0.65 0.25078125 0.06875 0.0328125
0 0.65 0.375 0.071875 0.0328125
0 0.575 0.79140625 0.0703125 0.028125
0 0.5109375 0.73125 0.065625 0.03125
0 0.7875 0.76328125 0.071875 0.0328125
0 0.859375 0.52265625 0.0703125 0.034375
0 0.93359375 0.68359375 0.0734375 0.0328125
0 0.64765625 0.7671875 0.06875 0.03125
0 0.86328125 0.8375 0.075 0.034375
0 0.7875 0.4828125 0.06875 0.0328125
0 0.64296875 0.91328125 0.071875 0.0328125
0 0.65078125 0.3109375 0.071875 0.03125
0 0.7171875 0.24609375 0.071875 0.034375
0 0.50546875 0.87890625 0.06875 0.03125
0 0.7203125 0.39375 0.075 0.03125
0 0.78984375 0.45390625 0.065625 0.034375
0 0.71640625 0.07421875 0.0640625 0.0375
0 0.7140625 0.88828125 0.071875 0.0328125
0 0.57890625 0.3140625 0.0671875 0.03125
0 0.925 0.06796875 0.075 0.0328125
0 0.86171875 0.86640625 0.075 0.0328125
0 0.8546875 0.3984375 0.06875 0.034375
0 0.578125 0.13671875 0.06875 0.0359375
0 0.78984375 0.66953125 0.071875 0.03125
0 0.6484375 0.61640625 0.0703125 0.03125
0 0.653125 0.52578125 0.06875 0.03125
0 0.784375 0.125 0.06875 0.03125
0 0.78671875 0.15234375 0.0703125 0.03125
0 0.8609375 0.71328125 0.075 0.0328125
0 0.71875 0.18828125 0.06875 0.0375
0 0.50703125 0.846875 0.065625 0.03125
0 0.51953125 0.55390625 0.065625 0.03125
0 0.64765625 0.70859375 0.06875 0.03125
0 0.7875 0.6390625 0.075 0.03125
0 0.7921875 0.54609375 0.0703125 0.0328125
0 0.93671875 0.8390625 0.075 0.034375
0 0.71875 0.3375 0.06875 0.034375
0 0.65 0.58515625 0.071875 0.03125
0 0.4375 0.096875 0.0875 0.140625
0 0.86328125 0.68125 0.075 0.03125
0 0.78828125 0.2734375 0.0671875 0.03125
0 0.9359375 0.715625 0.071875 0.034375
0 0.334375 0.89140625 0.26875 0.0703125
0 0.64921875 0.13125 0.06875 0.03125
0 0.6484375 0.7359375 0.06875 0.03125
0 0.78671875 0.69765625 0.071875 0.034375
0 0.5796875 0.05 0.0703125 0.0359375
0 0.725 0.36484375 0.06875 0.0328125
0 0.86171875 0.43125 0.059375 0.03125
0 0.65 0.1625 0.0703125 0.0328125
0 0.86328125 0.79921875 0.078125 0.0328125
0 0.5109375 0.67265625 0.065625 0.028125
0 0.78828125 0.51796875 0.0671875 0.03125
0 0.8625 0.5859375 0.06875 0.0359375
0 0.58203125 0.48828125 0.065625 0.0328125
0 0.8625 0.55625 0.06875 0.0375
0 0.64921875 0.0734375 0.071875 0.03125
0 0.93671875 0.9328125 0.075 0.034375
0 0.9328125 0.74609375 0.071875 0.03125
0 0.7109375 0.9171875 0.071875 0.034375
0 0.50859375 0.90546875 0.0671875 0.0328125
0 0.71640625 0.09921875 0.06875 0.028125
0 0.8625 0.77265625 0.078125 0.03125
0 0.78359375 0.04296875 0.06875 0.0265625
0 0.715625 0.04375 0.0625 0.0359375
0 0.853125 0.0390625 0.071875 0.025
0 0.925 0.0390625 0.0765625 0.0296875
0 0.646875 0.0421875 0.0703125 0.040625