0 0.828125 0.5109375 0.190625 0.065625
0 0.296875 0.3015625 0.11875 0.125
0 0.45546875 0.29296875 0.19375 0.0703125
0 0.45390625 0.359375 0.184375 0.065625
0 0.6375 0.36796875 0.190625 0.0671875
0 0.3203125 0.78046875 0.1 0.0984375
0 0.64609375 0.21796875 0.2 0.071875
0 0.65234375 0.14140625 0.2 0.075
0 0.45 0.21796875 0.19375 0.0734375
0 0.6359375 0.43125 0.190625 0.0640625
0 0.4515625 0.13671875 0.2 0.0734375
0 0.80546875 0.76015625 0.184375 0.0578125
0 0.4546875 0.496875 0.18125 0.0625
0 0.628125 0.63359375 0.184375 0.0625
0 0.82109375 0.57109375 0.1875 0.0609375
0 0.640625 0.29375 0.1953125 0.071875
0 0.846875 0.29453125 0.2 0.0703125
0 0.45078125 0.6203125 0.175 0.0625
0 0.63515625 0.49921875 0.1875 0.065625
0 0.31796875 0.67734375 0.103125 0.10625
0 0.6234375 0.68828125 0.1765625 0.059375
0 0.44921875 0.68515625 0.1734375 0.059375
0 0.840625 0.36328125 0.2 0.071875
0 0.4515625 0.43046875 0.18125 0.065625
0 0.63203125 0.5609375 0.184375 0.0625
0 0.83515625 0.44140625 0.196875 0.06875
0 0.84921875 0.21875 0.209375 0.071875
0 0.31875 0.5609375 0.1015625 0.1078125
0 0.29609375 0.16640625 0.1140625 0.13125
0 0.815625 0.6375 0.190625 0.0609375
0 0.85859375 0.13984375 0.2125 0.075
0 0.625 0.753125 0.1765625 0.059375
0 0.809375 0.69453125 0.1875 0.059375
0 0.45546875 0.55546875 0.178125 0.059375
0 0.30390625 0.41953125 0.115625 0.1140625
0 0.6265625 0.809375 0.175 0.059375
0 0.4546875 0.74921875 0.171875 0.059375
0 0.44921875 0.80703125 0.171875 0.059375
0 0.8046875 0.81328125 0.178125 0.0578125