0 0.796875 0.30625 0.1125 0.071875
0 0.45859375 0.89765625 0.1234375 0.103125
0 0.69375 0.4484375 0.1125 0.0765625
0 0.34296875 0.88671875 0.125 0.103125
0 0.8171875 0.62578125 0.125 0.0859375
0 0.6984375 0.6109375 0.121875 0.0875
0 0.24375 0.77890625 0.11875 0.0890625
0 0.79375 0.2328125 0.109375 0.071875
0 0.83203125 0.809375 0.13125 0.1
0 0.465625 0.79453125 0.11875 0.09375
0 0.69140625 0.37109375 0.109375 0.071875
0 0.70078125 0.70078125 0.121875 0.09375
0 0.6953125 0.53359375 0.115625 0.0796875
0 0.26328125 0.59921875 0.109375 0.08125
0 0.68828125 0.30390625 0.103125 0.071875
0 0.82109375 0.71484375 0.1265625 0.09375
0 0.70625 0.90546875 0.13125 0.1078125
0 0.8015625 0.37734375 0.115625 0.075
0 0.47109375 0.69921875 0.1140625 0.0875
0 0.68671875 0.22734375 0.103125 0.06875
0 0.5859375 0.228125 0.1 0.06875
0 0.58671875 0.90703125 0.1265625 0.103125
0 0.5859375 0.7015625 0.11875 0.0921875
0 0.48359375 0.37265625 0.1015625 0.071875
0 0.84296875 0.91953125 0.1375 0.109375
0 0.2859375 0.37109375 0.1 0.06875
0 0.70078125 0.8015625 0.125 0.0984375
0 0.48515625 0.30703125 0.1 0.06875
0 0.4890625 0.1640625 0.096875 0.065625
0 0.4703125 0.61015625 0.109375 0.0859375
0 0.4875 0.23515625 0.096875 0.06875
0 0.58359375 0.53125 0.109375 0.078125
0 0.35234375 0.7859375 0.1203125 0.09375
0 0.36015625 0.69609375 0.1125 0.0859375
0 0.14296875 0.68515625 0.1171875 0.084375
0 0.58515625 0.3015625 0.1015625 0.0734375
0 0.384375 0.3734375 0.1 0.071875
0 0.25078125 0.68984375 0.1140625 0.084375
0 0.36875 0.60546875 0.109375 0.08125
0 0.8140625 0.5421875 0.1203125 0.08125
0 0.2796875 0.4484375 0.10625 0.071875
0 0.38828125 0.30625 0.096875 0.06875
0 0.38125 0.45 0.103125 0.071875
0 0.68671875 0.1546875 0.1 0.06875
0 0.22734375 0.88203125 0.121875 0.096875
0 0.58125 0.80703125 0.121875 0.1015625
0 0.5796875 0.6125 0.1140625 0.084375
0 0.58671875 0.15625 0.0984375 0.06875
0 0.4796875 0.45 0.096875 0.075
0 0.80859375 0.45546875 0.11875 0.075
0 0.78984375 0.1609375 0.1046875 0.06875
0 0.1234375 0.8703125 0.11875 0.096875
0 0.40078125 0.1703125 0.096875 0.065625
0 0.7859375 0.09453125 0.10625 0.0703125
0 0.39765625 0.23671875 0.096875 0.0671875
0 0.58359375 0.36953125 0.10625 0.0734375
0 0.6859375 0.09453125 0.1 0.0625
0 0.4765625 0.52734375 0.1109375 0.0765625
0 0.134375 0.77421875 0.1203125 0.0890625
0 0.4953125 0.10234375 0.096875 0.0640625
0 0.3109375 0.16796875 0.09375 0.0625
0 0.31484375 0.10703125 0.0921875 0.0625
0 0.27109375 0.5234375 0.1125 0.075
0 0.40078125 0.103125 0.096875 0.065625
0 0.15625 0.59765625 0.1125 0.08125
0 0.371875 0.5265625 0.109375 0.0765625
0 0.296875 0.309375 0.1 0.06875
0 0.18125 0.4453125 0.103125 0.071875
0 0.30390625 0.23828125 0.0953125 0.06875
0 0.58671875 0.0984375 0.096875 0.0609375
0 0.17109375 0.52265625 0.109375 0.075
0 0.190625 0.37578125 0.103125 0.06875
0 0.2125 0.2421875 0.096875 0.065625
0 0.20390625 0.3109375 0.0984375 0.0671875
0 0.2140625 0.17265625 0.09375 0.0625
0 0.58046875 0.45 0.1140625 0.075
0 0.2234375 0.11328125 0.090625 0.0625