0 0.48125 0.54453125 0.071875 0.1421875
0 0.47890625 0.27578125 0.0671875 0.1328125
0 0.76796875 0.53203125 0.078125 0.146875
0 0.553125 0.54453125 0.06875 0.14375
0 0.54921875 0.41015625 0.071875 0.134375
0 0.478125 0.40859375 0.071875 0.13125
0 0.62109375 0.409375 0.0703125 0.1375
0 0.54765625 0.278125 0.06875 0.134375
0 0.47734375 0.83515625 0.0734375 0.1484375
0 0.6828125 0.11796875 0.06875 0.134375
0 0.5515625 0.8328125 0.075 0.15
0 0.8453125 0.53359375 0.0796875 0.1453125
0 0.546875 0.13828125 0.0703125 0.134375
0 0.771875 0.68203125 0.078125 0.153125
0 0.478125 0.1390625 0.065625 0.1328125
0 0.6265625 0.68828125 0.075 0.146875
0 0.4140625 0.2828125 0.0734375 0.134375
0 0.4109375 0.69375 0.078125 0.15
0 0.7640625 0.3890625 0.0765625 0.140625
0 0.68515625 0.259375 0.075 0.134375
0 0.8359375 0.2421875 0.078125 0.140625
0 0.6875 0.39140625 0.071875 0.140625
0 0.69609375 0.6796875 0.0734375 0.15
0 0.75703125 0.1125 0.075 0.134375
0 0.48125 0.6875 0.071875 0.1453125
0 0.8546875 0.83828125 0.08125 0.15625
0 0.4125 0.41328125 0.075 0.1375
0 0.625 0.54453125 0.071875 0.14375
0 0.83046875 0.10703125 0.078125 0.134375
0 0.76015625 0.2453125 0.075 0.140625
0 0.69609375 0.8328125 0.078125 0.15625
0 0.5515625 0.68671875 0.071875 0.146875
0 0.62734375 0.8328125 0.075 0.153125
0 0.77578125 0.8359375 0.078125 0.15625
0 0.61171875 0.13828125 0.06875 0.1375
0 0.6125 0.275 0.06875 0.1375
0 0.41328125 0.553125 0.078125 0.146875
0 0.6921875 0.53203125 0.071875 0.14375
0 0.35859375 0.184375 0.05625 0.103125
0 0.4078125 0.8390625 0.078125 0.153125
0 0.84140625 0.38828125 0.078125 0.1421875
0 0.41796875 0.16171875 0.06875 0.1140625
0 0.85234375 0.68203125 0.078125 0.153125
0 0.353125 0.30703125 0.05625 0.10625
0 0.35078125 0.7 0.046875 0.14375
0 0.35 0.84140625 0.046875 0.14375
0 0.35546875 0.55859375 0.040625 0.134375
0 0.3578125 0.42734375 0.04375 0.13125