0 0.81875 0.3234375 0.1984375 0.0921875
0 0.81796875 0.41875 0.19609375 0.096875
0 0.47421875 0.50546875 0.14453125 0.0796875
0 0.63203125 0.340625 0.1625 0.08359375
0 0.61015625 0.76328125 0.175 0.11484375
0 0.62578125 0.421875 0.165625 0.08359375
0 0.60859375 0.678125 0.171875 0.11015625
0 0.3390625 0.5 0.12421875 0.07421875
0 0.48828125 0.34921875 0.13828125 0.0765625
0 0.3625 0.3546875 0.1203125 0.07109375
0 0.3484375 0.42578125 0.1265625 0.07265625
0 0.8515625 0.22421875 0.12890625 0.1234375
0 0.815625 0.50546875 0.1984375 0.09765625
0 0.4765625 0.4265625 0.14765625 0.07578125
0 0.6 0.865625 0.1890625 0.14453125
0 0.71640625 0.2390625 0.11953125 0.1234375
0 0.625 0.5078125 0.16796875 0.09140625
0 0.61015625 0.246875 0.1078125 0.11796875
0 0.4625 0.58046875 0.14921875 0.0890625
0 0.23671875 0.4265625 0.1078125 0.06953125
0 0.615625 0.5921875 0.16953125 0.0984375
0 0.81171875 0.6078125 0.20234375 0.10546875
0 0.2546875 0.35859375 0.109375 0.06484375
0 0.30078125 0.28046875 0.09140625 0.08828125
0 0.4484375 0.74609375 0.15234375 0.10546875
0 0.328125 0.571875 0.12578125 0.08125
0 0.45234375 0.66015625 0.15078125 0.0984375
0 0.13671875 0.4234375 0.1015625 0.06484375
0 0.4359375 0.828125 0.1609375 0.12890625
0 0.79609375 0.9046875 0.2265625 0.1609375
0 0.22734375 0.4890625 0.11171875 0.06796875
0 0.21484375 0.290625 0.08125 0.08125
0 0.3 0.80625 0.1328125 0.10546875
0 0.3171875 0.6453125 0.12890625 0.0828125
0 0.5015625 0.2609375 0.11484375 0.10390625
0 0.17265625 0.775 0.1296875 0.11328125
0 0.21640625 0.5578125 0.11171875 0.0734375
0 0.39453125 0.27265625 0.10390625 0.09609375
0 0.3109375 0.7265625 0.13046875 0.09765625
0 0.14921875 0.36015625 0.09765625 0.0625
0 0.2015625 0.63125 0.11640625 0.07734375
0 0.14921875 0.28359375 0.08515625 0.1
0 0.12890625 0.484375 0.115625 0.075
0 0.109375 0.54765625 0.11796875 0.08125