0 0.45390625 0.8328125 0.259375 0.134375
0 0.7046875 0.82421875 0.246875 0.13125
0 0.43515625 0.41015625 0.2109375 0.0875
0 0.690625 0.70390625 0.2359375 0.115625
0 0.659375 0.50078125 0.2046875 0.09375
0 0.44921875 0.70390625 0.25 0.121875
0 0.4453125 0.6015625 0.225 0.10625
0 0.61796875 0.246875 0.190625 0.0765625
0 0.4296875 0.32265625 0.2046875 0.0859375
0 0.425 0.23671875 0.203125 0.0796875
0 0.6171875 0.16796875 0.1875 0.075
0 0.6359375 0.33125 0.1921875 0.0828125
0 0.675 0.596875 0.2171875 0.103125
0 0.65 0.41484375 0.1984375 0.084375
0 0.4171875 0.1578125 0.196875 0.0734375
0 0.4390625 0.49765625 0.2203125 0.09375
0 0.60390625 0.09765625 0.184375 0.071875
0 0.403125 0.08828125 0.19375 0.0703125