0 0.79375 0.78359375 0.1 0.1796875
0 0.428125 0.425 0.08125 0.1625
0 0.79453125 0.43515625 0.103125 0.18125
0 0.78515625 0.6109375 0.103125 0.18125
0 0.51328125 0.428125 0.08125 0.165625
0 0.18359375 0.4125 0.0796875 0.15
0 0.68515625 0.60078125 0.096875 0.175
0 0.59375 0.428125 0.0890625 0.16875
0 0.69375 0.428125 0.0953125 0.171875
0 0.34140625 0.571875 0.078125 0.159375
0 0.34375 0.42109375 0.08125 0.1625
0 0.49921875 0.5875 0.084375 0.159375
0 0.5953125 0.7609375 0.090625 0.171875
0 0.59140625 0.59375 0.090625 0.1671875
0 0.4234375 0.578125 0.08125 0.15625
0 0.265625 0.42265625 0.0796875 0.159375
0 0.2734375 0.72109375 0.075 0.15625
0 0.3515625 0.73125 0.078125 0.159375
0 0.515625 0.7484375 0.0859375 0.16875
0 0.1890625 0.56484375 0.0765625 0.1484375
0 0.26640625 0.57109375 0.0796875 0.15625
0 0.4296875 0.73984375 0.08125 0.1578125
0 0.68984375 0.7765625 0.0921875 0.175
0 0.2015625 0.7078125 0.075 0.146875