0 0.60390625 0.703125 0.10859375 0.23984375
0 0.84453125 0.74453125 0.12578125 0.25390625
0 0.59140625 0.0375 0.08515625 0.075
0 0.6765625 0.2046875 0.08671875 0.26953125
0 0.86875 0.19609375 0.109375 0.30390625
0 0.60546875 0.46953125 0.1125 0.24453125
0 0.121875 0.61328125 0.0765625 0.18828125
0 0.18984375 0.62890625 0.07890625 0.19375
0 0.359375 0.22109375 0.0671875 0.2296875
0 0.2359375 0.2234375 0.06015625 0.21484375
0 0.24609375 0.4421875 0.090625 0.21171875
0 0.17421875 0.22421875 0.0578125 0.21015625
0 0.5078125 0.0421875 0.0765625 0.084375
0 0.41953125 0.6703125 0.09375 0.209375
0 0.5046875 0.6875 0.10234375 0.22265625
0 0.76875 0.203125 0.09375 0.28671875
0 0.125 0.22734375 0.05859375 0.20859375
0 0.440625 0.21640625 0.0734375 0.2375
0 0.58984375 0.21171875 0.0796875 0.26171875
0 0.50859375 0.21484375 0.0734375 0.246875
0 0.77578125 0.028125 0.0953125 0.05625
0 0.43515625 0.04765625 0.075 0.09375
0 0.71953125 0.72421875 0.1203125 0.246875
0 0.25625 0.64140625 0.08359375 0.20703125
0 0.35546875 0.05078125 0.06953125 0.10078125
0 0.29140625 0.053125 0.0640625 0.10546875
0 0.7203125 0.47265625 0.128125 0.27109375
0 0.4140625 0.45546875 0.1 0.221875
0 0.3359375 0.65703125 0.0875 0.2015625
0 0.10703125 0.4296875 0.07578125 0.196875
0 0.32421875 0.4484375 0.09609375 0.2171875
0 0.5015625 0.4609375 0.10234375 0.234375
0 0.8578125 0.48046875 0.13515625 0.28671875
0 0.29765625 0.221875 0.065625 0.22578125
0 0.2265625 0.05625 0.05859375 0.11171875
0 0.17265625 0.43515625 0.08359375 0.20546875
0 0.68125 0.0328125 0.090625 0.065625
0 0.17109375 0.0578125 0.05625 0.115625
0 0.115625 0.06015625 0.05625 0.1203125
0 0.875 0.0234375 0.10390625 0.0453125