0 0.6203125 0.45234375 0.10625 0.11875
0 0.5 0.32109375 0.1375 0.153125
0 0.35078125 0.309375 0.175 0.16875
0 0.36015625 0.45390625 0.165625 0.14375
0 0.50859375 0.4578125 0.13125 0.128125
0 0.3671875 0.590625 0.15625 0.1375
0 0.17421875 0.45625 0.215625 0.165625
0 0.62265625 0.3328125 0.1109375 0.13125
0 0.19140625 0.61484375 0.2046875 0.159375
0 0.50546875 0.575 0.121875 0.125
0 0.1515625 0.2921875 0.23125 0.190625
0 0.61875 0.565625 0.103125 0.1125
0 0.72578125 0.34140625 0.09375 0.121875
0 0.225 0.88203125 0.184375 0.153125
0 0.71953125 0.4515625 0.090625 0.109375
0 0.81328125 0.346875 0.078125 0.109375
0 0.80625 0.44921875 0.0796875 0.1
0 0.209375 0.75625 0.1953125 0.1515625
0 0.3796875 0.834375 0.146875 0.14375
0 0.37578125 0.71640625 0.153125 0.134375
0 0.71328125 0.65 0.0875 0.1
0 0.715625 0.55625 0.0890625 0.1
0 0.79921875 0.54765625 0.078125 0.096875
0 0.61796875 0.6625 0.1 0.1
0 0.70625 0.7453125 0.084375 0.1
0 0.6125 0.765625 0.1 0.11875
0 0.5140625 0.79296875 0.11875 0.13125
0 0.50859375 0.69296875 0.1203125 0.1203125
0 0.79609375 0.6359375 0.0765625 0.096875
0 0.7890625 0.72109375 0.0765625 0.1015625