0 0.5640625 0.48203125 0.0828125 0.1125
0 0.64765625 0.2578125 0.08125 0.1203125
0 0.18671875 0.221875 0.1046875 0.1390625
0 0.29296875 0.70078125 0.0921875 0.115625
0 0.47890625 0.4828125 0.0890625 0.115625
0 0.75703125 0.2609375 0.153125 0.11875
0 0.378125 0.83046875 0.0875 0.1578125
0 0.521875 0.246875 0.171875 0.128125
0 0.39140625 0.36171875 0.0921875 0.125
0 0.72109375 0.48359375 0.0765625 0.1078125
0 0.20390625 0.59765625 0.1 0.121875
0 0.2984375 0.47890625 0.09375 0.121875
0 0.64921875 0.48203125 0.08125 0.1109375
0 0.28984375 0.23125 0.096875 0.13125
0 0.7984375 0.4828125 0.075 0.10625
0 0.384375 0.48125 0.0921875 0.11875
0 0.20078125 0.478125 0.1015625 0.125
0 0.715625 0.68203125 0.078125 0.1
0 0.20078125 0.3546875 0.10625 0.128125
0 0.30078125 0.35390625 0.096875 0.125
0 0.0875 0.34921875 0.1125 0.1328125
0 0.56796875 0.36796875 0.084375 0.11875
0 0.56171875 0.58125 0.0828125 0.10625
0 0.46796875 0.69140625 0.0875 0.1078125
0 0.4765625 0.590625 0.0890625 0.109375
0 0.3859375 0.2390625 0.0921875 0.13125
0 0.0953125 0.47734375 0.109375 0.128125
0 0.78828125 0.6765625 0.075 0.096875
0 0.38984375 0.58984375 0.090625 0.1125
0 0.653125 0.36875 0.08125 0.1171875
0 0.29296875 0.58984375 0.09375 0.115625
0 0.6484375 0.584375 0.08125 0.10625
0 0.296875 0.8125 0.090625 0.1109375
0 0.48046875 0.3671875 0.0890625 0.121875
0 0.80625 0.37265625 0.0734375 0.109375
0 0.72734375 0.36953125 0.078125 0.115625
0 0.7234375 0.58203125 0.0765625 0.10625
0 0.38125 0.696875 0.0875 0.10625
0 0.8703125 0.57890625 0.071875 0.1015625
0 0.796875 0.58046875 0.071875 0.1
0 0.20546875 0.7140625 0.096875 0.115625
0 0.62890625 0.684375 0.08125 0.1
0 0.88203125 0.3734375 0.0765625 0.109375
0 0.93984375 0.57421875 0.078125 0.1
0 0.5515625 0.68671875 0.08125 0.103125
0 0.09921875 0.5984375 0.103125 0.121875
0 0.4625 0.8953125 0.084375 0.1
0 0.296875 0.91484375 0.0875 0.1109375
0 0.95390625 0.3765625 0.084375 0.103125
0 0.08671875 0.21328125 0.109375 0.146875
0 0.87421875 0.47734375 0.071875 0.103125
0 0.54765625 0.88828125 0.08125 0.1
0 0.77890625 0.77421875 0.071875 0.090625
0 0.46640625 0.79453125 0.0875 0.1078125
0 0.70390625 0.78046875 0.075 0.090625
0 0.20390625 0.9234375 0.09375 0.1125
0 0.94296875 0.4765625 0.078125 0.1015625
0 0.203125 0.8171875 0.09375 0.1125
0 0.87421875 0.27265625 0.071875 0.1125
0 0.95546875 0.28046875 0.0890625 0.10625
0 0.63046875 0.78671875 0.075 0.103125
0 0.3734375 0.903125 0.0875 0.109375
0 0.62890625 0.884375 0.084375 0.103125
0 0.55625 0.78984375 0.0796875 0.103125
0 0.096875 0.76796875 0.121875 0.23125