0 0.13046875 0.728125 0.13984375 0.2546875
0 0.2515625 0.70703125 0.11953125 0.2296875
0 0.45859375 0.44609375 0.1 0.21875
0 0.24375 0.46015625 0.1265625 0.24765625
0 0.45859375 0.66953125 0.09765625 0.209375
0 0.36171875 0.6890625 0.109375 0.225
0 0.8859375 0.40390625 0.071875 0.1921875
0 0.35859375 0.45078125 0.1140625 0.234375
0 0.640625 0.63828125 0.08359375 0.19296875
0 0.1140625 0.465625 0.1359375 0.26875
0 0.64453125 0.4296875 0.08671875 0.20859375
0 0.72578125 0.6265625 0.08046875 0.18671875
0 0.72578125 0.4265625 0.08203125 0.2078125
0 0.5546875 0.4390625 0.0890625 0.21484375
0 0.55546875 0.6546875 0.09140625 0.196875
0 0.80234375 0.61640625 0.075 0.1875
0 0.88046875 0.596875 0.06796875 0.178125
0 0.8046875 0.41484375 0.07421875 0.19609375