0 0.53359375 0.9109375 0.3546875 0.178125
0 0.78984375 0.7390625 0.296875 0.1421875
0 0.73515625 0.61171875 0.259375 0.121875
0 0.5078125 0.7484375 0.315625 0.15
0 0.46328125 0.60546875 0.29375 0.125
0 0.83125 0.8921875 0.3359375 0.16875
0 0.66953125 0.40625 0.2171875 0.090625
0 0.69296875 0.49609375 0.24375 0.103125
0 0.44140625 0.503125 0.26875 0.1125
0 0.4328125 0.39296875 0.25 0.1
0 0.4234375 0.3046875 0.26875 0.10625
0 0.65234375 0.3140625 0.203125 0.084375
0 0.615625 0.1515625 0.196875 0.071875
0 0.6296875 0.23125 0.203125 0.078125
0 0.59609375 0.08828125 0.2 0.06875
0 0.4046875 0.13828125 0.215625 0.0734375
0 0.38984375 0.0625 0.2109375 0.08125
0 0.40859375 0.21875 0.24375 0.1078125