0 0.7953125 0.43671875 0.0796875 0.0671875
0 0.75234375 0.725 0.0859375 0.084375
0 0.8265625 0.6484375 0.0875 0.078125
0 0.846875 0.81875 0.0953125 0.096875
0 0.52109375 0.7828125 0.06875 0.0796875
0 0.590625 0.5125 0.0625 0.0640625
0 0.4015625 0.63671875 0.0578125 0.0625
0 0.73046875 0.50546875 0.075 0.065625
0 0.3609375 0.46015625 0.046875 0.053125
0 0.82109375 0.57109375 0.0859375 0.071875
0 0.74140625 0.57109375 0.078125 0.071875
0 0.74609375 0.646875 0.08125 0.078125
0 0.5953125 0.78828125 0.075 0.0875
0 0.66484375 0.571875 0.071875 0.071875
0 0.671875 0.71796875 0.0796875 0.08125
0 0.2390625 0.6921875 0.0546875 0.0625
0 0.47265625 0.5109375 0.059375 0.059375
0 0.51953125 0.57265625 0.0625 0.0671875
0 0.7234375 0.44140625 0.0734375 0.065625
0 0.75703125 0.809375 0.0890625 0.0921875
0 0.53203125 0.71015625 0.06875 0.075
0 0.525 0.63828125 0.065625 0.06875
0 0.31015625 0.46484375 0.05 0.053125
0 0.46171875 0.63515625 0.0609375 0.065625
0 0.58984375 0.446875 0.0625 0.059375
0 0.58671875 0.57109375 0.0671875 0.06875
0 0.53203125 0.509375 0.0625 0.0609375
0 0.40859375 0.51484375 0.059375 0.0578125
0 0.6546875 0.4453125 0.06875 0.059375
0 0.66484375 0.6453125 0.075 0.075
0 0.2921875 0.6921875 0.053125 0.0625
0 0.66171875 0.51015625 0.071875 0.065625
0 0.59765625 0.7109375 0.071875 0.075
0 0.5296875 0.45234375 0.059375 0.05625
0 0.80703125 0.503125 0.0796875 0.06875
0 0.46484375 0.7015625 0.0625 0.0734375
0 0.39921875 0.696875 0.0578125 0.06875
0 0.3046875 0.51796875 0.0484375 0.053125
0 0.8359375 0.7265625 0.0890625 0.084375
0 0.346875 0.69921875 0.053125 0.0671875
0 0.29453125 0.63359375 0.0484375 0.0625
0 0.26796875 0.465625 0.0453125 0.05
0 0.1890625 0.68984375 0.053125 0.059375
0 0.4546875 0.7765625 0.065625 0.078125
0 0.46875 0.45390625 0.05625 0.059375
0 0.34765625 0.6359375 0.053125 0.0640625
0 0.46015625 0.56953125 0.059375 0.0640625
0 0.409375 0.4578125 0.053125 0.0546875
0 0.3546875 0.51640625 0.05 0.05625
0 0.671875 0.79609375 0.08125 0.090625
0 0.5953125 0.64296875 0.071875 0.071875
0 0.22109375 0.46875 0.0453125 0.05
0 0.24609375 0.63359375 0.05 0.0625
0 0.18125 0.7515625 0.053125 0.06875
0 0.296875 0.571875 0.05 0.05625
0 0.28203125 0.759375 0.053125 0.071875
0 0.3359375 0.7640625 0.0578125 0.075
0 0.23046875 0.75390625 0.053125 0.0703125
0 0.34921875 0.571875 0.053125 0.059375
0 0.20078125 0.63203125 0.05 0.059375
0 0.403125 0.57265625 0.05625 0.0609375
0 0.26171875 0.51875 0.046875 0.053125
0 0.215625 0.52109375 0.0453125 0.053125
0 0.39140625 0.7703125 0.059375 0.075
0 0.25234375 0.571875 0.046875 0.05625
0 0.40546875 0.41484375 0.090625 0.034375
0 0.2109375 0.571875 0.046875 0.053125
0 0.76015625 0.3859375 0.1328125 0.046875
0 0.640625 0.396875 0.1125 0.04375
0 0.5328125 0.40390625 0.103125 0.0421875
0 0.32578125 0.42265625 0.08125 0.0390625
0 0.24453125 0.428125 0.084375 0.034375