0 0.42890625 0.44765625 0.06640625 0.09453125
0 0.73359375 0.328125 0.08828125 0.11328125
0 0.43046875 0.625 0.0671875 0.0921875
0 0.428125 0.5390625 0.0671875 0.09140625
0 0.815625 0.853125 0.0921875 0.11875
0 0.640625 0.228125 0.08671875 0.11875
0 0.6515625 0.6390625 0.0796875 0.10078125
0 0.72421875 0.43671875 0.08515625 0.10390625
0 0.57109375 0.6359375 0.075 0.09765625
0 0.82109375 0.43359375 0.0953125 0.11015625
0 0.81796875 0.7515625 0.09140625 0.1109375
0 0.8171875 0.646875 0.09296875 0.109375
0 0.7296875 0.64296875 0.08515625 0.10625
0 0.415625 0.26015625 0.07421875 0.10859375
0 0.8203125 0.32265625 0.09609375 0.115625
0 0.7265625 0.21875 0.09296875 0.13125
0 0.646875 0.4390625 0.0796875 0.10234375
0 0.72734375 0.53984375 0.0859375 0.10390625
0 0.490625 0.53828125 0.065625 0.09296875
0 0.4328125 0.7171875 0.06875 0.09296875
0 0.728125 0.7390625 0.0859375 0.1078125
0 0.63671875 0.54140625 0.0796875 0.09921875
0 0.240625 0.36328125 0.05703125 0.08515625
0 0.24296875 0.4515625 0.05546875 0.0859375
0 0.1375 0.44921875 0.05390625 0.08046875
0 0.82109375 0.20859375 0.09765625 0.12734375
0 0.6453125 0.3375 0.08203125 0.10625
0 0.49453125 0.353125 0.071875 0.09921875
0 0.81875 0.5421875 0.0953125 0.109375
0 0.49375 0.44609375 0.06953125 0.0953125
0 0.4859375 0.2515625 0.0828125 0.109375
0 0.19375 0.5296875 0.059375 0.08515625
0 0.49140625 0.81015625 0.06640625 0.09921875
0 0.23203125 0.27890625 0.06015625 0.096875
0 0.5671875 0.44453125 0.075 0.1
0 0.42421875 0.3578125 0.06640625 0.09609375
0 0.56171875 0.24140625 0.07890625 0.1140625
0 0.72578125 0.84453125 0.08515625 0.1109375
0 0.65078125 0.7375 0.07890625 0.10078125
0 0.30703125 0.7015625 0.0671875 0.09609375
0 0.3640625 0.4484375 0.06328125 0.090625
0 0.56484375 0.5390625 0.0765625 0.0953125
0 0.565625 0.81640625 0.0765625 0.1
0 0.2921875 0.2734375 0.06796875 0.10234375
0 0.19375 0.45078125 0.0546875 0.08203125
0 0.4984375 0.72421875 0.0703125 0.09765625
0 0.3 0.4484375 0.059375 0.08828125
0 0.5640625 0.34609375 0.07265625 0.1015625
0 0.49453125 0.628125 0.06875 0.096875
0 0.24921875 0.6140625 0.05390625 0.08515625
0 0.57265625 0.7328125 0.0734375 0.1015625
0 0.6421875 0.83046875 0.08046875 0.1046875
0 0.35078125 0.26640625 0.0671875 0.1046875
0 0.3671875 0.621875 0.06171875 0.09140625
0 0.35625 0.35859375 0.0640625 0.09296875
0 0.36484375 0.53671875 0.0609375 0.08828125
0 0.1453125 0.52734375 0.053125 0.0796875
0 0.12890625 0.36875 0.05234375 0.0828125
0 0.125 0.2921875 0.05078125 0.08515625
0 0.1875 0.36640625 0.05625 0.08359375
0 0.428125 0.803125 0.06484375 0.09296875
0 0.29921875 0.36171875 0.05703125 0.08984375
0 0.3640625 0.7890625 0.06171875 0.08671875
0 0.1984375 0.69140625 0.05 0.08203125
0 0.14765625 0.68125 0.0515625 0.0796875
0 0.30625 0.53515625 0.06015625 0.08671875
0 0.3078125 0.6203125 0.0609375 0.0875
0 0.25 0.69296875 0.05546875 0.08125
0 0.17578125 0.28515625 0.05546875 0.0953125
0 0.30859375 0.7859375 0.0578125 0.0875
0 0.20546875 0.7703125 0.06171875 0.08671875
0 0.1484375 0.60546875 0.05546875 0.0875
0 0.146875 0.759375 0.0515625 0.08359375
0 0.24765625 0.775 0.05859375 0.084375
0 0.24921875 0.53046875 0.0640625 0.08828125
0 0.1984375 0.609375 0.05859375 0.08828125
0 0.3671875 0.7078125 0.07421875 0.1