0 0.76171875 0.2921875 0.23125 0.1125
0 0.515625 0.4890625 0.23125 0.0921875
0 0.30234375 0.728125 0.1875 0.05625
0 0.30234375 0.6125 0.203125 0.0609375
0 0.53125 0.16484375 0.2515625 0.121875
0 0.29609375 0.46953125 0.2171875 0.065625
0 0.75 0.39453125 0.2234375 0.103125
0 0.73828125 0.4859375 0.2125 0.0953125
0 0.10234375 0.66796875 0.203125 0.065625
0 0.0875 0.32734375 0.175 0.075
0 0.3015625 0.7796875 0.1875 0.053125
0 0.49375 0.8796875 0.1875 0.075
0 0.71796875 0.57109375 0.20625 0.0875
0 0.77421875 0.17890625 0.246875 0.121875
0 0.69921875 0.7328125 0.1953125 0.078125
0 0.3 0.53671875 0.209375 0.0625
0 0.10390625 0.734375 0.2015625 0.05625
0 0.709375 0.65390625 0.2 0.0828125
0 0.09140625 0.40546875 0.1828125 0.0703125
0 0.08203125 0.24765625 0.1640625 0.0765625
0 0.29296875 0.40703125 0.2171875 0.06875
0 0.6890625 0.80234375 0.19375 0.08125
0 0.5265625 0.2890625 0.2484375 0.1140625
0 0.2875 0.33125 0.221875 0.071875
0 0.303125 0.6671875 0.196875 0.05625
0 0.10234375 0.53984375 0.19375 0.065625
0 0.49609375 0.81015625 0.209375 0.084375
0 0.5125 0.57734375 0.215625 0.090625
0 0.0796875 0.17109375 0.159375 0.084375
0 0.5046875 0.66015625 0.2203125 0.084375
0 0.5234375 0.396875 0.2375 0.1
0 0.1046875 0.60625 0.203125 0.065625
0 0.28125 0.25234375 0.228125 0.0765625
0 0.0921875 0.471875 0.184375 0.065625
0 0.67421875 0.87265625 0.1921875 0.0765625
0 0.503125 0.7375 0.20625 0.078125
0 0.1078125 0.7859375 0.1953125 0.05625
0 0.28359375 0.17578125 0.2375 0.084375
0 0.30234375 0.83359375 0.18125 0.0546875
0 0.1125 0.840625 0.19375 0.05625