0 0.340625 0.61171875 0.06796875 0.06640625
0 0.20234375 0.67421875 0.0703125 0.06640625
0 0.89453125 0.63046875 0.071875 0.06953125
0 0.3359375 0.67734375 0.0703125 0.06875
0 0.2703125 0.67578125 0.06875 0.0671875
0 0.415625 0.55 0.06640625 0.06328125
0 0.54609375 0.6171875 0.06953125 0.0671875
0 0.2171875 0.54609375 0.06640625 0.0640625
0 0.8234375 0.625 0.0734375 0.06796875
0 0.88671875 0.5609375 0.07109375 0.065625
0 0.81484375 0.49765625 0.06640625 0.06015625
0 0.3484375 0.5484375 0.06640625 0.0640625
0 0.209375 0.6109375 0.0671875 0.065625
0 0.5453125 0.6859375 0.0703125 0.06796875
0 0.4765625 0.68203125 0.07109375 0.0671875
0 0.4078125 0.6140625 0.06875 0.0671875
0 0.27421875 0.6125 0.06796875 0.06640625
0 0.1453125 0.60703125 0.06953125 0.06484375
0 0.475 0.61484375 0.06875 0.06640625
0 0.74765625 0.5578125 0.06953125 0.06640625
0 0.6828125 0.6875 0.0703125 0.0671875
0 0.153125 0.54453125 0.06796875 0.0625
0 0.89765625 0.69765625 0.07578125 0.06875
0 0.421875 0.48984375 0.065625 0.06015625
0 0.825 0.69609375 0.07265625 0.06796875
0 0.7578125 0.6890625 0.07109375 0.06875
0 0.403125 0.68125 0.06953125 0.0671875
0 0.61328125 0.61875 0.0703125 0.06640625
0 0.4859375 0.4921875 0.065625 0.06015625
0 0.81953125 0.559375 0.06875 0.0671875
0 0.75 0.62265625 0.0703125 0.065625
0 0.88203125 0.5 0.06796875 0.06015625
0 0.61328125 0.6875 0.071875 0.06796875
0 0.2828125 0.546875 0.06875 0.06484375
0 0.22734375 0.48671875 0.06328125 0.06015625
0 0.6828125 0.6203125 0.0703125 0.0671875
0 0.28984375 0.4875 0.06796875 0.0578125
0 0.3546875 0.48984375 0.06328125 0.05859375
0 0.13125 0.67109375 0.0703125 0.0671875
0 0.7453125 0.49765625 0.06953125 0.05859375
0 0.54765625 0.5546875 0.06796875 0.0640625
0 0.478125 0.553125 0.06640625 0.06484375
0 0.3890625 0.43828125 0.05859375 0.04453125
0 0.4484375 0.43984375 0.059375 0.04453125
0 0.5515625 0.49140625 0.065625 0.0625
0 0.6125 0.5546875 0.06640625 0.0671875
0 0.1578125 0.48203125 0.06875 0.059375
0 0.67890625 0.55546875 0.06796875 0.06796875
0 0.5640625 0.44140625 0.05703125 0.04453125
0 0.5046875 0.440625 0.05390625 0.04609375
0 0.33046875 0.43671875 0.05703125 0.046875
0 0.6203125 0.4421875 0.059375 0.04453125
0 0.6796875 0.49296875 0.06484375 0.05703125
0 0.61171875 0.48828125 0.065625 0.0546875
0 0.81953125 0.4546875 0.0578125 0.03125
0 0.68359375 0.44296875 0.065625 0.04453125
0 0.2265625 0.44296875 0.05546875 0.03203125
0 0.27578125 0.44453125 0.0484375 0.0328125