0 0.55 0.853125 0.115625 0.0921875
0 0.73984375 0.50078125 0.10625 0.08125
0 0.546875 0.759375 0.1125 0.0921875
0 0.24140625 0.3578125 0.1015625 0.0765625
0 0.64765625 0.5875 0.109375 0.084375
0 0.77109375 0.85234375 0.11875 0.0921875
0 0.33125 0.60078125 0.1078125 0.084375
0 0.65390625 0.8578125 0.1171875 0.09375
0 0.32421875 0.86796875 0.11875 0.0953125
0 0.4328125 0.59375 0.10625 0.0875
0 0.434375 0.775 0.1109375 0.0921875
0 0.44140625 0.084375 0.0953125 0.06875
0 0.22890625 0.51015625 0.109375 0.08125
0 0.6515625 0.675 0.1125 0.0875
0 0.64296875 0.50390625 0.1046875 0.08125
0 0.3421875 0.2890625 0.0984375 0.078125
0 0.63984375 0.4265625 0.103125 0.0765625
0 0.32890625 0.6875 0.115625 0.0875
0 0.4359375 0.8625 0.115625 0.09375
0 0.21875 0.77578125 0.1125 0.090625
0 0.76328125 0.7578125 0.1125 0.0890625
0 0.73359375 0.4203125 0.103125 0.075
0 0.221875 0.68125 0.1125 0.0890625
0 0.65234375 0.76171875 0.115625 0.090625
0 0.7109375 0.06796875 0.096875 0.065625
0 0.5390625 0.425 0.1 0.075
0 0.3328125 0.515625 0.10625 0.08125
0 0.33984375 0.36171875 0.1 0.078125
0 0.32421875 0.778125 0.1140625 0.090625
0 0.23515625 0.4359375 0.10625 0.078125
0 0.33671875 0.4421875 0.103125 0.0765625
0 0.5453125 0.665625 0.109375 0.0875
0 0.72890625 0.34296875 0.1046875 0.071875
0 0.54140625 0.5796875 0.103125 0.08125
0 0.759375 0.66953125 0.1125 0.0875
0 0.53984375 0.4984375 0.1 0.0765625
0 0.43359375 0.51328125 0.103125 0.08125
0 0.4328125 0.6796875 0.109375 0.0875
0 0.22578125 0.596875 0.109375 0.084375
0 0.10546875 0.77578125 0.115625 0.0921875
0 0.43828125 0.4328125 0.1 0.078125
0 0.3453125 0.14765625 0.0953125 0.06875
0 0.43515625 0.28515625 0.0984375 0.0703125
0 0.53359375 0.13984375 0.09375 0.06875
0 0.43671875 0.215625 0.096875 0.071875
0 0.11484375 0.684375 0.109375 0.0890625
0 0.2125 0.8703125 0.1125 0.096875
0 0.62265625 0.07109375 0.09375 0.065625
0 0.7140625 0.13203125 0.096875 0.0703125
0 0.125 0.5953125 0.115625 0.08125
0 0.24921875 0.2171875 0.096875 0.071875
0 0.13671875 0.44140625 0.1078125 0.078125
0 0.43515625 0.3515625 0.1 0.071875
0 0.75078125 0.5796875 0.109375 0.084375
0 0.5359375 0.278125 0.096875 0.071875
0 0.63671875 0.3484375 0.1 0.0734375
0 0.63125 0.27421875 0.1 0.071875
0 0.6265625 0.1359375 0.096875 0.0734375
0 0.5328125 0.2125 0.09375 0.071875
0 0.62890625 0.209375 0.096875 0.06875
0 0.5375 0.3515625 0.1 0.071875
0 0.7234375 0.26953125 0.103125 0.06875
0 0.24453125 0.290625 0.096875 0.071875
0 0.12734375 0.51953125 0.109375 0.08125
0 0.340625 0.21328125 0.096875 0.071875
0 0.72421875 0.203125 0.1015625 0.071875
0 0.1015625 0.86484375 0.11875 0.0953125
0 0.140625 0.36171875 0.103125 0.0765625
0 0.4359375 0.14140625 0.0953125 0.065625
0 0.53203125 0.07734375 0.0921875 0.0671875
0 0.3453125 0.08359375 0.09375 0.065625
0 0.25078125 0.14765625 0.09375 0.06875
0 0.14765625 0.28828125 0.1015625 0.075
0 0.153125 0.21953125 0.096875 0.06875
0 0.25859375 0.0875 0.1 0.08125
0 0.16484375 0.15546875 0.1 0.08125
0 0.16953125 0.09296875 0.1 0.078125