0 0.62265625 0.046875 0.0984375 0.09375
0 0.528125 0.05234375 0.09453125 0.1046875
0 0.72109375 0.15703125 0.09921875 0.1609375
0 0.43203125 0.05546875 0.0953125 0.1109375
0 0.7234375 0.04296875 0.1046875 0.0859375
0 0.621875 0.16796875 0.09296875 0.1578125
0 0.534375 0.17421875 0.0921875 0.153125
0 0.43984375 0.1875 0.09140625 0.1484375
0 0.33984375 0.07265625 0.0953125 0.1453125
0 0.35 0.20390625 0.08828125 0.11875
0 0.55546875 0.7328125 0.03671875 0.2703125
0 0.58203125 0.7359375 0.0265625 0.26484375
0 0.765625 0.734375 0.0265625 0.2828125
0 0.63359375 0.7375 0.0265625 0.26796875
0 0.4375 0.73671875 0.025 0.2609375
0 0.85859375 0.73828125 0.028125 0.28203125
0 0.80703125 0.7375 0.02890625 0.27890625
0 0.31796875 0.4625 0.1421875 0.29140625
0 0.8390625 0.73828125 0.02734375 0.27890625
0 0.70546875 0.73359375 0.0421875 0.278125
0 0.484375 0.73671875 0.0390625 0.259375
0 0.78984375 0.73515625 0.02890625 0.284375
0 0.603125 0.7375 0.02578125 0.265625
0 0.6578125 0.73828125 0.0328125 0.265625
0 0.384375 0.73828125 0.04453125 0.25625
0 0.4578125 0.7359375 0.028125 0.2609375
0 0.8453125 0.440625 0.08828125 0.3140625
0 0.54140625 0.7359375 0.02578125 0.26171875
0 0.91328125 0.7375 0.04609375 0.28515625
0 0.41484375 0.73359375 0.0265625 0.26171875
0 0.85625 0.1125 0.04140625 0.21875
0 0.58125 0.44453125 0.06875 0.3109375
0 0.8828125 0.73828125 0.028125 0.28203125
0 0.74375 0.73359375 0.0265625 0.2796875
0 0.5203125 0.73203125 0.0234375 0.26484375