0 0.59609375 0.59453125 0.1625 0.134375
0 0.23671875 0.90703125 0.2109375 0.1625
0 0.434375 0.58046875 0.18125 0.1640625
0 0.43359375 0.7390625 0.1875 0.1484375
0 0.60234375 0.72109375 0.171875 0.146875
0 0.42890625 0.43125 0.171875 0.153125
0 0.75078125 0.6359375 0.140625 0.140625
0 0.246875 0.759375 0.196875 0.159375
0 0.25078125 0.6140625 0.19375 0.140625
0 0.25546875 0.503125 0.190625 0.090625
0 0.2640625 0.42265625 0.1890625 0.084375
0 0.259375 0.334375 0.190625 0.0875
0 0.74296875 0.49609375 0.1375 0.134375
0 0.7609375 0.753125 0.140625 0.1015625
0 0.5953125 0.453125 0.159375 0.128125
0 0.60625 0.871875 0.178125 0.153125
0 0.50859375 0.21640625 0.1078125 0.09375
0 0.2609375 0.24765625 0.184375 0.0859375
0 0.596875 0.30703125 0.084375 0.153125
0 0.509375 0.30859375 0.109375 0.0984375
0 0.76796875 0.85390625 0.140625 0.1046875
0 0.40703125 0.26796875 0.103125 0.0984375
0 0.434375 0.88671875 0.19375 0.165625
0 0.5109375 0.121875 0.10625 0.090625
0 0.40703125 0.1796875 0.10625 0.090625
0 0.6 0.15390625 0.084375 0.146875
0 0.26484375 0.16328125 0.1796875 0.08125
0 0.41015625 0.0890625 0.1109375 0.10625
0 0.27265625 0.08515625 0.1796875 0.10625