0 0.3953125 0.471875 0.109375 0.078125
0 0.6234375 0.76328125 0.1296875 0.1125
0 0.28515625 0.55234375 0.1046875 0.08125
0 0.74453125 0.66484375 0.1390625 0.103125
0 0.6140625 0.65546875 0.125 0.0984375
0 0.26796875 0.7359375 0.121875 0.1015625
0 0.49296875 0.64453125 0.115625 0.096875
0 0.609375 0.55703125 0.121875 0.0890625
0 0.49765625 0.8625 0.13125 0.121875
0 0.76953125 0.89296875 0.15625 0.1359375
0 0.49453125 0.7453125 0.1234375 0.10625
0 0.62890625 0.875 0.140625 0.13125
0 0.38125 0.74453125 0.121875 0.103125
0 0.734375 0.559375 0.13125 0.0953125
0 0.16171875 0.7328125 0.1203125 0.096875
0 0.75703125 0.7734375 0.14375 0.11875
0 0.1828125 0.63046875 0.1078125 0.090625
0 0.50078125 0.55625 0.1140625 0.090625
0 0.25546875 0.83984375 0.115625 0.1125
0 0.7234375 0.46796875 0.125 0.0828125
0 0.37109375 0.85546875 0.1296875 0.11875
0 0.3875 0.64609375 0.1140625 0.0921875
0 0.3875 0.55859375 0.109375 0.0875
0 0.71640625 0.38671875 0.121875 0.075
0 0.60703125 0.4703125 0.115625 0.078125
0 0.30546875 0.39765625 0.103125 0.071875
0 0.28203125 0.634375 0.1125 0.0890625
0 0.14453125 0.8328125 0.1171875 0.1078125
0 0.6078125 0.390625 0.109375 0.075
0 0.4125 0.328125 0.1 0.06875
0 0.19296875 0.54765625 0.1078125 0.0796875
0 0.2125 0.4703125 0.096875 0.075
0 0.50625 0.25390625 0.10625 0.06875
0 0.7125 0.31953125 0.1125 0.071875
0 0.40546875 0.39375 0.10625 0.071875
0 0.4984375 0.39453125 0.1078125 0.075
0 0.49609375 0.46640625 0.1125 0.0796875
0 0.303125 0.47109375 0.103125 0.0765625
0 0.5046875 0.32109375 0.109375 0.075
0 0.41796875 0.2640625 0.09375 0.0625
0 0.59765625 0.19921875 0.096875 0.0625
0 0.846875 0.63125 0.0875 0.1734375
0 0.7015625 0.18359375 0.109375 0.08125
0 0.6046875 0.32421875 0.103125 0.06875
0 0.509375 0.19921875 0.103125 0.0640625
0 0.69609375 0.11875 0.109375 0.078125
0 0.5109375 0.09296875 0.090625 0.06875
0 0.5953125 0.13359375 0.09375 0.065625
0 0.79765625 0.30390625 0.075 0.125
0 0.31953125 0.28125 0.09375 0.075
0 0.24765625 0.278125 0.09375 0.0765625
0 0.5984375 0.08203125 0.0953125 0.075
0 0.6 0.25625 0.1015625 0.06875
0 0.8171875 0.4375 0.0875 0.15
0 0.4171875 0.20703125 0.090625 0.0609375
0 0.51015625 0.15078125 0.090625 0.06875
0 0.7046875 0.24453125 0.1125 0.075
0 0.42421875 0.15625 0.0859375 0.05625
0 0.6890625 0.06015625 0.0984375 0.065625
0 0.315625 0.31484375 0.0984375 0.1015625
0 0.4265625 0.1015625 0.084375 0.05
0 0.89453125 0.85546875 0.1125 0.215625
0 0.25703125 0.22578125 0.09375 0.071875
0 0.26875 0.17109375 0.0890625 0.059375
0 0.275 0.12421875 0.0875 0.06875
0 0.353125 0.10546875 0.0875 0.065625
0 0.34296875 0.1609375 0.0890625 0.06875
0 0.33671875 0.2125 0.096875 0.075
0 0.7859375 0.18515625 0.08125 0.125
0 0.77265625 0.08671875 0.071875 0.115625
0 0.23359375 0.334375 0.103125 0.078125
0 0.221875 0.39921875 0.103125 0.0734375