0 0.6765625 0.60703125 0.075 0.08125
0 0.25 0.43984375 0.096875 0.090625
0 0.26328125 0.35546875 0.0953125 0.090625
0 0.1484375 0.43515625 0.10625 0.09375
0 0.2484375 0.6171875 0.10625 0.0984375
0 0.14765625 0.52890625 0.109375 0.096875
0 0.5140625 0.5296875 0.0796875 0.084375
0 0.33125 0.8140625 0.1 0.10625
0 0.43359375 0.5296875 0.0875 0.0890625
0 0.1625 0.34765625 0.10625 0.090625
0 0.59765625 0.6953125 0.0796875 0.090625
0 0.51328125 0.69609375 0.084375 0.090625
0 0.35078125 0.3625 0.0875 0.084375
0 0.4359375 0.3640625 0.084375 0.08125
0 0.3453125 0.53046875 0.09375 0.0921875
0 0.24921875 0.53046875 0.1 0.0921875
0 0.34140625 0.44375 0.090625 0.084375
0 0.5140625 0.375 0.078125 0.075
0 0.33515625 0.70859375 0.1 0.0984375
0 0.4390625 0.61796875 0.0875 0.090625
0 0.346875 0.6140625 0.09375 0.0921875
0 0.121875 0.725 0.1203125 0.10625
0 0.596875 0.784375 0.08125 0.096875
0 0.753125 0.76328125 0.075 0.0875
0 0.1359375 0.62734375 0.115625 0.10625
0 0.5203125 0.44765625 0.078125 0.078125
0 0.5890625 0.4515625 0.071875 0.078125
0 0.43828125 0.44609375 0.0859375 0.0828125
0 0.590625 0.53203125 0.075 0.0828125
0 0.43125 0.70625 0.090625 0.09375
0 0.66484375 0.453125 0.0703125 0.078125
0 0.23125 0.8203125 0.109375 0.1140625
0 0.51953125 0.79140625 0.084375 0.1015625
0 0.42734375 0.79921875 0.0921875 0.10625
0 0.5890625 0.3734375 0.071875 0.078125
0 0.81484375 0.675 0.065625 0.0796875
0 0.7484375 0.68046875 0.071875 0.084375
0 0.7921875 0.4578125 0.0640625 0.071875
0 0.23828125 0.71796875 0.10625 0.103125
0 0.665625 0.5296875 0.06875 0.08125
0 0.72734375 0.45546875 0.06875 0.075
0 0.59921875 0.609375 0.0796875 0.084375
0 0.5234375 0.6140625 0.08125 0.0875
0 0.8421875 0.39765625 0.05625 0.065625
0 0.8515625 0.46015625 0.0578125 0.065625
0 0.66015625 0.384375 0.065625 0.071875
0 0.75 0.60078125 0.0640625 0.078125
0 0.11640625 0.8375 0.13125 0.121875
0 0.73046875 0.5296875 0.06875 0.0765625
0 0.6734375 0.68671875 0.075 0.0875
0 0.871875 0.59609375 0.05625 0.071875
0 0.79765625 0.5296875 0.0609375 0.071875
0 0.8078125 0.596875 0.0625 0.075
0 0.91171875 0.53046875 0.059375 0.06875
0 0.67734375 0.77265625 0.075 0.090625
0 0.784375 0.3921875 0.0625 0.065625
0 0.721875 0.384375 0.059375 0.071875
0 0.9046875 0.46328125 0.053125 0.0625
0 0.81875 0.7578125 0.0625 0.084375
0 0.88203125 0.75 0.059375 0.08125
0 0.87578125 0.671875 0.059375 0.0703125
0 0.896875 0.40234375 0.053125 0.065625
0 0.921875 0.59453125 0.0546875 0.06875
0 0.85703125 0.5296875 0.05625 0.0703125
0 0.92734375 0.6703125 0.059375 0.075
0 0.93984375 0.7375 0.071875 0.08125
0 0.190625 0.28203125 0.171875 0.071875
0 0.35 0.296875 0.1515625 0.065625
0 0.52734375 0.31484375 0.134375 0.053125
0 0.66796875 0.32421875 0.1125 0.053125
0 0.7703125 0.3375 0.1015625 0.046875
0 0.871875 0.34609375 0.1 0.0484375