0 0.84921875 0.51953125 0.06796875 0.0875
0 0.5515625 0.3671875 0.109375 0.09375
0 0.6625 0.36953125 0.10625 0.09765625
0 0.85625 0.68984375 0.07109375 0.09296875
0 0.78515625 0.7828125 0.06953125 0.0953125
0 0.38203125 0.36328125 0.075 0.09296875
0 0.3078125 0.36328125 0.0765625 0.09296875
0 0.7828125 0.69140625 0.0703125 0.0890625
0 0.77578125 0.51953125 0.06796875 0.0890625
0 0.815625 0.4421875 0.11953125 0.06875
0 0.778125 0.60625 0.0703125 0.09140625
0 0.45859375 0.365625 0.0734375 0.09375
0 0.85859375 0.78515625 0.0671875 0.08984375
0 0.85234375 0.603125 0.06953125 0.0875
0 0.34765625 0.47578125 0.165625 0.046875
0 0.1703125 0.65 0.17421875 0.04921875
0 0.3453125 0.4359375 0.1625 0.04375
0 0.1765625 0.52109375 0.1703125 0.046875
0 0.509375 0.51875 0.1640625 0.0484375
0 0.5078125 0.43671875 0.15703125 0.0453125
0 0.5109375 0.47734375 0.15703125 0.0421875
0 0.79609375 0.3859375 0.15234375 0.0421875
0 0.5109375 0.72890625 0.171875 0.05234375
0 0.34765625 0.55859375 0.17265625 0.04765625
0 0.16484375 0.83359375 0.175 0.04921875
0 0.6640625 0.4375 0.1578125 0.04375
0 0.3390625 0.821875 0.178125 0.0515625
0 0.34765625 0.5203125 0.165625 0.0453125
0 0.34453125 0.77890625 0.16953125 0.0484375
0 0.1734375 0.56640625 0.17421875 0.05625
0 0.51171875 0.55859375 0.165625 0.04765625
0 0.16875 0.69140625 0.171875 0.046875
0 0.5078125 0.68515625 0.1578125 0.04765625
0 0.3453125 0.73515625 0.16953125 0.05390625
0 0.50546875 0.64453125 0.16015625 0.04453125
0 0.18125 0.3890625 0.178125 0.05234375
0 0.171875 0.60390625 0.18671875 0.0515625
0 0.67265625 0.81015625 0.15546875 0.05
0 0.6671875 0.6828125 0.16328125 0.04765625
0 0.178125 0.34375 0.18515625 0.05390625
0 0.7921875 0.34765625 0.165625 0.04453125
0 0.18125 0.43125 0.18203125 0.04921875
0 0.178125 0.4734375 0.18515625 0.04921875
0 0.6640625 0.47734375 0.16171875 0.0453125
0 0.66640625 0.5171875 0.1703125 0.04765625
0 0.66640625 0.559375 0.165625 0.0453125
0 0.66640625 0.6 0.1640625 0.04609375
0 0.66640625 0.64140625 0.1640625 0.04609375
0 0.3453125 0.6015625 0.171875 0.0484375
0 0.509375 0.59921875 0.16796875 0.05078125
0 0.34453125 0.64453125 0.18203125 0.04765625
0 0.34453125 0.68828125 0.1765625 0.0546875
0 0.1671875 0.73515625 0.184375 0.05390625
0 0.16796875 0.7828125 0.1875 0.0578125
0 0.67109375 0.72578125 0.1671875 0.0484375
0 0.675 0.76953125 0.17890625 0.05078125
0 0.51171875 0.771875 0.1703125 0.05234375
0 0.5125 0.81953125 0.171875 0.0515625