0 0.5203125 0.2609375 0.153125 0.140625
0 0.8640625 0.28671875 0.18828125 0.1578125
0 0.85859375 0.42109375 0.1875 0.10859375
0 0.37265625 0.27109375 0.14375 0.1375
0 0.840625 0.7484375 0.19140625 0.1484375
0 0.5234375 0.728125 0.1609375 0.12890625
0 0.68828125 0.50546875 0.13515625 0.12734375
0 0.29921875 0.3890625 0.1140625 0.1125
0 0.52890625 0.62109375 0.1640625 0.125
0 0.85546875 0.51328125 0.1875 0.1078125
0 0.66328125 0.62109375 0.11796875 0.125
0 0.56640625 0.85 0.11171875 0.13046875
0 0.559375 0.50078125 0.125 0.1203125
0 0.23515625 0.27109375 0.13125 0.1296875
0 0.53125 0.3890625 0.12578125 0.11953125
0 0.39140625 0.609375 0.1015625 0.11484375
0 0.40859375 0.38671875 0.11796875 0.1140625
0 0.67421875 0.74765625 0.13828125 0.1328125
0 0.28203125 0.59765625 0.13984375 0.109375
0 0.29140625 0.70078125 0.1046875 0.11484375
0 0.1921875 0.38828125 0.1015625 0.109375
0 0.68828125 0.871875 0.1375 0.134375
0 0.45859375 0.834375 0.11328125 0.134375
0 0.2078125 0.49375 0.134375 0.109375
0 0.1109375 0.2734375 0.115625 0.12421875
0 0.6890625 0.27734375 0.16875 0.146875
0 0.096875 0.384375 0.0859375 0.10234375
0 0.2703125 0.8015625 0.08671875 0.11484375
0 0.35234375 0.81484375 0.09375 0.12421875
0 0.3921875 0.71484375 0.11171875 0.1171875
0 0.440625 0.4984375 0.1140625 0.115625
0 0.67578125 0.3953125 0.1734375 0.1
0 0.84375 0.6265625 0.2015625 0.1359375
0 0.190625 0.69453125 0.10078125 0.1078125
0 0.86015625 0.15703125 0.15234375 0.14140625
0 0.325 0.5015625 0.109375 0.11171875
0 0.09453125 0.6859375 0.09140625 0.10390625
0 0.0953125 0.490625 0.090625 0.10234375
0 0.08828125 0.58203125 0.08203125 0.10234375
0 0.3578125 0.15859375 0.134375 0.08828125
0 0.5125 0.15078125 0.153125 0.0875
0 0.1703125 0.5890625 0.0875 0.1046875
0 0.8375 0.88671875 0.15078125 0.1421875
0 0.69453125 0.16328125 0.16875 0.11015625
0 0.1 0.7765625 0.09609375 0.1109375
0 0.121875 0.17734375 0.11484375 0.08203125
0 0.22734375 0.1734375 0.1171875 0.08125
0 0.184375 0.78828125 0.0921875 0.11328125