0 0.515625 0.91484375 0.3046875 0.1625
0 0.79140625 0.8984375 0.2890625 0.1546875
0 0.47734375 0.771875 0.2765625 0.146875
0 0.4609375 0.63984375 0.265625 0.125
0 0.74140625 0.7546875 0.265625 0.134375
0 0.5984375 0.28203125 0.1890625 0.0734375
0 0.6203125 0.365625 0.196875 0.078125
0 0.4375 0.540625 0.2328125 0.1046875
0 0.7 0.640625 0.23125 0.11875
0 0.67421875 0.5390625 0.2140625 0.1
0 0.6484375 0.4453125 0.20625 0.0890625
0 0.4015625 0.2828125 0.209375 0.078125
0 0.5828125 0.21171875 0.1875 0.071875
0 0.41171875 0.3578125 0.2078125 0.0796875
0 0.42890625 0.43515625 0.225 0.0890625
0 0.571875 0.13828125 0.1953125 0.065625
0 0.37109375 0.12890625 0.2 0.06875
0 0.39453125 0.20546875 0.2 0.06875