0 0.51171875 0.41015625 0.1125 0.1
0 0.50390625 0.5046875 0.1203125 0.103125
0 0.24921875 0.47421875 0.13671875 0.08046875
0 0.50390625 0.59609375 0.1140625 0.09765625
0 0.7296875 0.784375 0.10859375 0.09609375
0 0.38984375 0.3984375 0.134375 0.08359375
0 0.1265625 0.32265625 0.1390625 0.0578125
0 0.24375 0.39609375 0.1390625 0.08671875
0 0.24453125 0.640625 0.1359375 0.0796875
0 0.24140625 0.55859375 0.13515625 0.08515625
0 0.56640625 0.31640625 0.13515625 0.08671875
0 0.69921875 0.31796875 0.13515625 0.08515625
0 0.24921875 0.79921875 0.134375 0.08046875
0 0.6140625 0.78984375 0.11171875 0.09609375
0 0.8359375 0.31875 0.13515625 0.0859375
0 0.3828125 0.47421875 0.13203125 0.07890625
0 0.84296875 0.7875 0.1109375 0.09296875
0 0.625 0.50859375 0.10703125 0.096875
0 0.378125 0.559375 0.1328125 0.08125
0 0.51015625 0.6890625 0.1078125 0.09765625
0 0.42421875 0.31484375 0.1359375 0.08671875
0 0.384375 0.7984375 0.13125 0.08125
0 0.37890625 0.63984375 0.13125 0.0796875
0 0.728125 0.690625 0.11015625 0.09609375
0 0.62265625 0.503125 0.11875 0.10078125
0 0.5109375 0.7875 0.10859375 0.0984375
0 0.62578125 0.41171875 0.11015625 0.1
0 0.84765625 0.6953125 0.11484375 0.09453125
0 0.6203125 0.6921875 0.1109375 0.096875
0 0.2484375 0.7203125 0.1328125 0.07734375
0 0.62578125 0.40859375 0.12109375 0.103125
0 0.2765625 0.30703125 0.14453125 0.09453125
0 0.09921875 0.38984375 0.14453125 0.0921875
0 0.73671875 0.40859375 0.11953125 0.103125
0 0.84453125 0.40859375 0.1171875 0.10234375
0 0.10234375 0.47578125 0.14921875 0.0890625
0 0.7328125 0.5046875 0.1171875 0.09921875
0 0.8453125 0.50625 0.11875 0.1046875
0 0.6171875 0.59765625 0.11640625 0.09765625
0 0.72890625 0.6 0.11875 0.09921875
0 0.840625 0.60234375 0.1140625 0.1015625
0 0.10390625 0.56015625 0.146875 0.0859375
0 0.10859375 0.64140625 0.1453125 0.0890625
0 0.11015625 0.72109375 0.1421875 0.08828125
0 0.3828125 0.71875 0.1390625 0.0890625
0 0.115625 0.8046875 0.14296875 0.0875
0 0.25 0.8015625 0.1375 0.08359375
0 0.38359375 0.79921875 0.1375 0.0859375