0 0.5046875 0.2140625 0.1046875 0.0671875
0 0.1484375 0.2234375 0.2375 0.0703125
0 0.60859375 0.21015625 0.10625 0.0671875
0 0.8609375 0.26640625 0.0921875 0.08125
0 0.35078125 0.37421875 0.1328125 0.10625
0 0.71796875 0.20546875 0.109375 0.065625
0 0.7734375 0.27734375 0.090625 0.084375
0 0.34453125 0.2890625 0.0875 0.08125
0 0.0921875 0.3671875 0.125 0.103125
0 0.9546875 0.2703125 0.090625 0.0828125
0 0.77109375 0.36484375 0.146875 0.1078125
0 0.396875 0.21484375 0.1078125 0.06875
0 0.940625 0.19375 0.1125 0.06875
0 0.13671875 0.66484375 0.0296875 0.0671875
0 0.1484375 0.15546875 0.2375 0.06875
0 0.83359375 0.196875 0.115625 0.0703125
0 0.18984375 0.6625 0.03125 0.06875
0 0.6609375 0.140625 0.0875 0.065625
0 0.93984375 0.121875 0.1 0.06875
0 0.51484375 0.2890625 0.084375 0.0828125
0 0.83828125 0.12890625 0.09375 0.0640625
0 0.6296875 0.36953125 0.14375 0.10625
0 0.890625 0.75390625 0.034375 0.0734375
0 0.21875 0.37109375 0.13125 0.1046875
0 0.4875 0.375 0.1375 0.103125
0 0.540625 0.87578125 0.0328125 0.071875
0 0.6953125 0.88515625 0.03125 0.071875
0 0.78828125 0.8203125 0.034375 0.0703125
0 0.48984375 0.14453125 0.08125 0.0625
0 0.5953125 0.28046875 0.084375 0.0828125
0 0.6828125 0.2765625 0.0875 0.08125
0 0.43125 0.2890625 0.0859375 0.078125
0 0.490625 0.46484375 0.034375 0.075
0 0.18125 0.528125 0.03125 0.071875
0 0.30390625 0.20625 0.0859375 0.0859375
0 0.93984375 0.60703125 0.034375 0.078125
0 0.915625 0.359375 0.1515625 0.109375
0 0.85078125 0.8921875 0.034375 0.071875
0 0.659375 0.815625 0.034375 0.065625
0 0.0578125 0.8625 0.0328125 0.0671875
0 0.69453125 0.81484375 0.03125 0.0671875
0 0.91953125 0.8265625 0.0375 0.06875
0 0.18984375 0.73125 0.03125 0.06875
0 0.44453125 0.5375 0.03125 0.0703125
0 0.90234375 0.5328125 0.034375 0.0796875
0 0.3546875 0.8734375 0.0328125 0.0671875
0 0.83203125 0.45546875 0.0375 0.078125
0 0.83984375 0.609375 0.034375 0.0765625
0 0.36875 0.60390625 0.0296875 0.06875
0 0.56875 0.8765625 0.03125 0.071875
0 0.85390625 0.82421875 0.03125 0.06875
0 0.6625 0.884375 0.03125 0.0734375
0 0.76640625 0.534375 0.0375 0.071875
0 0.91875 0.89453125 0.0359375 0.071875
0 0.871875 0.53359375 0.0328125 0.078125
0 0.62734375 0.8125 0.0328125 0.065625
0 0.0484375 0.72734375 0.03125 0.06875
0 0.8546875 0.75078125 0.034375 0.071875
0 0.1640625 0.6625 0.03125 0.06875
0 0.72421875 0.815625 0.034375 0.06875
0 0.89140625 0.684375 0.034375 0.06875
0 0.90390625 0.609375 0.034375 0.0765625
0 0.82265625 0.74921875 0.034375 0.071875
0 0.58984375 0.60703125 0.034375 0.0703125
0 0.62421875 0.746875 0.034375 0.06875
0 0.08125 0.73203125 0.028125 0.06875
0 0.75625 0.74765625 0.0328125 0.0703125
0 0.3796875 0.80859375 0.0359375 0.06875
0 0.4796875 0.875 0.0328125 0.06875
0 0.53515625 0.80859375 0.034375 0.0671875
0 0.60078125 0.88125 0.034375 0.0703125
0 0.140625 0.7984375 0.03125 0.065625
0 0.94140625 0.453125 0.0421875 0.078125
0 0.74765625 0.134375 0.0890625 0.0671875
0 0.8203125 0.8921875 0.0328125 0.06875
0 0.503125 0.80703125 0.0328125 0.065625
0 0.16484375 0.596875 0.03125 0.06875
0 0.23125 0.8671875 0.03125 0.06875
0 0.5765625 0.1453125 0.084375 0.0625
0 0.8203125 0.825 0.034375 0.06875
0 0.6296875 0.88203125 0.03125 0.071875
0 0.44296875 0.4625 0.0640625 0.0734375
0 0.9265625 0.75078125 0.0359375 0.071875
0 0.4421875 0.8078125 0.0359375 0.065625
0 0.66328125 0.5375 0.0328125 0.0734375
0 0.41875 0.5375 0.03125 0.071875
0 0.5265625 0.60859375 0.034375 0.06875
0 0.7953125 0.45859375 0.0390625 0.075
0 0.265625 0.87109375 0.034375 0.06875
0 0.13203125 0.73203125 0.0296875 0.06875
0 0.08984375 0.86328125 0.03125 0.06875
0 0.7625 0.45703125 0.034375 0.075
0 0.22734375 0.8015625 0.034375 0.0671875
0 0.56640625 0.5359375 0.034375 0.0734375
0 0.5625 0.7453125 0.034375 0.06875
0 0.1109375 0.79765625 0.034375 0.065625
0 0.69453125 0.53671875 0.034375 0.075
0 0.721875 0.7453125 0.034375 0.071875
0 0.7296875 0.53359375 0.0375 0.0734375
0 0.6578125 0.74453125 0.034375 0.071875
0 0.7578125 0.81796875 0.034375 0.06875
0 0.10625 0.66484375 0.0296875 0.06875
0 0.1625 0.73203125 0.03125 0.06875
0 0.596875 0.81328125 0.034375 0.065625
0 0.115625 0.8640625 0.03125 0.065625
0 0.87421875 0.60859375 0.034375 0.078125
0 0.3 0.871875 0.0328125 0.06875
0 0.55703125 0.6078125 0.0328125 0.071875
0 0.31796875 0.80859375 0.034375 0.0625
0 0.803125 0.534375 0.0359375 0.075
0 0.9265625 0.68359375 0.0359375 0.06875
0 0.49375 0.60859375 0.03125 0.0703125
0 0.97578125 0.53203125 0.0375 0.078125
0 0.3578125 0.53828125 0.0328125 0.071875
0 0.8359375 0.534375 0.0359375 0.075
0 0.17421875 0.86484375 0.0296875 0.065625
0 0.04921875 0.65859375 0.03125 0.06875
0 0.50859375 0.87734375 0.03125 0.071875
0 0.565625 0.8109375 0.034375 0.065625
0 0.07890625 0.59140625 0.028125 0.06875
0 0.14453125 0.86875 0.03125 0.065625
0 0.365625 0.465625 0.03125 0.075
0 0.4125 0.80859375 0.0375 0.065625
0 0.5953125 0.74296875 0.03125 0.0671875
0 0.975 0.60625 0.034375 0.078125
0 0.66015625 0.4609375 0.0296875 0.075
0 0.75703125 0.8859375 0.03125 0.071875
0 0.39375 0.60234375 0.034375 0.06875
0 0.9546875 0.825 0.034375 0.0671875
0 0.10625 0.7296875 0.028125 0.06875
0 0.5265625 0.4625 0.034375 0.075
0 0.15546875 0.5265625 0.028125 0.06875
0 0.90234375 0.4546875 0.04375 0.078125
0 0.725 0.88828125 0.03125 0.071875
0 0.15 0.29453125 0.2453125 0.065625
0 0.1078125 0.59453125 0.0265625 0.06875
0 0.43125 0.60390625 0.034375 0.06875
0 0.41875 0.875 0.034375 0.0671875
0 0.534375 0.53828125 0.0375 0.075
0 0.13671875 0.59765625 0.0296875 0.06875
0 0.6296875 0.53515625 0.034375 0.071875
0 0.2984375 0.534375 0.0328125 0.071875
0 0.4734375 0.8046875 0.034375 0.065625
0 0.33359375 0.46328125 0.0328125 0.0734375
0 0.44765625 0.87734375 0.03125 0.065625
0 0.19921875 0.79921875 0.034375 0.06875
0 0.8875 0.82734375 0.034375 0.06875
0 0.4609375 0.60625 0.0328125 0.0703125
0 0.16484375 0.796875 0.034375 0.0671875
0 0.47421875 0.53828125 0.0375 0.06875
0 0.0546875 0.79609375 0.03125 0.065625
0 0.39140625 0.4640625 0.034375 0.071875
0 0.046875 0.453125 0.0546875 0.071875
0 0.73125 0.459375 0.040625 0.078125
0 0.57421875 0.4625 0.059375 0.0734375
0 0.3265625 0.871875 0.0328125 0.06875
0 0.7875 0.74765625 0.034375 0.0703125
0 0.18515625 0.45703125 0.03125 0.071875
0 0.875 0.45625 0.0453125 0.078125
0 0.38671875 0.87421875 0.0328125 0.06875
0 0.27109375 0.4609375 0.034375 0.071875
0 0.0515625 0.590625 0.03125 0.0671875
0 0.88515625 0.89453125 0.0359375 0.071875
0 0.384375 0.5390625 0.03125 0.071875
0 0.33671875 0.60234375 0.03125 0.06875
0 0.1984375 0.59375 0.034375 0.0625
0 0.68984375 0.46015625 0.0328125 0.075
0 0.5125 0.53828125 0.03125 0.071875
0 0.096875 0.4515625 0.03125 0.071875
0 0.30546875 0.4625 0.03125 0.0734375
0 0.56953125 0.6765625 0.03125 0.0671875
0 0.23828125 0.53046875 0.03125 0.06875
0 0.6921875 0.74765625 0.034375 0.0703125
0 0.07734375 0.66171875 0.028125 0.06875
0 0.31015625 0.6 0.03125 0.065625
0 0.6 0.53671875 0.0328125 0.071875
0 0.9375 0.53125 0.0359375 0.078125
0 0.78984375 0.678125 0.0359375 0.06875
0 0.78671875 0.89140625 0.034375 0.06875
0 0.62890625 0.46171875 0.0390625 0.075
0 0.51171875 0.675 0.040625 0.065625
0 0.2125 0.528125 0.028125 0.071875
0 0.32890625 0.53515625 0.03125 0.0703125
0 0.6609375 0.6765625 0.034375 0.065625
0 0.27421875 0.66953125 0.0375 0.065625
0 0.9578125 0.89453125 0.034375 0.071875
0 0.80625 0.60546875 0.034375 0.0765625
0 0.26953125 0.5328125 0.03125 0.071875
0 0.20390625 0.86953125 0.0296875 0.0671875
0 0.08125 0.79765625 0.028125 0.065625
0 0.28671875 0.5984375 0.028125 0.065625
0 0.12421875 0.453125 0.03125 0.071875
0 0.9796875 0.45234375 0.034375 0.0828125
0 0.82578125 0.6796875 0.0375 0.06875
0 0.85546875 0.68046875 0.0359375 0.065625
0 0.25859375 0.803125 0.03125 0.065625
0 0.34609375 0.8078125 0.0359375 0.06875
0 0.41015625 0.146875 0.0828125 0.0625
0 0.5328125 0.74296875 0.034375 0.065625
0 0.21875 0.6625 0.028125 0.06875
0 0.284375 0.80390625 0.034375 0.065625
0 0.54140625 0.67421875 0.0359375 0.065625
0 0.496875 0.7421875 0.0359375 0.0625
0 0.0703125 0.521875 0.0328125 0.071875
0 0.040625 0.51953125 0.0328125 0.071875
0 0.4609375 0.740625 0.046875 0.0703125
0 0.4265625 0.7390625 0.053125 0.06875
0 0.396875 0.740625 0.053125 0.065625
0 0.3671875 0.7390625 0.05 0.06875
0 0.334375 0.73984375 0.05 0.0703125
0 0.309375 0.73828125 0.0484375 0.0625
0 0.27890625 0.734375 0.04375 0.065625
0 0.24921875 0.73359375 0.040625 0.065625
0 0.2203125 0.73125 0.034375 0.06875
0 0.77265625 0.60859375 0.0375 0.0765625
0 0.7171875 0.61015625 0.040625 0.08125
0 0.740625 0.6078125 0.025 0.0765625
0 0.6828125 0.609375 0.0328125 0.071875
0 0.65078125 0.60546875 0.034375 0.071875
0 0.61875 0.60625 0.040625 0.071875
0 0.75703125 0.67890625 0.034375 0.065625
0 0.725 0.6765625 0.040625 0.0609375
0 0.47890625 0.6734375 0.034375 0.06875
0 0.446875 0.67109375 0.040625 0.065625
0 0.41953125 0.6703125 0.04375 0.0625
0 0.3859375 0.6703125 0.040625 0.065625
0 0.36015625 0.66953125 0.040625 0.0625
0 0.33125 0.66796875 0.040625 0.0625
0 0.3015625 0.66796875 0.040625 0.065625
0 0.2546875 0.5953125 0.0328125 0.071875
0 0.959375 0.678125 0.040625 0.075
0 0.95546875 0.75 0.0328125 0.078125
0 0.31875 0.13359375 0.084375 0.059375