0 0.471875 0.6046875 0.07890625 0.11015625
0 0.76328125 0.3765625 0.11171875 0.1296875
0 0.55234375 0.71484375 0.08046875 0.1046875
0 0.66484375 0.25546875 0.10390625 0.1390625
0 0.65546875 0.3859375 0.0984375 0.12578125
0 0.7359375 0.73203125 0.1015625 0.12109375
0 0.64453125 0.50703125 0.096875 0.11640625
0 0.55703125 0.390625 0.0890625 0.12109375
0 0.8625 0.50234375 0.12109375 0.13046875
0 0.89296875 0.23046875 0.1359375 0.15546875
0 0.7453125 0.50546875 0.10546875 0.1234375
0 0.875 0.37109375 0.13203125 0.13984375
0 0.74453125 0.61875 0.10234375 0.121875
0 0.559375 0.265625 0.0953125 0.13125
0 0.7328125 0.83828125 0.096875 0.1203125
0 0.7734375 0.24296875 0.11875 0.14375
0 0.63046875 0.8171875 0.08984375 0.1078125
0 0.55625 0.49921875 0.08984375 0.1140625
0 0.83984375 0.74453125 0.1125 0.11640625
0 0.46796875 0.2765625 0.0828125 0.125
0 0.85546875 0.62890625 0.11875 0.1296875
0 0.64609375 0.6125 0.0921875 0.1140625
0 0.55859375 0.6125 0.0875 0.11015625
0 0.38671875 0.28359375 0.07578125 0.12109375
0 0.4703125 0.39296875 0.078125 0.115625
0 0.39765625 0.69453125 0.07265625 0.103125
0 0.634375 0.71796875 0.0890625 0.11171875
0 0.8328125 0.85546875 0.10703125 0.1171875
0 0.390625 0.3921875 0.07421875 0.109375
0 0.328125 0.5875 0.06875 0.09921875
0 0.54765625 0.80703125 0.0796875 0.1078125
0 0.4703125 0.7875 0.075 0.096875
0 0.25390625 0.49375 0.06953125 0.10625
0 0.31953125 0.2875 0.07265625 0.11328125
0 0.39375 0.59453125 0.07109375 0.10625
0 0.39453125 0.5015625 0.075 0.1078125
0 0.46640625 0.50390625 0.0796875 0.11328125
0 0.47109375 0.696875 0.0765625 0.103125
0 0.32109375 0.4953125 0.075 0.109375
0 0.2640625 0.58203125 0.06328125 0.09453125
0 0.19921875 0.40234375 0.06328125 0.096875
0 0.63125 0.153125 0.17265625 0.08828125
0 0.18359375 0.2984375 0.08125 0.109375
0 0.32421875 0.3953125 0.06953125 0.10390625
0 0.19921875 0.490625 0.0640625 0.10234375
0 0.11875 0.30390625 0.07890625 0.109375
0 0.09296875 0.4890625 0.06953125 0.090625
0 0.13359375 0.4046875 0.06640625 0.09375
0 0.30390625 0.20234375 0.12421875 0.07421875
0 0.28125 0.68046875 0.07421875 0.09453125
0 0.278125 0.75234375 0.0765625 0.09296875
0 0.08203125 0.4015625 0.075 0.0953125
0 0.25625 0.4 0.06953125 0.1015625
0 0.4375 0.1828125 0.15 0.08671875
0 0.20703125 0.5828125 0.0609375 0.09140625
0 0.15078125 0.48984375 0.06875 0.09140625
0 0.24453125 0.2953125 0.075 0.11328125
0 0.15625 0.57578125 0.05703125 0.0859375
0 0.06015625 0.3109375 0.065625 0.0984375
0 0.31484375 0.684375 0.1015625 0.0984375
0 0.1015625 0.5734375 0.05 0.084375
0 0.85546875 0.10546875 0.21484375 0.11328125
0 0.22578125 0.74296875 0.071875 0.09296875
0 0.17109375 0.73125 0.06015625 0.0890625
0 0.12421875 0.725 0.06875 0.08671875
0 0.10546875 0.646875 0.065625 0.08828125
0 0.1609375 0.65703125 0.06796875 0.0890625
0 0.2125 0.66328125 0.075 0.096875
0 0.18515625 0.2140625 0.125 0.08125
0 0.08671875 0.22734375 0.11640625 0.071875
0 0.334375 0.76640625 0.078125 0.10390625
0 0.39921875 0.778125 0.0734375 0.103125