0 0.5796875 0.8484375 0.05625 0.19140625
0 0.5796875 0.334375 0.096875 0.10390625
0 0.265625 0.4609375 0.06796875 0.2
0 0.46015625 0.8640625 0.0609375 0.20078125
0 0.2453125 0.3015625 0.1203125 0.12734375
0 0.5234375 0.85234375 0.0609375 0.1984375
0 0.74765625 0.6609375 0.0515625 0.1765625
0 0.75234375 0.8375 0.0546875 0.18671875
0 0.690625 0.4796875 0.05546875 0.1765625
0 0.3984375 0.46875 0.06171875 0.18984375
0 0.1953125 0.45859375 0.06875 0.209375
0 0.4609375 0.6625 0.059375 0.1953125
0 0.640625 0.8453125 0.05859375 0.1859375
0 0.69296875 0.84140625 0.05390625 0.1875
0 0.18359375 0.66796875 0.071875 0.209375
0 0.33359375 0.66640625 0.06484375 0.2015625
0 0.47421875 0.32265625 0.1 0.11015625
0 0.6828125 0.34375 0.09375 0.10390625
0 0.2609375 0.665625 0.06953125 0.203125
0 0.3921875 0.66171875 0.06328125 0.1984375
0 0.4625 0.4703125 0.059375 0.1828125
0 0.68984375 0.66328125 0.05390625 0.18046875
0 0.80390625 0.83515625 0.05390625 0.18515625
0 0.33828125 0.46484375 0.0640625 0.19453125
0 0.396875 0.8640625 0.065625 0.20859375
0 0.36484375 0.31953125 0.1078125 0.1171875
0 0.5796875 0.478125 0.0546875 0.17734375
0 0.52421875 0.659375 0.05859375 0.18984375
0 0.74921875 0.48125 0.05234375 0.17421875
0 0.25546875 0.88203125 0.06953125 0.22109375
0 0.79921875 0.65703125 0.0546875 0.17421875
0 0.32890625 0.87578125 0.0671875 0.2109375
0 0.1765625 0.8828125 0.075 0.2171875
0 0.525 0.47421875 0.05703125 0.18125
0 0.7984375 0.48203125 0.05234375 0.1734375
0 0.63984375 0.4828125 0.0578125 0.18046875
0 0.5796875 0.6578125 0.05078125 0.18828125
0 0.6390625 0.66171875 0.05703125 0.18359375
0 0.77734375 0.3453125 0.090625 0.1046875