0 0.62421875 0.19921875 0.1125 0.1734375
0 0.28359375 0.24140625 0.125 0.065625
0 0.4109375 0.24140625 0.1265625 0.06875
0 0.40234375 0.1734375 0.134375 0.078125
0 0.5515625 0.38125 0.096875 0.15
0 0.64296875 0.390625 0.096875 0.146875
0 0.44609375 0.3625 0.046875 0.1765625
0 0.38203125 0.65703125 0.05 0.134375
0 0.4515625 0.659375 0.040625 0.134375
0 0.5265625 0.5265625 0.046875 0.15625
0 0.26796875 0.51640625 0.0578125 0.146875
0 0.5234375 0.66484375 0.04375 0.134375
0 0.52578125 0.20078125 0.1109375 0.178125
0 0.62734375 0.53046875 0.096875 0.1359375
0 0.63359375 0.66953125 0.0453125 0.134375
0 0.621875 0.790625 0.0453125 0.11875
0 0.61875 0.8984375 0.0421875 0.10625
0 0.596875 0.66796875 0.046875 0.1375
0 0.58984375 0.79140625 0.0421875 0.1234375
0 0.5859375 0.89609375 0.040625 0.109375
0 0.56484375 0.525 0.0453125 0.153125
0 0.559375 0.66484375 0.0453125 0.134375
0 0.55546875 0.7875 0.0421875 0.121875
0 0.55390625 0.89296875 0.0359375 0.1109375
0 0.52265625 0.7859375 0.0359375 0.1234375
0 0.5234375 0.89453125 0.034375 0.109375
0 0.4875 0.3671875 0.046875 0.1734375
0 0.4875 0.525 0.0375 0.153125
0 0.45 0.521875 0.046875 0.153125
0 0.4109375 0.52109375 0.04375 0.15
0 0.40625 0.36484375 0.053125 0.171875
0 0.3671875 0.3609375 0.05 0.1703125
0 0.3296875 0.36015625 0.05625 0.171875
0 0.29140625 0.36015625 0.05625 0.1734375
0 0.25234375 0.3578125 0.059375 0.1671875
0 0.215625 0.3609375 0.05625 0.1671875
0 0.18046875 0.3609375 0.059375 0.16875
0 0.14609375 0.35859375 0.059375 0.1609375
0 0.27421875 0.1671875 0.13125 0.078125
0 0.1546875 0.16015625 0.128125 0.0734375
0 0.16328125 0.23515625 0.1296875 0.078125
0 0.3765625 0.51640625 0.0515625 0.146875
0 0.3390625 0.51640625 0.053125 0.15
0 0.303125 0.51640625 0.053125 0.1453125
0 0.2328125 0.5125 0.05625 0.1453125
0 0.19765625 0.5140625 0.0578125 0.1453125
0 0.1625 0.5140625 0.059375 0.14375
0 0.4875 0.6625 0.04375 0.134375
0 0.41875 0.659375 0.046875 0.134375
0 0.34921875 0.6546875 0.046875 0.134375
0 0.3140625 0.65390625 0.05 0.134375
0 0.28125 0.65234375 0.05 0.1390625
0 0.2453125 0.65078125 0.05 0.1296875
0 0.2109375 0.65234375 0.059375 0.134375
0 0.178125 0.653125 0.059375 0.134375
0 0.4890625 0.78359375 0.0421875 0.115625
0 0.4546875 0.78125 0.0421875 0.11875
0 0.4234375 0.7796875 0.04375 0.115625
0 0.38984375 0.7796875 0.04375 0.1171875
0 0.35703125 0.77734375 0.0453125 0.1140625
0 0.325 0.7765625 0.04375 0.1125
0 0.29375 0.77421875 0.05 0.115625
0 0.2609375 0.77265625 0.05 0.115625
0 0.228125 0.7765625 0.046875 0.11875
0 0.19765625 0.7765625 0.046875 0.125
0 0.48984375 0.89296875 0.040625 0.1078125
0 0.459375 0.89296875 0.040625 0.109375
0 0.4265625 0.8921875 0.040625 0.1125
0 0.3953125 0.8890625 0.040625 0.103125
0 0.3640625 0.8859375 0.040625 0.10625
0 0.3359375 0.884375 0.0421875 0.103125
0 0.30390625 0.88046875 0.046875 0.1046875
0 0.26953125 0.88359375 0.04375 0.10625
0 0.24453125 0.8875 0.0453125 0.109375
0 0.21171875 0.88515625 0.0484375 0.10625