0 0.89375 0.26640625 0.11875 0.140625
0 0.678125 0.29609375 0.096875 0.1296875
0 0.77578125 0.759375 0.1 0.1171875
0 0.784375 0.2796875 0.10625 0.134375
0 0.8890625 0.39765625 0.1125 0.1296875
0 0.77890625 0.4078125 0.103125 0.125
0 0.5875 0.30078125 0.090625 0.1234375
0 0.50078125 0.309375 0.084375 0.11875
0 0.88828125 0.65234375 0.1125 0.125
0 0.678125 0.52890625 0.09375 0.1171875
0 0.20546875 0.33359375 0.071875 0.1
0 0.503125 0.63515625 0.078125 0.1078125
0 0.8875 0.5296875 0.1140625 0.125
0 0.67734375 0.415625 0.09375 0.121875
0 0.77890625 0.53046875 0.1015625 0.121875
0 0.678125 0.6453125 0.0953125 0.115625
0 0.78046875 0.646875 0.1 0.121875
0 0.5109375 0.734375 0.08125 0.10625
0 0.58515625 0.63984375 0.0890625 0.1125
0 0.67890625 0.75 0.090625 0.1140625
0 0.42421875 0.32109375 0.078125 0.115625
0 0.58671875 0.52890625 0.090625 0.115625
0 0.87890625 0.7703125 0.1109375 0.121875
0 0.4671875 0.2171875 0.146875 0.0765625
0 0.4953125 0.52734375 0.08125 0.1109375
0 0.5890625 0.74375 0.0859375 0.109375
0 0.68046875 0.85390625 0.09375 0.11875
0 0.58828125 0.41484375 0.090625 0.11875
0 0.27109375 0.32734375 0.06875 0.109375
0 0.77890625 0.86796875 0.0984375 0.121875
0 0.42734375 0.62734375 0.075 0.10625
0 0.50546875 0.4171875 0.08125 0.1140625
0 0.35703125 0.7203125 0.075 0.096875
0 0.340625 0.32265625 0.075 0.1125
0 0.43984375 0.81796875 0.078125 0.1046875
0 0.35078125 0.6234375 0.0734375 0.1
0 0.2765625 0.43125 0.06875 0.1
0 0.59375 0.84609375 0.0875 0.1109375
0 0.21171875 0.43515625 0.06875 0.09375
0 0.365625 0.81015625 0.071875 0.1
0 0.3421875 0.528125 0.075 0.103125
0 0.41796875 0.52890625 0.0796875 0.10625
0 0.509375 0.8359375 0.0796875 0.10625
0 0.87890625 0.87734375 0.10625 0.121875
0 0.4265625 0.42578125 0.078125 0.1078125
0 0.28984375 0.6234375 0.06875 0.0984375
0 0.3484375 0.42734375 0.071875 0.10625
0 0.22265625 0.61953125 0.0640625 0.09375
0 0.10859375 0.6109375 0.071875 0.090625
0 0.43359375 0.7234375 0.078125 0.10625
0 0.29375 0.709375 0.065625 0.09375
0 0.6625 0.196875 0.165625 0.08125
0 0.0921875 0.4390625 0.0640625 0.0921875
0 0.146875 0.4375 0.0640625 0.09375
0 0.10234375 0.528125 0.0609375 0.0875
0 0.30078125 0.8015625 0.06875 0.090625
0 0.22890625 0.7046875 0.0640625 0.0890625
0 0.0828125 0.34296875 0.065625 0.096875
0 0.13828125 0.33984375 0.0671875 0.0984375
0 0.15625 0.5234375 0.0703125 0.09375
0 0.28203125 0.53046875 0.0625 0.0984375
0 0.1140625 0.69453125 0.0703125 0.0875
0 0.2359375 0.79140625 0.0625 0.0921875
0 0.09375 0.26484375 0.1125 0.06875
0 0.203125 0.2515625 0.125 0.078125
0 0.3171875 0.23359375 0.14375 0.0875
0 0.8421875 0.16953125 0.203125 0.10625
0 0.21796875 0.5234375 0.078125 0.10625
0 0.1640625 0.61015625 0.0765625 0.09375
0 0.16953125 0.6984375 0.075 0.09375
0 0.12421875 0.775 0.0703125 0.0875
0 0.17890625 0.7796875 0.0734375 0.0875