0 0.8921875 0.9421875 0.05 0.034375
0 0.725 0.6484375 0.046875 0.034375
0 0.77265625 0.64375 0.046875 0.03125
0 0.39296875 0.64765625 0.05 0.034375
0 0.3921875 0.55625 0.046875 0.0328125
0 0.76953125 0.584375 0.0484375 0.03125
0 0.62265625 0.43828125 0.046875 0.03125
0 0.290625 0.7453125 0.0515625 0.034375
0 0.34609375 0.49609375 0.05 0.0296875
0 0.2953125 0.61796875 0.05 0.0328125
0 0.4875 0.64609375 0.046875 0.0328125
0 0.19296875 0.61953125 0.053125 0.034375
0 0.62890625 0.584375 0.046875 0.03125
0 0.1921875 0.6828125 0.053125 0.034375
0 0.296875 0.49609375 0.05 0.0296875
0 0.7234375 0.6765625 0.0484375 0.028125
0 0.34296875 0.6484375 0.05 0.03125
0 0.19921875 0.4359375 0.0515625 0.034375
0 0.34609375 0.43671875 0.046875 0.03125
0 0.346875 0.5265625 0.05 0.03125
0 0.5328125 0.58515625 0.046875 0.03125
0 0.7203125 0.49765625 0.046875 0.03125
0 0.71640625 0.4140625 0.046875 0.03125
0 0.72109375 0.584375 0.046875 0.03125
0 0.7609375 0.40859375 0.046875 0.0296875
0 0.67109375 0.4671875 0.0484375 0.03125
0 0.72109375 0.55546875 0.05 0.03125
0 0.534375 0.6453125 0.046875 0.03125
0 0.66484375 0.409375 0.046875 0.03125
0 0.7203125 0.525 0.046875 0.03125
0 0.24453125 0.61875 0.05 0.034375
0 0.66796875 0.43828125 0.046875 0.03125
0 0.44140625 0.4671875 0.046875 0.03125
0 0.39453125 0.4671875 0.05 0.03125
0 0.43984375 0.58515625 0.046875 0.0328125
0 0.84296875 0.84609375 0.0515625 0.034375
0 0.29765625 0.43671875 0.05 0.0296875
0 0.24921875 0.43671875 0.0484375 0.03125
0 0.84140625 0.9453125 0.0515625 0.034375
0 0.67578125 0.64453125 0.0484375 0.034375
0 0.43984375 0.7078125 0.0484375 0.03125
0 0.25078125 0.52734375 0.05 0.0328125
0 0.53046875 0.4671875 0.046875 0.03125
0 0.628125 0.64453125 0.046875 0.03125
0 0.24765625 0.4953125 0.05 0.028125
0 0.5296875 0.40859375 0.046875 0.028125
0 0.29765625 0.4109375 0.0484375 0.0296875
0 0.3453125 0.55625 0.05 0.0328125
0 0.2953125 0.65 0.05 0.03125
0 0.53203125 0.525 0.0453125 0.03125
0 0.71484375 0.43828125 0.046875 0.03125
0 0.53125 0.43828125 0.046875 0.03125
0 0.67578125 0.58359375 0.0484375 0.03125
0 0.2484375 0.41015625 0.05 0.0296875
0 0.63984375 0.884375 0.053125 0.034375
0 0.48671875 0.67578125 0.046875 0.0328125
0 0.2453125 0.65 0.05 0.0328125
0 0.77265625 0.7046875 0.0484375 0.03125
0 0.3921875 0.58671875 0.05 0.0328125
0 0.7171875 0.4671875 0.046875 0.03125
0 0.69140625 0.8828125 0.053125 0.0375
0 0.296875 0.55546875 0.05 0.03125
0 0.575 0.40859375 0.046875 0.0296875
0 0.76171875 0.4375 0.046875 0.03125
0 0.14921875 0.43515625 0.053125 0.03125
0 0.1953125 0.5875 0.0515625 0.0328125
0 0.19921875 0.52734375 0.053125 0.034375
0 0.5765625 0.4671875 0.046875 0.03125
0 0.29765625 0.52734375 0.0484375 0.0328125
0 0.43984375 0.67734375 0.0484375 0.034375
0 0.67421875 0.6140625 0.046875 0.03125
0 0.4875 0.61484375 0.046875 0.034375
0 0.48671875 0.7078125 0.046875 0.034375
0 0.34375 0.5875 0.05 0.034375
0 0.725 0.7375 0.046875 0.03125
0 0.7734375 0.734375 0.0484375 0.0296875
0 0.440625 0.64921875 0.0484375 0.0328125
0 0.48515625 0.525 0.046875 0.0296875
0 0.48515625 0.584375 0.046875 0.03125
0 0.7703125 0.6734375 0.05 0.03125
0 0.19375 0.6515625 0.0515625 0.0328125
0 0.53203125 0.5546875 0.046875 0.03125
0 0.67265625 0.525 0.046875 0.03125
0 0.39296875 0.4375 0.0484375 0.03125
0 0.67265625 0.4984375 0.046875 0.03125
0 0.76953125 0.61328125 0.046875 0.03125
0 0.39375 0.49609375 0.0484375 0.03125
0 0.58125 0.6453125 0.046875 0.0328125
0 0.34609375 0.41015625 0.046875 0.0296875
0 0.19921875 0.49609375 0.0515625 0.03125
0 0.43984375 0.43984375 0.046875 0.03125
0 0.621875 0.41015625 0.046875 0.028125
0 0.29296875 0.5859375 0.05 0.0328125
0 0.27421875 0.8953125 0.053125 0.034375
0 0.62578125 0.525 0.046875 0.03125
0 0.3953125 0.52578125 0.046875 0.03125
0 0.43984375 0.55546875 0.046875 0.03125
0 0.4828125 0.496875 0.0453125 0.03125
0 0.81015625 0.40859375 0.046875 0.03125
0 0.89375 0.909375 0.05 0.034375
0 0.89140625 0.84609375 0.05 0.0390625
0 0.14765625 0.5265625 0.053125 0.0328125
0 0.725 0.7078125 0.0484375 0.034375
0 0.48359375 0.4671875 0.0453125 0.03125
0 0.6265625 0.6140625 0.0484375 0.03125
0 0.675 0.67421875 0.046875 0.03125
0 0.42265625 0.96015625 0.053125 0.0375
0 0.728125 0.7703125 0.046875 0.034375
0 0.76484375 0.5546875 0.0484375 0.03125
0 0.48515625 0.55625 0.046875 0.0328125
0 0.62421875 0.55390625 0.046875 0.03125
0 0.296875 0.46640625 0.0484375 0.0328125
0 0.48515625 0.4375 0.04375 0.028125
0 0.13984375 0.68359375 0.053125 0.0328125
0 0.29375 0.68046875 0.05 0.034375
0 0.53125 0.496875 0.046875 0.0296875
0 0.484375 0.4078125 0.046875 0.03125
0 0.5765625 0.43828125 0.046875 0.03125
0 0.28984375 0.809375 0.053125 0.0359375
0 0.81796875 0.67421875 0.05 0.03125
0 0.634375 0.83203125 0.05 0.03125
0 0.58515625 0.77265625 0.0484375 0.034375
0 0.34609375 0.4671875 0.046875 0.03125
0 0.62578125 0.5 0.046875 0.028125
0 0.58203125 0.584375 0.05 0.03125
0 0.62890625 0.7046875 0.05 0.028125
0 0.29375 0.71484375 0.05 0.03125
0 0.24140625 0.746875 0.053125 0.034375
0 0.3265625 0.89375 0.05625 0.0359375
0 0.81640625 0.61328125 0.05 0.03125
0 0.246875 0.55703125 0.05 0.03125
0 0.7640625 0.52421875 0.046875 0.03125
0 0.2484375 0.37734375 0.0484375 0.03125
0 0.821875 0.70390625 0.05 0.03125
0 0.534375 0.67578125 0.046875 0.034375
0 0.1484375 0.4953125 0.05625 0.03125
0 0.721875 0.6140625 0.046875 0.03125
0 0.24375 0.58671875 0.05 0.03125
0 0.79296875 0.88046875 0.053125 0.034375
0 0.14140625 0.61875 0.05 0.034375
0 0.63203125 0.76953125 0.046875 0.034375
0 0.2390625 0.809375 0.0515625 0.034375
0 0.58828125 0.884375 0.053125 0.034375
0 0.34375 0.61640625 0.05 0.03125
0 0.2015625 0.4109375 0.05 0.034375
0 0.39296875 0.615625 0.05 0.0328125
0 0.58203125 0.70703125 0.046875 0.0328125
0 0.39140625 0.71015625 0.05 0.034375
0 0.625 0.4671875 0.046875 0.03125
0 0.43984375 0.49609375 0.046875 0.03125
0 0.5359375 0.7078125 0.0484375 0.034375
0 0.1984375 0.46640625 0.05 0.03125
0 0.2921875 0.77734375 0.05 0.034375
0 0.6734375 0.55625 0.046875 0.03125
0 0.43984375 0.52890625 0.046875 0.03125
0 0.259375 0.9640625 0.05625 0.034375
0 0.57421875 0.38046875 0.0453125 0.028125
0 0.203125 0.375 0.05 0.03125
0 0.57890625 0.49609375 0.046875 0.03125
0 0.4875 0.8359375 0.05 0.0328125
0 0.4875 0.73984375 0.05 0.034375
0 0.58046875 0.52890625 0.05 0.0328125
0 0.67890625 0.76953125 0.05 0.0359375
0 0.52890625 0.38125 0.046875 0.0328125
0 0.34296875 0.678125 0.05 0.03125
0 0.24375 0.68125 0.05 0.03125
0 0.628125 0.67578125 0.046875 0.034375
0 0.2953125 0.37734375 0.0515625 0.03125
0 0.821875 0.734375 0.05 0.03125
0 0.18984375 0.74609375 0.053125 0.03125
0 0.78984375 0.94765625 0.053125 0.03125
0 0.2484375 0.46796875 0.05 0.034375
0 0.53671875 0.77265625 0.05 0.034375
0 0.7625 0.4984375 0.0453125 0.03125
0 0.5859375 0.8328125 0.05 0.03125
0 0.43984375 0.615625 0.046875 0.0328125
0 0.34375 0.71015625 0.05 0.0328125
0 0.33984375 0.8078125 0.0515625 0.034375
0 0.53671875 0.7390625 0.05 0.034375
0 0.43828125 0.4078125 0.046875 0.03125
0 0.1484375 0.40390625 0.0546875 0.0328125
0 0.81640625 0.58359375 0.0484375 0.03125
0 0.24296875 0.7125 0.0515625 0.034375
0 0.53203125 0.6140625 0.046875 0.0328125
0 0.58046875 0.67578125 0.046875 0.0328125
0 0.3453125 0.378125 0.046875 0.028125
0 0.3421875 0.775 0.0515625 0.034375
0 0.6171875 0.38125 0.046875 0.028125
0 0.21875 0.89609375 0.0546875 0.0359375
0 0.74296875 0.88203125 0.053125 0.0359375
0 0.1375 0.74609375 0.0546875 0.03125
0 0.6765625 0.70546875 0.046875 0.0296875
0 0.38984375 0.678125 0.05 0.0328125
0 0.728125 0.8296875 0.0453125 0.03125
0 0.38984375 0.8078125 0.05 0.034375
0 0.790625 0.84765625 0.05625 0.034375
0 0.39140625 0.40859375 0.05 0.0296875
0 0.478125 0.95625 0.053125 0.0359375
0 0.18828125 0.8109375 0.05 0.03125
0 0.1453125 0.55703125 0.0515625 0.03125
0 0.48203125 0.3796875 0.0484375 0.0296875
0 0.14140625 0.65078125 0.05 0.034375
0 0.58359375 0.9546875 0.053125 0.0359375
0 0.4390625 0.77578125 0.05 0.03125
0 0.5796875 0.5546875 0.05 0.03125
0 0.75546875 0.38046875 0.04375 0.028125
0 0.72890625 0.79765625 0.0484375 0.03125
0 0.2390625 0.778125 0.05 0.034375
0 0.81875 0.64375 0.0484375 0.03125
0 0.14765625 0.46484375 0.05 0.03125
0 0.32265625 0.92578125 0.053125 0.034375
0 0.80859375 0.4375 0.046875 0.028125
0 0.1484375 0.3765625 0.05625 0.03125
0 0.48828125 0.80546875 0.05 0.0328125
0 0.53671875 0.80390625 0.05 0.034375
0 0.5375 0.88828125 0.0546875 0.034375
0 0.48828125 0.77421875 0.05 0.0328125
0 0.19609375 0.55703125 0.0515625 0.0296875
0 0.8453125 0.878125 0.05 0.034375
0 0.58359375 0.73828125 0.046875 0.034375
0 0.31328125 0.96171875 0.053125 0.034375
0 0.3890625 0.3796875 0.046875 0.0296875
0 0.19375 0.7140625 0.0515625 0.034375
0 0.759375 0.46640625 0.046875 0.03125
0 0.58515625 0.8015625 0.05 0.034375
0 0.43671875 0.37890625 0.046875 0.03125
0 0.66328125 0.38046875 0.046875 0.028125
0 0.709375 0.38046875 0.046875 0.028125
0 0.80078125 0.3796875 0.046875 0.028125
0 0.80625 0.465625 0.046875 0.0296875
0 0.809375 0.4953125 0.046875 0.0296875
0 0.81015625 0.5234375 0.046875 0.03125
0 0.8125 0.553125 0.046875 0.0296875
0 0.58046875 0.6140625 0.05 0.0296875
0 0.678125 0.7359375 0.05 0.034375
0 0.6296875 0.73671875 0.05 0.0328125
0 0.14453125 0.5875 0.0515625 0.03125
0 0.1390625 0.71484375 0.053125 0.034375
0 0.340625 0.7421875 0.05 0.03125
0 0.3890625 0.7421875 0.05 0.034375
0 0.43828125 0.73984375 0.0515625 0.0328125
0 0.38984375 0.7734375 0.05 0.03125
0 0.4390625 0.8046875 0.05 0.03125
0 0.1359375 0.78046875 0.053125 0.034375
0 0.18984375 0.77890625 0.053125 0.034375
0 0.13671875 0.81171875 0.053125 0.0328125
0 0.13671875 0.84375 0.053125 0.034375
0 0.1890625 0.84375 0.053125 0.034375
0 0.2390625 0.84140625 0.053125 0.034375
0 0.28984375 0.840625 0.05 0.034375
0 0.3390625 0.83984375 0.053125 0.034375
0 0.3890625 0.8375 0.053125 0.034375
0 0.43984375 0.83671875 0.05 0.034375
0 0.53671875 0.834375 0.05 0.03125
0 0.6328125 0.8 0.0484375 0.03125
0 0.68125 0.79921875 0.05 0.03125
0 0.77421875 0.76640625 0.0484375 0.03125
0 0.821875 0.765625 0.05 0.03125
0 0.7765625 0.79765625 0.05 0.03125
0 0.8234375 0.796875 0.0484375 0.03125
0 0.68203125 0.83046875 0.0484375 0.03125
0 0.89453125 0.87734375 0.053125 0.034375
0 0.8421875 0.9109375 0.053125 0.034375
0 0.7921875 0.9125 0.053125 0.034375
0 0.7421875 0.9140625 0.053125 0.034375
0 0.69140625 0.91640625 0.053125 0.034375
0 0.6390625 0.91796875 0.053125 0.034375
0 0.5875 0.91796875 0.053125 0.034375
0 0.1640625 0.896875 0.05625 0.0375
0 0.38046875 0.89140625 0.053125 0.0359375
0 0.4328125 0.890625 0.053125 0.0359375
0 0.484375 0.8890625 0.0546875 0.0359375
0 0.15234375 0.93359375 0.05625 0.0375
0 0.21328125 0.93046875 0.05625 0.0359375
0 0.1484375 0.96875 0.059375 0.0375
0 0.20390625 0.96640625 0.05625 0.034375
0 0.26796875 0.9296875 0.05625 0.0359375
0 0.378125 0.9265625 0.05625 0.034375
0 0.43125 0.925 0.05625 0.034375
0 0.36875 0.96015625 0.053125 0.0359375
0 0.53046875 0.9546875 0.053125 0.034375
0 0.48359375 0.92265625 0.053125 0.0359375
0 0.534375 0.91953125 0.0546875 0.034375
0 0.63671875 0.95234375 0.053125 0.0375
0 0.6875 0.9484375 0.0515625 0.0359375
0 0.7390625 0.946875 0.053125 0.034375