0 0.2796875 0.7578125 0.2125 0.071875
0 0.51640625 0.746875 0.234375 0.1171875
0 0.49765625 0.64296875 0.2203125 0.10625
0 0.75 0.7421875 0.2234375 0.1125
0 0.27734375 0.32734375 0.178125 0.05
0 0.2828125 0.6828125 0.203125 0.0703125
0 0.090625 0.378125 0.18125 0.05625
0 0.71953125 0.6421875 0.209375 0.103125
0 0.090625 0.328125 0.18125 0.053125
0 0.27890625 0.49609375 0.1890625 0.05625
0 0.27734375 0.278125 0.175 0.05
0 0.2828125 0.6203125 0.2 0.065625
0 0.0953125 0.2765625 0.178125 0.05
0 0.0859375 0.7625 0.171875 0.075
0 0.76328125 0.85625 0.2328125 0.128125
0 0.27734375 0.8375 0.225 0.0796875
0 0.2765625 0.378125 0.1796875 0.05625
0 0.08984375 0.4984375 0.1796875 0.0578125
0 0.08984375 0.5578125 0.1796875 0.065625
0 0.490625 0.5421875 0.2125 0.096875
0 0.28125 0.5546875 0.1921875 0.0625
0 0.67109375 0.28828125 0.1875 0.078125
0 0.08203125 0.84453125 0.1640625 0.078125
0 0.0875 0.68671875 0.175 0.0703125
0 0.6890625 0.45234375 0.196875 0.0875
0 0.70546875 0.5421875 0.2 0.09375
0 0.66171875 0.2109375 0.1875 0.071875
0 0.478125 0.36875 0.2 0.0828125
0 0.09375 0.621875 0.18125 0.0671875
0 0.103125 0.221875 0.178125 0.0515625
0 0.28203125 0.43671875 0.1828125 0.05625
0 0.2765625 0.2234375 0.171875 0.05
0 0.52109375 0.865625 0.253125 0.128125
0 0.678125 0.365625 0.190625 0.08125
0 0.46171875 0.2109375 0.1921875 0.0734375
0 0.0921875 0.43828125 0.184375 0.05625
0 0.4875 0.45234375 0.2046875 0.090625
0 0.4703125 0.28125 0.1953125 0.0796875
0 0.64609375 0.13515625 0.1828125 0.065625
0 0.45234375 0.13125 0.1921875 0.071875