0 0.84765625 0.8109375 0.0625 0.15625
0 0.73203125 0.65390625 0.0625 0.15
0 0.73046875 0.35546875 0.059375 0.146875
0 0.3265625 0.48828125 0.059375 0.1109375
0 0.36484375 0.3953125 0.0875 0.075
0 0.3546875 0.6 0.11875 0.1109375
0 0.45625 0.315625 0.0890625 0.0734375
0 0.5875 0.2140625 0.071875 0.128125
0 0.68125 0.16875 0.121875 0.06875
0 0.24921875 0.76640625 0.090625 0.0734375
0 0.521875 0.2125 0.06875 0.1296875
0 0.3671875 0.3140625 0.0875 0.075
0 0.503125 0.48828125 0.059375 0.109375
0 0.38125 0.4890625 0.059375 0.1109375
0 0.5578125 0.48828125 0.0578125 0.1109375
0 0.4546875 0.21484375 0.06875 0.128125
0 0.3203125 0.2140625 0.071875 0.1125
0 0.24765625 0.68828125 0.0921875 0.075
0 0.54296875 0.39453125 0.0875 0.075
0 0.66953125 0.653125 0.0625 0.153125
0 0.6109375 0.653125 0.0578125 0.153125
0 0.32421875 0.7125 0.059375 0.1125
0 0.7875 0.8109375 0.059375 0.153125
0 0.6734375 0.8140625 0.059375 0.15625
0 0.2453125 0.21484375 0.071875 0.1109375
0 0.2515625 0.61796875 0.090625 0.075
0 0.38359375 0.21328125 0.06875 0.125
0 0.72890625 0.528125 0.0609375 0.103125
0 0.78359375 0.49921875 0.059375 0.153125
0 0.38125 0.5953125 0.05625 0.1125
0 0.73359375 0.81484375 0.059375 0.1546875
0 0.68203125 0.240625 0.125 0.06875
0 0.7828125 0.35546875 0.059375 0.15
0 0.25078125 0.5421875 0.0890625 0.071875
0 0.38046875 0.71328125 0.059375 0.1125
0 0.3265625 0.82265625 0.059375 0.115625
0 0.6703125 0.3578125 0.059375 0.15
0 0.2546875 0.46875 0.0875 0.0734375
0 0.25 0.84375 0.0890625 0.075
0 0.45703125 0.39453125 0.0875 0.075
0 0.809375 0.2390625 0.121875 0.06875
0 0.6109375 0.359375 0.05625 0.15
0 0.44296875 0.48828125 0.059375 0.109375
0 0.54375 0.31484375 0.0890625 0.071875
0 0.559375 0.825 0.05625 0.115625
0 0.61015625 0.5015625 0.05625 0.15
0 0.46953125 0.60078125 0.115625 0.1109375
0 0.7859375 0.6546875 0.059375 0.15625
0 0.559375 0.70859375 0.0578125 0.1125
0 0.8109375 0.1671875 0.121875 0.06875
0 0.27890625 0.38203125 0.0875 0.090625
0 0.55859375 0.60078125 0.0578125 0.109375
0 0.50234375 0.6015625 0.0609375 0.1125
0 0.2796875 0.30546875 0.0875 0.071875
0 0.8453125 0.65703125 0.0609375 0.153125
0 0.61328125 0.8078125 0.059375 0.15
0 0.38203125 0.82109375 0.05625 0.115625
0 0.84453125 0.35078125 0.059375 0.15
0 0.496875 0.709375 0.0578125 0.1125
0 0.84609375 0.4984375 0.0625 0.153125
0 0.50390625 0.82890625 0.059375 0.1125
0 0.4421875 0.71015625 0.0578125 0.1125
0 0.6671875 0.5296875 0.059375 0.096875
0 0.728125 0.4515625 0.059375 0.05
0 0.66953125 0.4515625 0.0578125 0.0484375
0 0.44765625 0.82734375 0.071875 0.1125