0 0.77421875 0.36484375 0.11640625 0.1390625
0 0.66796875 0.23828125 0.10703125 0.14375
0 0.77109375 0.6296875 0.11171875 0.1328125
0 0.771875 0.49765625 0.1171875 0.13125
0 0.8859375 0.63359375 0.12734375 0.13984375
0 0.4765625 0.38359375 0.08671875 0.1203125
0 0.76640625 0.75078125 0.11484375 0.13359375
0 0.89296875 0.49453125 0.12890625 0.1390625
0 0.89296875 0.35703125 0.1328125 0.14921875
0 0.39453125 0.384375 0.08046875 0.11484375
0 0.37890625 0.275 0.078125 0.11875
0 0.65546875 0.7359375 0.103125 0.12734375
0 0.565625 0.49765625 0.09296875 0.121875
0 0.46796875 0.25859375 0.09296875 0.12734375
0 0.56953125 0.37578125 0.09296875 0.125
0 0.55859375 0.253125 0.0953125 0.13046875
0 0.66640625 0.36875 0.10234375 0.1296875
0 0.759375 0.8703125 0.10546875 0.12734375
0 0.31484375 0.38671875 0.0765625 0.11015625
0 0.665625 0.4953125 0.1015625 0.12734375
0 0.878125 0.76171875 0.12421875 0.140625
0 0.47109375 0.61015625 0.0859375 0.11328125
0 0.4078125 0.81171875 0.08046875 0.1140625
0 0.66640625 0.62265625 0.10078125 0.12578125
0 0.3875 0.6046875 0.0796875 0.1125
0 0.896875 0.2125 0.1328125 0.15859375
0 0.559375 0.725 0.0875 0.125
0 0.56875 0.61171875 0.09296875 0.11875
0 0.77734375 0.2265625 0.1171875 0.14609375
0 0.309375 0.28359375 0.07421875 0.1140625
0 0.396875 0.7078125 0.08125 0.11328125
0 0.47109375 0.71796875 0.084375 0.11171875
0 0.1140625 0.309375 0.06484375 0.1015625
0 0.6625 0.85078125 0.0953125 0.12421875
0 0.471875 0.49609375 0.08515625 0.1171875
0 0.2390625 0.39765625 0.06875 0.1078125
0 0.5671875 0.83125 0.0890625 0.1171875
0 0.26796875 0.78203125 0.06953125 0.103125
0 0.484375 0.81875 0.084375 0.1125
0 0.38671875 0.49453125 0.08046875 0.1125
0 0.23984375 0.29296875 0.0640625 0.10859375
0 0.33515625 0.7953125 0.0734375 0.10546875
0 0.29453125 0.190625 0.13359375 0.0859375
0 0.175 0.396875 0.06328125 0.1015625
0 0.05390625 0.3109375 0.06328125 0.096875
0 0.12109375 0.40703125 0.05625 0.0953125
0 0.1734375 0.30234375 0.06171875 0.10390625
0 0.8703125 0.88515625 0.1203125 0.1328125
0 0.24609375 0.50078125 0.06640625 0.1
0 0.3140625 0.49375 0.07265625 0.10859375
0 0.31875 0.5953125 0.07265625 0.11015625
0 0.32109375 0.6953125 0.08125 0.10859375
0 0.6328125 0.13828125 0.178125 0.10390625
0 0.43828125 0.16640625 0.146875 0.0890625
0 0.1765625 0.21171875 0.121875 0.08203125
0 0.07578125 0.4984375 0.05546875 0.0890625
0 0.1265625 0.49375 0.059375 0.0921875
0 0.1875 0.50078125 0.059375 0.09765625
0 0.06171875 0.4015625 0.05625 0.09375
0 0.24921875 0.59375 0.06015625 0.103125
0 0.19609375 0.58671875 0.06171875 0.0953125
0 0.08046875 0.58359375 0.0703125 0.09140625
0 0.2515625 0.6890625 0.06328125 0.1015625
0 0.83984375 0.103125 0.228125 0.12890625
0 0.07421875 0.2296875 0.1140625 0.07421875
0 0.13359375 0.58515625 0.07265625 0.10234375
0 0.19375 0.67890625 0.07421875 0.1015625
0 0.13984375 0.6734375 0.0640625 0.096875
0 0.0875 0.66796875 0.0671875 0.09375
0 0.20078125 0.76875 0.07734375 0.1015625
0 0.14453125 0.75703125 0.06328125 0.0953125
0 0.09375 0.75 0.0671875 0.09453125