0 0.5046875 0.53203125 0.121875 0.21875
0 0.27421875 0.33203125 0.1234375 0.2
0 0.3890625 0.140625 0.1078125 0.1796875
0 0.4640625 0.76328125 0.084375 0.23125
0 0.621875 0.51953125 0.140625 0.2125
0 0.4890625 0.14609375 0.1015625 0.1734375
0 0.15703125 0.553125 0.1375 0.2375
0 0.27265625 0.54921875 0.128125 0.2375
0 0.2734375 0.13671875 0.11875 0.1875
0 0.39296875 0.3296875 0.115625 0.2015625
0 0.390625 0.7703125 0.0875 0.228125
0 0.49296875 0.32734375 0.1125 0.19375
0 0.540625 0.75859375 0.0875 0.2296875
0 0.3890625 0.54375 0.125 0.2375
0 0.16015625 0.334375 0.140625 0.2015625
0 0.63984375 0.746875 0.134375 0.2609375
0 0.58046875 0.15 0.1015625 0.16875
0 0.3109375 0.775 0.096875 0.228125
0 0.596875 0.3265625 0.1140625 0.1875
0 0.7296875 0.753125 0.096875 0.2578125
0 0.6640625 0.1484375 0.0828125 0.165625
0 0.82265625 0.74375 0.121875 0.25
0 0.6859375 0.32109375 0.078125 0.1875
0 0.13828125 0.7859375 0.1390625 0.2359375
0 0.228125 0.78203125 0.1 0.234375
0 0.16015625 0.13203125 0.13125 0.2
0 0.709375 0.51640625 0.103125 0.2140625
0 0.78515625 0.515625 0.115625 0.221875
0 0.75625 0.32265625 0.10625 0.190625
0 0.74140625 0.1484375 0.096875 0.178125