0 0.45 0.71953125 0.09921875 0.11171875
0 0.44453125 0.82734375 0.09375 0.11484375
0 0.725 0.39765625 0.13125 0.12265625
0 0.27421875 0.81328125 0.0828125 0.10703125
0 0.546875 0.73125 0.1 0.11328125
0 0.6796875 0.18828125 0.15390625 0.0984375
0 0.65078125 0.73671875 0.11171875 0.11640625
0 0.48125 0.515625 0.1109375 0.10859375
0 0.7609375 0.86171875 0.1125 0.1265625
0 0.26640625 0.7140625 0.08125 0.10078125
0 0.4703125 0.30859375 0.10625 0.115625
0 0.38203125 0.5203125 0.09921875 0.1046875
0 0.7578125 0.75234375 0.115625 0.11953125
0 0.86796875 0.26953125 0.14375 0.13125
0 0.86171875 0.39921875 0.14609375 0.1265625
0 0.59453125 0.40703125 0.1203125 0.115625
0 0.378125 0.4125 0.1015625 0.10703125
0 0.284375 0.23046875 0.1125 0.0828125
0 0.35390625 0.715625 0.09140625 0.10625
0 0.7265625 0.521875 0.1328125 0.1171875
0 0.59375 0.51640625 0.11953125 0.115625
0 0.53984375 0.840625 0.09765625 0.115625
0 0.2828125 0.421875 0.096875 0.10390625
0 0.6484375 0.84609375 0.11953125 0.12265625
0 0.86640625 0.51640625 0.1453125 0.12578125
0 0.48671875 0.41484375 0.10859375 0.109375
0 0.86484375 0.63515625 0.14375 0.1265625
0 0.48984375 0.61796875 0.10859375 0.10703125
0 0.28515625 0.5203125 0.096875 0.103125
0 0.3875 0.6140625 0.103125 0.10390625
0 0.72265625 0.63359375 0.13125 0.11796875
0 0.72890625 0.28125 0.134375 0.12734375
0 0.27421875 0.32421875 0.0953125 0.1046875
0 0.6 0.621875 0.11875 0.11328125
0 0.40234375 0.21796875 0.12734375 0.09296875
0 0.84765625 0.1546875 0.17265625 0.11015625
0 0.53515625 0.20234375 0.14296875 0.09375
0 0.88046875 0.875 0.1234375 0.1265625
0 0.28671875 0.61015625 0.0984375 0.10078125
0 0.35546875 0.81796875 0.090625 0.11171875
0 0.3671875 0.3140625 0.0984375 0.10703125
0 0.58125 0.29375 0.1171875 0.11953125
0 0.8796875 0.759375 0.12109375 0.12421875
0 0.1765625 0.24609375 0.1078125 0.07890625
0 0.17578125 0.540625 0.1171875 0.075
0 0.1734375 0.609375 0.11484375 0.078125
0 0.1734375 0.3875 0.1140625 0.07265625
0 0.17578125 0.46328125 0.115625 0.075
0 0.1734375 0.3203125 0.109375 0.0671875
0 0.17890625 0.8171875 0.11015625 0.07734375
0 0.171875 0.68125 0.11015625 0.0640625
0 0.171875 0.75078125 0.11015625 0.06953125