0 0.3171875 0.6828125 0.11328125 0.13203125
0 0.86953125 0.434375 0.17109375 0.15234375
0 0.5578125 0.43984375 0.13828125 0.13515625
0 0.575 0.16484375 0.1 0.1328125
0 0.19609375 0.6734375 0.11015625 0.12421875
0 0.87265625 0.27734375 0.1703125 0.15546875
0 0.31640625 0.80390625 0.11328125 0.13828125
0 0.86328125 0.7265625 0.17109375 0.15859375
0 0.865625 0.140625 0.16484375 0.1640625
0 0.70078125 0.4328125 0.15625 0.14609375
0 0.56171875 0.70234375 0.13125 0.14375
0 0.5640625 0.30625 0.13515625 0.140625
0 0.86328125 0.58984375 0.17109375 0.1546875
0 0.20703125 0.3234375 0.0859375 0.1234375
0 0.43359375 0.69140625 0.1234375 0.13828125
0 0.70234375 0.86015625 0.1515625 0.15703125
0 0.3046875 0.5578125 0.07265625 0.125
0 0.10703125 0.77734375 0.08046875 0.125
0 0.12578125 0.2109375 0.0796875 0.11953125
0 0.43671875 0.31328125 0.12421875 0.1359375
0 0.12734375 0.325 0.07734375 0.11875
0 0.2078125 0.20703125 0.078125 0.12265625
0 0.43046875 0.44140625 0.12109375 0.1296875
0 0.69609375 0.71484375 0.1546875 0.15
0 0.6953125 0.5765625 0.1515625 0.14921875
0 0.2015625 0.79609375 0.11015625 0.12578125
0 0.3703125 0.18671875 0.0890625 0.128125
0 0.55390625 0.571875 0.13515625 0.1328125
0 0.71015625 0.2921875 0.15390625 0.15
0 0.2890625 0.19765625 0.08359375 0.12578125
0 0.203125 0.446875 0.11015625 0.11796875
0 0.31484375 0.3171875 0.11875 0.13125
0 0.1234375 0.55390625 0.10625 0.11640625
0 0.4703125 0.1734375 0.1 0.134375
0 0.44765625 0.5640625 0.075 0.13046875
0 0.70078125 0.15 0.146875 0.14921875
0 0.31171875 0.44296875 0.10703125 0.12578125
0 0.43359375 0.8234375 0.121875 0.14453125
0 0.2203125 0.55546875 0.08671875 0.12265625
0 0.37109375 0.5609375 0.07265625 0.125
0 0.55703125 0.83984375 0.1359375 0.15546875
0 0.8609375 0.88203125 0.16484375 0.165625
0 0.11328125 0.446875 0.06015625 0.11640625
0 0.11171875 0.66875 0.06796875 0.115625