0 0.66484375 0.33203125 0.0984375 0.0734375
0 0.66640625 0.25390625 0.096875 0.0765625
0 0.66171875 0.40703125 0.09375 0.071875
0 0.20625 0.34375 0.0984375 0.0734375
0 0.6671875 0.1828125 0.096875 0.0765625
0 0.48359375 0.5453125 0.0859375 0.06875
0 0.1125 0.34453125 0.0984375 0.075
0 0.39921875 0.6125 0.0859375 0.0640625
0 0.39765625 0.5484375 0.0875 0.065625
0 0.2859375 0.190625 0.096875 0.08125
0 0.56875 0.33828125 0.090625 0.0734375
0 0.3953125 0.40703125 0.0921875 0.071875
0 0.56796875 0.40546875 0.090625 0.06875
0 0.56953125 0.2609375 0.096875 0.078125
0 0.65078125 0.72734375 0.084375 0.0609375
0 0.325 0.8046875 0.084375 0.059375
0 0.565625 0.6078125 0.0859375 0.0625
0 0.3859375 0.2625 0.096875 0.078125
0 0.48671875 0.73359375 0.08125 0.059375
0 0.48125 0.6078125 0.084375 0.0640625
0 0.2328125 0.68203125 0.0875 0.0625
0 0.22109375 0.553125 0.0921875 0.0671875
0 0.2953125 0.26953125 0.0953125 0.0765625
0 0.21015625 0.41796875 0.0953125 0.06875
0 0.3859375 0.18828125 0.0953125 0.08125
0 0.4859375 0.671875 0.084375 0.0625
0 0.66015625 0.4734375 0.0921875 0.065625
0 0.4078125 0.74375 0.08125 0.0578125
0 0.19296875 0.18984375 0.0984375 0.0796875
0 0.215625 0.484375 0.09375 0.06875
0 0.47734375 0.26015625 0.090625 0.0765625
0 0.39296875 0.3375 0.0921875 0.0734375
0 0.565625 0.73125 0.084375 0.0625
0 0.225 0.61953125 0.090625 0.0671875
0 0.56484375 0.546875 0.0875 0.0640625
0 0.30859375 0.5515625 0.0921875 0.065625
0 0.48125 0.47578125 0.0859375 0.065625
0 0.65390625 0.66875 0.0859375 0.059375
0 0.47421875 0.1828125 0.09375 0.078125
0 0.3 0.3390625 0.096875 0.071875
0 0.09765625 0.1921875 0.0984375 0.08125
0 0.47734375 0.3375 0.090625 0.0734375
0 0.5703125 0.18203125 0.096875 0.0796875
0 0.3046875 0.41640625 0.09375 0.06875
0 0.11640625 0.41796875 0.096875 0.071875
0 0.478125 0.40625 0.0890625 0.071875
0 0.6484375 0.78671875 0.084375 0.0578125
0 0.6578125 0.5421875 0.090625 0.065625
0 0.56484375 0.85625 0.08125 0.05625
0 0.13203125 0.55703125 0.090625 0.0671875
0 0.328125 0.865625 0.08125 0.0578125
0 0.309375 0.48125 0.090625 0.0671875
0 0.31484375 0.6203125 0.090625 0.0640625
0 0.19921875 0.27109375 0.1 0.075
0 0.31875 0.68203125 0.0875 0.0625
0 0.32109375 0.74609375 0.0875 0.059375
0 0.39296875 0.48203125 0.090625 0.06875
0 0.15546875 0.80625 0.084375 0.0578125
0 0.565625 0.79453125 0.0828125 0.0578125
0 0.1046875 0.26796875 0.1 0.0734375
0 0.565625 0.47578125 0.0875 0.065625
0 0.65546875 0.603125 0.090625 0.0625
0 0.409375 0.79921875 0.0796875 0.05625
0 0.565625 0.67265625 0.084375 0.059375
0 0.64765625 0.84375 0.084375 0.05625
0 0.40546875 0.67890625 0.0828125 0.0640625
0 0.24140625 0.86640625 0.084375 0.05625
0 0.23984375 0.8046875 0.0859375 0.059375
0 0.2359375 0.746875 0.0875 0.0609375
0 0.48671875 0.85234375 0.08125 0.05625
0 0.14921875 0.75078125 0.0875 0.059375
0 0.1234375 0.4859375 0.09375 0.065625
0 0.13515625 0.625 0.090625 0.0625
0 0.14140625 0.684375 0.0875 0.0609375
0 0.4828125 0.79453125 0.08125 0.059375
0 0.409375 0.8578125 0.08125 0.0578125
0 0.16484375 0.86875 0.084375 0.0578125