0 0.315625 0.17578125 0.103125 0.178125
0 0.509375 0.17890625 0.09375 0.1703125
0 0.31875 0.64453125 0.103125 0.1
0 0.2078125 0.4703125 0.096875 0.1421875
0 0.2984375 0.31640625 0.1171875 0.109375
0 0.309375 0.5421875 0.109375 0.109375
0 0.5140625 0.45 0.103125 0.1125
0 0.409375 0.440625 0.109375 0.1125
0 0.41171875 0.178125 0.1015625 0.1765625
0 0.5171875 0.33203125 0.109375 0.125
0 0.40703125 0.32421875 0.1125 0.125
0 0.8015625 0.46484375 0.109375 0.10625
0 0.5140625 0.56015625 0.1 0.103125
0 0.19140625 0.32265625 0.1 0.15625
0 0.321875 0.73515625 0.103125 0.0875
0 0.41640625 0.65390625 0.0984375 0.103125
0 0.6140625 0.3328125 0.109375 0.11875
0 0.41796875 0.7546875 0.0953125 0.09375
0 0.5109375 0.6578125 0.096875 0.096875
0 0.78671875 0.5671875 0.103125 0.1
0 0.60390625 0.5609375 0.1 0.1046875
0 0.5875 0.83984375 0.090625 0.0859375
0 0.61484375 0.44609375 0.103125 0.115625
0 0.72265625 0.340625 0.115625 0.115625
0 0.303125 0.42578125 0.115625 0.115625
0 0.59140625 0.75234375 0.0921875 0.090625
0 0.5875 0.18984375 0.090625 0.1640625
0 0.4125 0.5484375 0.103125 0.109375
0 0.21796875 0.6109375 0.0921875 0.1265625
0 0.5984375 0.65703125 0.096875 0.096875
0 0.81953125 0.35234375 0.125 0.1171875
0 0.4171875 0.8453125 0.0921875 0.084375
0 0.67734375 0.83203125 0.0875 0.0859375
0 0.68828125 0.65703125 0.096875 0.09375
0 0.50859375 0.75234375 0.0921875 0.09375
0 0.765625 0.7515625 0.096875 0.0875
0 0.70859375 0.45390625 0.1078125 0.109375
0 0.69609375 0.559375 0.10625 0.1
0 0.2125 0.178125 0.13125 0.159375
0 0.684375 0.74921875 0.09375 0.0890625
0 0.67734375 0.19375 0.090625 0.165625
0 0.77890625 0.66484375 0.1 0.0921875
0 0.50234375 0.84140625 0.090625 0.0890625
0 0.33515625 0.83671875 0.075 0.1109375
0 0.76328125 0.20546875 0.09375 0.165625
0 0.7609375 0.8296875 0.0953125 0.0859375
0 0.2296875 0.7265625 0.0875 0.1140625
0 0.84453125 0.21171875 0.1125 0.165625
0 0.2546875 0.8359375 0.084375 0.10625