0 0.640625 0.42578125 0.090625 0.11875
0 0.728125 0.6546875 0.0953125 0.11875
0 0.4703125 0.42890625 0.08125 0.109375
0 0.828125 0.66171875 0.1 0.1265625
0 0.3890625 0.32578125 0.078125 0.109375
0 0.84140625 0.303125 0.109375 0.128125
0 0.634375 0.64765625 0.0875 0.115625
0 0.6421875 0.3125 0.090625 0.11875
0 0.44375 0.2390625 0.1375 0.06875
0 0.55625 0.53671875 0.0875 0.109375
0 0.46328125 0.73671875 0.08125 0.10625
0 0.315625 0.24921875 0.125 0.065625
0 0.83515625 0.54140625 0.1046875 0.121875
0 0.83984375 0.4234375 0.1109375 0.1234375
0 0.71875 0.7625 0.096875 0.115625
0 0.59296875 0.22578125 0.1546875 0.0765625
0 0.7375 0.309375 0.1 0.121875
0 0.55546875 0.42734375 0.0859375 0.1140625
0 0.63828125 0.5375 0.0875 0.1125
0 0.39140625 0.4296875 0.071875 0.103125
0 0.734375 0.42578125 0.0984375 0.11875
0 0.73515625 0.540625 0.1 0.11875
0 0.3828125 0.63359375 0.071875 0.103125
0 0.459375 0.63671875 0.08125 0.1046875
0 0.4734375 0.32578125 0.08125 0.1109375
0 0.62578125 0.75234375 0.084375 0.115625
0 0.25703125 0.434375 0.06875 0.096875
0 0.32109375 0.33125 0.06875 0.103125
0 0.628125 0.859375 0.0875 0.115625
0 0.5484375 0.7484375 0.084375 0.1109375
0 0.55390625 0.64375 0.084375 0.109375
0 0.19296875 0.434375 0.065625 0.09375
0 0.46953125 0.534375 0.08125 0.103125
0 0.5484375 0.8421875 0.08125 0.1109375
0 0.325 0.4328125 0.06875 0.1
0 0.4671875 0.8328125 0.075 0.103125
0 0.39375 0.5328125 0.0734375 0.1046875
0 0.325 0.81796875 0.065625 0.1
0 0.19609375 0.52578125 0.059375 0.09375
0 0.55546875 0.321875 0.084375 0.1140625
0 0.7171875 0.8765625 0.0921875 0.121875
0 0.19140625 0.3359375 0.065625 0.0984375
0 0.38359375 0.7265625 0.075 0.10625
0 0.81875 0.8890625 0.103125 0.121875
0 0.32578125 0.53125 0.06875 0.103125
0 0.2484375 0.33828125 0.059375 0.1
0 0.12578125 0.3390625 0.0625 0.09375
0 0.07265625 0.43515625 0.059375 0.0921875
0 0.06171875 0.3421875 0.059375 0.090625
0 0.13046875 0.434375 0.065625 0.0921875
0 0.39609375 0.82890625 0.075 0.109375
0 0.13203125 0.525 0.059375 0.0890625
0 0.3171875 0.621875 0.071875 0.103125
0 0.190625 0.6125 0.06875 0.1
0 0.81875 0.771875 0.109375 0.11875
0 0.25546875 0.52890625 0.06875 0.0984375
0 0.0796875 0.52265625 0.0578125 0.0875
0 0.315625 0.71875 0.075 0.109375
0 0.19375 0.25703125 0.1125 0.059375
0 0.79765625 0.20859375 0.171875 0.06875
0 0.25625 0.80390625 0.0671875 0.1
0 0.08046875 0.60625 0.0546875 0.0890625
0 0.13125 0.60703125 0.0609375 0.090625
0 0.08515625 0.26796875 0.1171875 0.0625
0 0.2515625 0.7078125 0.071875 0.103125
0 0.25234375 0.61796875 0.0671875 0.103125
0 0.19140625 0.6984375 0.078125 0.1
0 0.134375 0.69453125 0.071875 0.096875
0 0.08203125 0.6890625 0.06875 0.09375
0 0.08046875 0.76953125 0.06875 0.1
0 0.13984375 0.7796875 0.071875 0.1
0 0.196875 0.78828125 0.0671875 0.103125