0 0.4546875 0.15546875 0.309375 0.125
0 0.684375 0.66171875 0.25625 0.09375
0 0.75625 0.1578125 0.309375 0.121875
0 0.4234375 0.66484375 0.265625 0.090625
0 0.69375 0.56796875 0.26875 0.09375
0 0.453125 0.27578125 0.303125 0.1109375
0 0.67421875 0.7484375 0.2578125 0.0921875
0 0.74140625 0.28125 0.30625 0.109375
0 0.66796875 0.8265625 0.253125 0.0890625
0 0.42890625 0.5671875 0.2703125 0.09375
0 0.73203125 0.3859375 0.290625 0.1046875
0 0.44296875 0.37421875 0.290625 0.103125
0 0.7078125 0.478125 0.275 0.096875
0 0.653125 0.91875 0.253125 0.0875
0 0.4171875 0.8265625 0.2546875 0.090625
0 0.42265625 0.746875 0.259375 0.09375
0 0.4125 0.92109375 0.253125 0.09375
0 0.4375 0.475 0.275 0.09375