0 0.3625 0.646875 0.10625 0.13359375
0 0.39375 0.90078125 0.13046875 0.1390625
0 0.1109375 0.52734375 0.1203125 0.13828125
0 0.8921875 0.85 0.11171875 0.12890625
0 0.24765625 0.9140625 0.14375 0.1375
0 0.12734375 0.659375 0.15078125 0.1390625
0 0.35 0.3859375 0.11171875 0.13515625
0 0.484375 0.26875 0.09375 0.10703125
0 0.565625 0.50859375 0.10078125 0.12734375
0 0.10859375 0.38828125 0.125 0.1421875
0 0.5640625 0.38515625 0.10234375 0.12890625
0 0.23125 0.51796875 0.1171875 0.13359375
0 0.22734375 0.3890625 0.1171875 0.13984375
0 0.2578125 0.64609375 0.09765625 0.134375
0 0.46015625 0.3859375 0.10390625 0.13203125
0 0.89140625 0.61796875 0.08984375 0.11875
0 0.65078125 0.7484375 0.121875 0.12578125
0 0.65 0.62890625 0.06953125 0.121875
0 0.534375 0.88515625 0.125 0.1359375
0 0.34921875 0.51484375 0.1109375 0.13125
0 0.7265625 0.62265625 0.09453125 0.12265625
0 0.1359375 0.7984375 0.14453125 0.140625
0 0.52734375 0.7625 0.12578125 0.13515625
0 0.653125 0.87421875 0.11640625 0.12734375
0 0.384375 0.775 0.1375 0.134375
0 0.4578125 0.51640625 0.10390625 0.12890625
0 0.57421875 0.2703125 0.08984375 0.10625
0 0.69765625 0.53515625 0.16015625 0.0734375
0 0.7703125 0.859375 0.11640625 0.1265625
0 0.28515625 0.26640625 0.09609375 0.109375
0 0.809375 0.61796875 0.06953125 0.11484375
0 0.46875 0.640625 0.1 0.1296875
0 0.3796875 0.26796875 0.1015625 0.1125
0 0.85625 0.31953125 0.15234375 0.071875
0 0.27265625 0.78046875 0.09140625 0.1359375
0 0.565625 0.6296875 0.0953125 0.12578125
0 0.88046875 0.73359375 0.109375 0.1203125
0 0.7703125 0.7390625 0.11875 0.12578125
0 0.86328125 0.4609375 0.1546875 0.07578125
0 0.1875 0.26171875 0.1 0.1109375
0 0.8546875 0.38828125 0.15625 0.071875
0 0.86171875 0.5359375 0.153125 0.0703125
0 0.7015625 0.3203125 0.159375 0.075
0 0.69453125 0.38828125 0.15859375 0.0765625
0 0.1203125 0.9234375 0.0921875 0.13828125
0 0.084375 0.2609375 0.10078125 0.11484375
0 0.69609375 0.46328125 0.1578125 0.06796875
0 0.875 0.25078125 0.1125 0.0625
0 0.7140625 0.25234375 0.19296875 0.0609375