0 0.759375 0.35703125 0.08125 0.0984375
0 0.6796875 0.36015625 0.0765625 0.09453125
0 0.840625 0.45234375 0.0859375 0.10234375
0 0.8390625 0.35234375 0.08359375 0.103125
0 0.60234375 0.73515625 0.0734375 0.09609375
0 0.38125 0.546875 0.06328125 0.08828125
0 0.6828125 0.73984375 0.078125 0.09765625
0 0.6015625 0.36171875 0.0703125 0.0953125
0 0.76796875 0.74609375 0.0796875 0.0984375
0 0.13828125 0.4625 0.0546875 0.0828125
0 0.67890625 0.8359375 0.07578125 0.09765625
0 0.7671875 0.64921875 0.0796875 0.1
0 0.759375 0.840625 0.078125 0.1
0 0.54296875 0.63359375 0.06875 0.09375
0 0.67265625 0.4578125 0.0765625 0.0953125
0 0.39296875 0.72421875 0.06328125 0.09140625
0 0.45078125 0.6375 0.0671875 0.090625
0 0.609375 0.640625 0.0734375 0.09453125
0 0.8375 0.85 0.0828125 0.10390625
0 0.534375 0.36484375 0.0703125 0.0921875
0 0.59375 0.45546875 0.07265625 0.09140625
0 0.32109375 0.546875 0.05859375 0.084375
0 0.31953125 0.37421875 0.06171875 0.08515625
0 0.44921875 0.546875 0.065625 0.0890625
0 0.38125 0.37265625 0.06875 0.08828125
0 0.19921875 0.54609375 0.0578125 0.08203125
0 0.46015625 0.8125 0.06953125 0.09375
0 0.7640625 0.553125 0.0796875 0.09921875
0 0.68828125 0.64609375 0.07578125 0.0953125
0 0.459375 0.36796875 0.0703125 0.08828125
0 0.53671875 0.7328125 0.06953125 0.096875
0 0.68671875 0.5515625 0.07734375 0.09765625
0 0.321875 0.628125 0.0609375 0.08671875
0 0.390625 0.809375 0.0625 0.0921875
0 0.7578125 0.453125 0.08359375 0.09375
0 0.25078125 0.38203125 0.0609375 0.084375
0 0.31640625 0.46015625 0.0625 0.0875
0 0.1375 0.6234375 0.0546875 0.0828125
0 0.85546875 0.653125 0.08359375 0.103125
0 0.51796875 0.54921875 0.06796875 0.090625
0 0.19375 0.6265625 0.059375 0.084375
0 0.59375 0.5484375 0.07109375 0.09375
0 0.37890625 0.459375 0.065625 0.0875
0 0.1375 0.5453125 0.05625 0.08046875
0 0.18828125 0.38125 0.06015625 0.08515625
0 0.52109375 0.45859375 0.0703125 0.08828125
0 0.38125 0.6359375 0.065625 0.08828125
0 0.446875 0.45859375 0.06328125 0.0890625
0 0.33125 0.7203125 0.06171875 0.0875
0 0.85 0.5546875 0.0828125 0.10234375
0 0.46328125 0.72890625 0.06796875 0.09375
0 0.19765625 0.4609375 0.05859375 0.0828125
0 0.29453125 0.315625 0.0515625 0.04609375
0 0.265625 0.79375 0.0609375 0.08671875
0 0.53046875 0.821875 0.07265625 0.0984375
0 0.25234375 0.46328125 0.06171875 0.08515625
0 0.203125 0.7890625 0.0578125 0.0890625
0 0.25625 0.63203125 0.0640625 0.08515625
0 0.13125 0.38359375 0.0546875 0.084375
0 0.271875 0.7109375 0.06328125 0.0875
0 0.6015625 0.82421875 0.07578125 0.09765625
0 0.33203125 0.8 0.06484375 0.08984375
0 0.2546875 0.54765625 0.0625 0.0828125
0 0.20078125 0.70546875 0.05859375 0.0859375
0 0.8484375 0.74765625 0.08359375 0.10078125
0 0.1390625 0.703125 0.05546875 0.08359375
0 0.39375 0.31328125 0.0515625 0.04609375
0 0.24375 0.32109375 0.05 0.04296875
0 0.50625 0.303125 0.0546875 0.0421875
0 0.14296875 0.7859375 0.0546875 0.08671875
0 0.4515625 0.3109375 0.05546875 0.0453125
0 0.34609375 0.31640625 0.05 0.04140625