0 0.37578125 0.17421875 0.0859375 0.1265625
0 0.92421875 0.20859375 0.07109375 0.10546875
0 0.8546875 0.20546875 0.06953125 0.10859375
0 0.10546875 0.52421875 0.10078125 0.12265625
0 0.09609375 0.27890625 0.10625 0.128125
0 0.20625 0.6421875 0.0921875 0.11796875
0 0.4640625 0.18046875 0.0828125 0.1234375
0 0.20703125 0.52109375 0.09296875 0.1203125
0 0.19140625 0.2828125 0.09765625 0.12890625
0 0.38046875 0.40625 0.084375 0.115625
0 0.30078125 0.63125 0.08515625 0.1140625
0 0.62734375 0.30390625 0.0765625 0.1125
0 0.2890625 0.28515625 0.09296875 0.12734375
0 0.70625 0.30625 0.075 0.1109375
0 0.0921875 0.1546875 0.10625 0.13984375
0 0.18984375 0.1546875 0.0953125 0.13515625
0 0.7765625 0.20078125 0.075 0.1140625
0 0.2140625 0.75 0.0921875 0.1171875
0 0.7015625 0.5140625 0.07265625 0.1
0 0.77734375 0.51171875 0.07109375 0.0984375
0 0.853125 0.5109375 0.06875 0.09765625
0 0.20234375 0.40625 0.09453125 0.11796875
0 0.29140625 0.40703125 0.0890625 0.1171875
0 0.92109375 0.3125 0.0703125 0.1015625
0 0.10078125 0.40546875 0.10390625 0.1234375
0 0.55234375 0.18671875 0.08359375 0.12578125
0 0.85546875 0.3109375 0.06796875 0.10078125
0 0.553125 0.3015625 0.07734375 0.11640625
0 0.69609375 0.61328125 0.07265625 0.0984375
0 0.2921875 0.521875 0.08828125 0.1140625
0 0.5453125 0.51953125 0.08046875 0.103125
0 0.2875 0.16171875 0.090625 0.1328125
0 0.91796875 0.41171875 0.06328125 0.09765625
0 0.38125 0.73359375 0.08125 0.11015625
0 0.85703125 0.41171875 0.0671875 0.1
0 0.6265625 0.5140625 0.0734375 0.10078125
0 0.7828125 0.309375 0.07109375 0.1046875
0 0.384375 0.28984375 0.08671875 0.12265625
0 0.3046875 0.7390625 0.084375 0.1140625
0 0.46484375 0.72734375 0.078125 0.109375
0 0.3796875 0.515625 0.084375 0.1125
0 0.4703125 0.83125 0.078125 0.10625
0 0.465625 0.41015625 0.08046875 0.1125
0 0.109375 0.646875 0.09921875 0.11953125
0 0.6203125 0.615625 0.07265625 0.09921875
0 0.784375 0.4125 0.07109375 0.10078125
0 0.38046875 0.62578125 0.0828125 0.1109375
0 0.6203125 0.4109375 0.078125 0.10546875
0 0.54765625 0.41171875 0.07734375 0.109375
0 0.12265625 0.87890625 0.09609375 0.1171875
0 0.4640625 0.5203125 0.07734375 0.10703125
0 0.47265625 0.29453125 0.0796875 0.11953125
0 0.77421875 0.6109375 0.07109375 0.09765625
0 0.70625 0.4125 0.07421875 0.10234375
0 0.9140625 0.50546875 0.0625 0.096875
0 0.909375 0.5984375 0.06640625 0.09609375
0 0.115625 0.7625 0.096875 0.1203125
0 0.21640625 0.865625 0.08984375 0.1171875
0 0.38671875 0.8375 0.07890625 0.11015625
0 0.54921875 0.61953125 0.07421875 0.10390625
0 0.69765625 0.2 0.07421875 0.11640625
0 0.3078125 0.8546875 0.08671875 0.1140625
0 0.8484375 0.60234375 0.0625 0.096875
0 0.62109375 0.8125 0.07265625 0.1
0 0.46875 0.62109375 0.078125 0.10625
0 0.7 0.80703125 0.06875 0.0984375
0 0.69375 0.71328125 0.071875 0.09765625
0 0.62578125 0.1953125 0.06640625 0.11640625
0 0.90625 0.6921875 0.065625 0.0953125
0 0.54765625 0.8234375 0.07265625 0.10390625
0 0.76875 0.703125 0.06796875 0.09765625
0 0.840625 0.78984375 0.06328125 0.09609375
0 0.8421875 0.696875 0.06484375 0.09765625
0 0.54453125 0.7203125 0.0734375 0.103125
0 0.6125 0.71171875 0.06875 0.1
0 0.7703125 0.79921875 0.06640625 0.09921875
0 0.89921875 0.78671875 0.06015625 0.09375