0 0.40546875 0.5234375 0.1140625 0.25
0 0.9078125 0.5671875 0.15078125 0.30859375
0 0.8890625 0.84140625 0.1390625 0.28203125
0 0.62421875 0.796875 0.12421875 0.2625
0 0.74453125 0.8234375 0.1328125 0.278125
0 0.7546875 0.5578125 0.14375 0.29765625
0 0.31484375 0.51328125 0.1078125 0.23828125
0 0.41015625 0.75703125 0.109375 0.2421875
0 0.5171875 0.53125 0.11875 0.26328125
0 0.05 0.48984375 0.09296875 0.21875
0 0.23359375 0.72890625 0.10234375 0.22265625
0 0.1453125 0.715625 0.0921875 0.21171875
0 0.21953125 0.50703125 0.1015625 0.23515625
0 0.1328125 0.5 0.09609375 0.22734375
0 0.3203125 0.74296875 0.10234375 0.22734375
0 0.07578125 0.69609375 0.09140625 0.20546875
0 0.6375 0.54453125 0.12734375 0.2890625
0 0.5203125 0.77578125 0.11484375 0.25078125