0 0.83203125 0.22890625 0.09140625 0.11171875
0 0.5765625 0.7328125 0.07578125 0.1
0 0.8328125 0.33671875 0.090625 0.1078125
0 0.58046875 0.3546875 0.07734375 0.096875
0 0.50859375 0.35859375 0.0703125 0.09453125
0 0.834375 0.6515625 0.090625 0.1109375
0 0.58125 0.26484375 0.075 0.1
0 0.828125 0.44140625 0.08828125 0.10625
0 0.50703125 0.27265625 0.0703125 0.09921875
0 0.65 0.5453125 0.08046875 0.10078125
0 0.65078125 0.6421875 0.08046875 0.103125
0 0.571875 0.63828125 0.0734375 0.09765625
0 0.6609375 0.4484375 0.0828125 0.10078125
0 0.259375 0.37578125 0.05546875 0.084375
0 0.6640625 0.34765625 0.07890625 0.10390625
0 0.83671875 0.759375 0.09296875 0.11484375
0 0.73359375 0.54765625 0.08671875 0.10390625
0 0.50234375 0.7234375 0.071875 0.09921875
0 0.74453125 0.23984375 0.08359375 0.10859375
0 0.4375 0.3625 0.06484375 0.08984375
0 0.5015625 0.634375 0.0703125 0.09765625
0 0.56953125 0.54453125 0.07578125 0.09765625
0 0.4390625 0.540625 0.0625 0.0875
0 0.746875 0.3421875 0.084375 0.10546875
0 0.73984375 0.64921875 0.0921875 0.10703125
0 0.3203125 0.621875 0.0578125 0.0828125
0 0.66171875 0.83828125 0.0796875 0.10625
0 0.66015625 0.740625 0.0828125 0.10234375
0 0.6625 0.24765625 0.07890625 0.10625
0 0.50546875 0.54140625 0.06484375 0.09140625
0 0.43515625 0.71875 0.06796875 0.0921875
0 0.2640625 0.53828125 0.05703125 0.08125
0 0.44453125 0.28125 0.0625 0.09140625
0 0.5125 0.81953125 0.075 0.09921875
0 0.82421875 0.54765625 0.0890625 0.10625
0 0.37578125 0.453125 0.06015625 0.08671875
0 0.375 0.6234375 0.05859375 0.090625
0 0.37890625 0.540625 0.059375 0.0859375
0 0.575 0.45078125 0.07578125 0.09296875
0 0.43828125 0.45546875 0.06328125 0.0890625
0 0.503125 0.4515625 0.06953125 0.0921875
0 0.37265625 0.365625 0.0578125 0.0859375
0 0.83046875 0.8703125 0.09375 0.12265625
0 0.58515625 0.83125 0.07734375 0.10546875
0 0.7484375 0.44453125 0.0828125 0.103125
0 0.31796875 0.36953125 0.05703125 0.084375
0 0.26171875 0.45625 0.05625 0.08203125
0 0.16015625 0.53671875 0.0484375 0.078125
0 0.209375 0.29609375 0.0546875 0.08359375
0 0.746875 0.75234375 0.08828125 0.1109375
0 0.31796875 0.45546875 0.05859375 0.084375
0 0.4375 0.62734375 0.0640625 0.0921875
0 0.20703125 0.38125 0.05078125 0.08125
0 0.2625 0.61640625 0.05546875 0.08359375
0 0.74453125 0.85390625 0.0859375 0.1125
0 0.21015625 0.53828125 0.05 0.0796875
0 0.15859375 0.4578125 0.04921875 0.07734375
0 0.31953125 0.6984375 0.05390625 0.0828125
0 0.15859375 0.38359375 0.04609375 0.0765625
0 0.16015625 0.6109375 0.05 0.078125
0 0.2625 0.69609375 0.05234375 0.078125
0 0.3765625 0.2796875 0.06171875 0.08984375
0 0.2796875 0.2921875 0.0890625 0.090625
0 0.440625 0.80703125 0.0640625 0.096875
0 0.3203125 0.53984375 0.05625 0.08515625
0 0.21171875 0.61015625 0.05078125 0.08125
0 0.21171875 0.6875 0.05625 0.078125
0 0.21015625 0.45859375 0.05 0.07890625
0 0.3703125 0.70703125 0.05625 0.09140625
0 0.32109375 0.290625 0.06015625 0.0921875
0 0.15546875 0.30546875 0.05 0.0828125
0 0.15546875 0.684375 0.05 0.0796875
0 0.378125 0.790625 0.0671875 0.09765625
0 0.3203125 0.78203125 0.06328125 0.0953125
0 0.26640625 0.77265625 0.06171875 0.0921875
0 0.2125 0.76640625 0.06484375 0.08984375
0 0.1609375 0.7609375 0.05234375 0.084375