0 0.3234375 0.8640625 0.1234375 0.1
0 0.23671875 0.403125 0.071875 0.153125
0 0.3328125 0.13984375 0.115625 0.09375
0 0.24140625 0.2484375 0.065625 0.153125
0 0.321875 0.9546875 0.125 0.090625
0 0.3265625 0.41171875 0.11875 0.090625
0 0.44453125 0.50546875 0.115625 0.090625
0 0.325 0.5890625 0.121875 0.090625
0 0.33125 0.2296875 0.115625 0.0921875
0 0.67265625 0.6796875 0.1171875 0.090625
0 0.3296875 0.32265625 0.11875 0.0875
0 0.78359375 0.5953125 0.11875 0.090625
0 0.67265625 0.50703125 0.115625 0.090625
0 0.7828125 0.4953125 0.1171875 0.090625
0 0.32734375 0.67734375 0.1203125 0.090625
0 0.44453125 0.953125 0.121875 0.09375
0 0.32578125 0.77109375 0.1203125 0.0921875
0 0.55625 0.67734375 0.115625 0.0890625
0 0.55546875 0.59140625 0.11875 0.090625
0 0.4484375 0.22578125 0.115625 0.0828125
0 0.55546875 0.85703125 0.115625 0.0921875
0 0.44453125 0.6765625 0.115625 0.0890625
0 0.446875 0.14140625 0.115625 0.09375
0 0.77890625 0.23203125 0.115625 0.0859375
0 0.44453125 0.5921875 0.1171875 0.0875
0 0.44609375 0.31953125 0.115625 0.090625
0 0.55546875 0.40703125 0.1171875 0.090625
0 0.23515625 0.55703125 0.071875 0.159375
0 0.55703125 0.31953125 0.115625 0.0875
0 0.5546875 0.14296875 0.1140625 0.0921875
0 0.32734375 0.496875 0.121875 0.0890625
0 0.77734375 0.146875 0.109375 0.09375
0 0.32890625 0.05078125 0.11875 0.09375
0 0.55390625 0.7703125 0.1171875 0.090625
0 0.44609375 0.7671875 0.11875 0.0921875
0 0.78359375 0.4078125 0.115625 0.090625
0 0.7828125 0.9515625 0.115625 0.096875
0 0.66953125 0.0578125 0.115625 0.09375
0 0.55546875 0.2265625 0.1140625 0.084375
0 0.89765625 0.50390625 0.115625 0.0921875
0 0.446875 0.409375 0.11875 0.0921875
0 0.67265625 0.5984375 0.1171875 0.0890625
0 0.671875 0.140625 0.115625 0.090625
0 0.78359375 0.68125 0.1171875 0.090625
0 0.4453125 0.859375 0.11875 0.096875
0 0.89921875 0.59765625 0.115625 0.0890625
0 0.55703125 0.05625 0.1125 0.090625
0 0.671875 0.421875 0.115625 0.0921875
0 0.67265625 0.76953125 0.115625 0.090625
0 0.7828125 0.77109375 0.1171875 0.0890625
0 0.55703125 0.5015625 0.115625 0.09375
0 0.55859375 0.95 0.1171875 0.0953125
0 0.67109375 0.32265625 0.115625 0.090625
0 0.784375 0.85859375 0.1140625 0.096875
0 0.671875 0.2296875 0.1171875 0.084375
0 0.89375 0.321875 0.1125 0.0859375
0 0.89921875 0.41171875 0.115625 0.090625
0 0.78046875 0.32421875 0.115625 0.0875
0 0.89140625 0.2359375 0.1125 0.0875
0 0.4484375 0.05390625 0.115625 0.0890625
0 0.22890625 0.9046875 0.0765625 0.1703125
0 0.89609375 0.68203125 0.115625 0.090625
0 0.77734375 0.05625 0.10625 0.09375
0 0.23671875 0.74375 0.071875 0.159375
0 0.89140625 0.14921875 0.115625 0.084375
0 0.6703125 0.92265625 0.11875 0.14375
0 0.2421875 0.0921875 0.06875 0.1640625
0 0.6703125 0.8609375 0.11875 0.0890625
0 0.88828125 0.06171875 0.1203125 0.1
0 0.9 0.95234375 0.121875 0.0953125
0 0.89765625 0.8609375 0.11875 0.0984375
0 0.8953125 0.7703125 0.121875 0.1