0 0.25703125 0.40078125 0.08203125 0.1734375
0 0.51328125 0.73984375 0.1203125 0.18125
0 0.6359375 0.740625 0.12109375 0.18046875
0 0.61796875 0.56640625 0.096875 0.17890625
0 0.74140625 0.38984375 0.096875 0.1765625
0 0.3875 0.74296875 0.1234375 0.18203125
0 0.8109375 0.56484375 0.0953125 0.17265625
0 0.5515625 0.3921875 0.09609375 0.17421875
0 0.6421875 0.3921875 0.09375 0.171875
0 0.27265625 0.571875 0.13359375 0.18046875
0 0.14765625 0.3953125 0.140625 0.18515625
0 0.71640625 0.565625 0.0921875 0.1734375
0 0.76484375 0.73671875 0.1203125 0.17578125
0 0.5109375 0.56484375 0.12578125 0.1734375
0 0.38828125 0.56953125 0.09921875 0.1765625
0 0.253125 0.74921875 0.13984375 0.18515625
0 0.1421875 0.57421875 0.11015625 0.18359375
0 0.86875 0.43359375 0.11171875 0.09765625
0 0.4515625 0.39375 0.09453125 0.175
0 0.9015625 0.56484375 0.09140625 0.17421875
0 0.35 0.39921875 0.1015625 0.175
0 0.87421875 0.33984375 0.13984375 0.08828125
0 0.88515625 0.73515625 0.12265625 0.175
0 0.57734375 0.23515625 0.1015625 0.09609375
0 0.47265625 0.23671875 0.103125 0.096875
0 0.36640625 0.23828125 0.1015625 0.0984375
0 0.67890625 0.23828125 0.09921875 0.09609375
0 0.12890625 0.7515625 0.10078125 0.178125
0 0.134375 0.25625 0.12890625 0.0921875
0 0.2671875 0.2328125 0.10546875 0.1046875
0 0.778125 0.23671875 0.09453125 0.08828125