0 0.66640625 0.7171875 0.121875 0.1
0 0.76484375 0.6125 0.115625 0.0890625
0 0.3 0.7671875 0.134375 0.11875
0 0.428125 0.65 0.1203125 0.096875
0 0.203125 0.4078125 0.1234375 0.078125
0 0.296875 0.875 0.140625 0.134375
0 0.55625 0.83671875 0.125 0.121875
0 0.9015625 0.79140625 0.125 0.1015625
0 0.42890625 0.7484375 0.1265625 0.1125
0 0.16953125 0.77890625 0.146875 0.1203125
0 0.43203125 0.859375 0.134375 0.125
0 0.18125 0.67265625 0.1421875 0.1046875
0 0.2109375 0.3296875 0.11875 0.071875
0 0.146875 0.8953125 0.159375 0.134375
0 0.771875 0.70234375 0.11875 0.096875
0 0.196875 0.4859375 0.128125 0.0859375
0 0.31328125 0.659375 0.1296875 0.1046875
0 0.54765625 0.73125 0.121875 0.103125
0 0.73671875 0.45 0.10625 0.0765625
0 0.3234375 0.13203125 0.1 0.06875
0 0.659375 0.63046875 0.1171875 0.090625
0 0.54296875 0.54765625 0.1109375 0.084375
0 0.19140625 0.5765625 0.134375 0.0953125
0 0.54609375 0.63828125 0.115625 0.09375
0 0.6328125 0.45859375 0.109375 0.075
0 0.80546875 0.30703125 0.1046875 0.06875
0 0.31875 0.56640625 0.1234375 0.090625
0 0.78984375 0.803125 0.125 0.1046875
0 0.31875 0.4859375 0.115625 0.0859375
0 0.64921875 0.54296875 0.115625 0.084375
0 0.5078125 0.1359375 0.090625 0.059375
0 0.8859375 0.69453125 0.121875 0.09375
0 0.41953125 0.1328125 0.09375 0.059375
0 0.534375 0.46640625 0.103125 0.078125
0 0.62421875 0.3828125 0.109375 0.075
0 0.8703125 0.6046875 0.11875 0.0859375
0 0.3234375 0.4046875 0.1125 0.075
0 0.67578125 0.81875 0.128125 0.1109375
0 0.3203125 0.33046875 0.109375 0.071875
0 0.71640625 0.30703125 0.103125 0.065625
0 0.83125 0.44609375 0.10625 0.075
0 0.32421875 0.19609375 0.103125 0.065625
0 0.68671875 0.184375 0.090625 0.0578125
0 0.21796875 0.25859375 0.109375 0.06875
0 0.6140625 0.24453125 0.096875 0.0625
0 0.22421875 0.13046875 0.1125 0.06875
0 0.85 0.52734375 0.115625 0.078125
0 0.41796875 0.0796875 0.090625 0.0546875
0 0.75 0.53203125 0.1140625 0.08125
0 0.4234375 0.25625 0.1 0.065625
0 0.53046875 0.39375 0.10625 0.0734375
0 0.42109375 0.1953125 0.096875 0.0625
0 0.821875 0.371875 0.10625 0.0703125
0 0.60390625 0.18671875 0.09375 0.0625
0 0.321875 0.2578125 0.109375 0.065625
0 0.70234375 0.240625 0.09375 0.0640625
0 0.50546875 0.078125 0.0875 0.0578125
0 0.621875 0.31484375 0.103125 0.06875
0 0.4296875 0.56015625 0.115625 0.0875
0 0.7234375 0.37734375 0.103125 0.071875
0 0.4265625 0.3265625 0.103125 0.065625
0 0.5921875 0.12734375 0.0890625 0.0515625
0 0.52109375 0.32265625 0.1 0.0703125
0 0.51953125 0.253125 0.096875 0.059375
0 0.76484375 0.12890625 0.09375 0.065625
0 0.428125 0.39921875 0.1078125 0.075
0 0.6796875 0.1140625 0.09375 0.078125
0 0.5171875 0.1984375 0.09375 0.059375
0 0.221875 0.19296875 0.109375 0.065625
0 0.43046875 0.47109375 0.1140625 0.08125
0 0.5875 0.078125 0.0875 0.05625
0 0.7890625 0.24140625 0.0984375 0.0609375
0 0.784375 0.1859375 0.0921875 0.05625
0 0.6734375 0.0796875 0.09375 0.053125
0 0.75390625 0.07265625 0.090625 0.059375
0 0.23125 0.07890625 0.10625 0.06875
0 0.32578125 0.078125 0.096875 0.065625