0 0.346875 0.16953125 0.1171875 0.0703125
0 0.56953125 0.1640625 0.115625 0.075
0 0.36953125 0.7125 0.078125 0.115625
0 0.37109375 0.2640625 0.075 0.109375
0 0.825 0.3640625 0.078125 0.1140625
0 0.4484375 0.59609375 0.075 0.115625
0 0.7546875 0.7140625 0.0796875 0.11875
0 0.4484375 0.48359375 0.075 0.109375
0 0.371875 0.484375 0.075 0.109375
0 0.5953125 0.71328125 0.075 0.11875
0 0.4484375 0.71015625 0.075 0.115625
0 0.67265625 0.5953125 0.075 0.115625
0 0.5921875 0.3703125 0.075 0.1140625
0 0.46171875 0.1734375 0.109375 0.071875
0 0.52578125 0.7109375 0.075 0.1171875
0 0.36796875 0.828125 0.078125 0.115625
0 0.52421875 0.26171875 0.071875 0.1109375
0 0.5234375 0.371875 0.0734375 0.109375
0 0.52734375 0.59765625 0.075 0.115625
0 0.68203125 0.15859375 0.1171875 0.075
0 0.66875 0.371875 0.0765625 0.115625
0 0.3703125 0.59609375 0.0765625 0.115625
0 0.44765625 0.26796875 0.071875 0.1109375
0 0.44765625 0.82734375 0.0765625 0.11875
0 0.83671875 0.82578125 0.0796875 0.11875
0 0.52578125 0.828125 0.0765625 0.11875
0 0.44765625 0.37578125 0.0734375 0.1125
0 0.59296875 0.4828125 0.075 0.109375
0 0.6703125 0.4796875 0.075 0.1125
0 0.52421875 0.4828125 0.0734375 0.1109375
0 0.83515625 0.7078125 0.084375 0.11875
0 0.7484375 0.478125 0.078125 0.115625
0 0.59453125 0.5953125 0.0765625 0.1171875
0 0.3703125 0.3734375 0.075 0.109375
0 0.746875 0.36640625 0.078125 0.115625
0 0.83125 0.59296875 0.078125 0.11875
0 0.59140625 0.25625 0.075 0.1140625
0 0.67421875 0.71484375 0.078125 0.11875
0 0.596875 0.83203125 0.0765625 0.11875
0 0.82421875 0.24921875 0.078125 0.1125
0 0.7515625 0.59453125 0.078125 0.11875
0 0.82890625 0.4765625 0.08125 0.1140625
0 0.66796875 0.253125 0.075 0.1125
0 0.6765625 0.828125 0.0796875 0.1171875
0 0.79921875 0.1578125 0.121875 0.078125
0 0.7453125 0.253125 0.078125 0.1125
0 0.75625 0.82734375 0.08125 0.1171875
0 0.31328125 0.2875 0.053125 0.15625
0 0.309375 0.62109375 0.0578125 0.1625
0 0.3078125 0.796875 0.05625 0.1703125
0 0.309375 0.45546875 0.05625 0.175