0 0.38359375 0.3890625 0.18125 0.059375
0 0.3703125 0.64453125 0.19375 0.0640625
0 0.1875 0.50390625 0.19375 0.059375
0 0.56484375 0.57890625 0.1875 0.0625
0 0.56875 0.71171875 0.196875 0.065625
0 0.5625 0.78515625 0.196875 0.06875
0 0.5625 0.51875 0.1875 0.059375
0 0.5625 0.39609375 0.184375 0.05625
0 0.3890625 0.27421875 0.18125 0.053125
0 0.36640625 0.7109375 0.2 0.065625
0 0.38125 0.4515625 0.18125 0.05625
0 0.71015625 0.19921875 0.1 0.090625
0 0.3796875 0.5078125 0.184375 0.059375
0 0.38515625 0.33359375 0.18125 0.05625
0 0.18203125 0.565625 0.203125 0.0625
0 0.2 0.3328125 0.18125 0.05625
0 0.209375 0.21875 0.184375 0.053125
0 0.2046875 0.27265625 0.1828125 0.05625
0 0.36640625 0.784375 0.2 0.06875
0 0.18671875 0.4453125 0.190625 0.059375
0 0.171875 0.628125 0.203125 0.065625
0 0.1953125 0.38515625 0.184375 0.05625
0 0.56484375 0.27734375 0.18125 0.0546875
0 0.37421875 0.5765625 0.190625 0.0625
0 0.70703125 0.49921875 0.1046875 0.103125
0 0.3984375 0.17265625 0.1765625 0.053125
0 0.56796875 0.22734375 0.178125 0.053125
0 0.56484375 0.64765625 0.19375 0.0625
0 0.39296875 0.22265625 0.18125 0.053125
0 0.57578125 0.17578125 0.175 0.0515625
0 0.16328125 0.7046875 0.2078125 0.0671875
0 0.15625 0.778125 0.2109375 0.0734375
0 0.725 0.7515625 0.115625 0.11875
0 0.56328125 0.453125 0.184375 0.059375
0 0.709375 0.38359375 0.1046875 0.1
0 0.71640625 0.62890625 0.1125 0.1078125
0 0.56953125 0.33671875 0.18125 0.053125
0 0.70859375 0.29453125 0.103125 0.0953125
0 0.2140625 0.16328125 0.18125 0.053125