0 0.35234375 0.459375 0.07265625 0.1015625
0 0.78046875 0.21796875 0.0953125 0.12421875
0 0.3546875 0.25390625 0.0734375 0.11328125
0 0.43125 0.35234375 0.0765625 0.1109375
0 0.68671875 0.22734375 0.0890625 0.121875
0 0.5015625 0.56640625 0.07734375 0.10859375
0 0.3484375 0.7625 0.06953125 0.10390625
0 0.88515625 0.3421875 0.1 0.1234375
0 0.59765625 0.2328125 0.08359375 0.11640625
0 0.5859375 0.78359375 0.084375 0.115625
0 0.86875 0.81328125 0.1 0.11953125
0 0.6796875 0.45859375 0.08984375 0.11640625
0 0.775 0.5734375 0.0921875 0.11953125
0 0.68046875 0.34609375 0.09296875 0.11796875
0 0.78203125 0.34140625 0.09609375 0.121875
0 0.28515625 0.45703125 0.071875 0.1
0 0.509375 0.77578125 0.078125 0.1125
0 0.34765625 0.56015625 0.0734375 0.1015625
0 0.28515625 0.35390625 0.07109375 0.10546875
0 0.5125 0.3484375 0.0796875 0.1140625
0 0.35546875 0.3546875 0.075 0.10703125
0 0.684375 0.57421875 0.08828125 0.11796875
0 0.875 0.57734375 0.09765625 0.12265625
0 0.35234375 0.6625 0.07265625 0.1015625
0 0.14296875 0.26328125 0.06640625 0.1
0 0.67578125 0.79921875 0.08515625 0.11796875
0 0.28046875 0.5578125 0.07109375 0.1
0 0.5125 0.2390625 0.0828125 0.11484375
0 0.77578125 0.45703125 0.0921875 0.1203125
0 0.50625 0.8828125 0.07890625 0.11328125
0 0.590625 0.45625 0.08515625 0.11328125
0 0.76953125 0.80234375 0.09296875 0.11875
0 0.21015625 0.45703125 0.0703125 0.09921875
0 0.8796875 0.459375 0.1015625 0.12265625
0 0.3484375 0.86328125 0.0734375 0.1046875
0 0.5078125 0.67421875 0.0796875 0.1109375
0 0.87890625 0.2203125 0.09765625 0.121875
0 0.875 0.696875 0.09921875 0.1203125
0 0.28203125 0.75546875 0.0703125 0.10234375
0 0.66953125 0.9046875 0.08515625 0.12109375
0 0.50390625 0.4578125 0.078125 0.1078125
0 0.43515625 0.24765625 0.07734375 0.115625
0 0.5921875 0.67578125 0.08515625 0.11484375
0 0.8578125 0.9234375 0.0953125 0.1203125
0 0.1359375 0.4578125 0.06875 0.1
0 0.68125 0.6875 0.08984375 0.11640625
0 0.28359375 0.65703125 0.0703125 0.1
0 0.21328125 0.3578125 0.0703125 0.10234375
0 0.13828125 0.3578125 0.0703125 0.1015625
0 0.76171875 0.915625 0.0921875 0.11953125
0 0.13984375 0.746875 0.06640625 0.09765625
0 0.775 0.69375 0.09140625 0.12109375
0 0.42890625 0.66796875 0.075 0.10703125
0 0.59296875 0.3484375 0.08515625 0.11484375
0 0.1359375 0.5546875 0.0703125 0.1
0 0.4203125 0.7703125 0.0734375 0.11171875
0 0.2125 0.6546875 0.07109375 0.10078125
0 0.2140625 0.25625 0.065625 0.10390625
0 0.28203125 0.853125 0.0703125 0.1078125
0 0.21171875 0.75390625 0.0703125 0.1015625
0 0.28046875 0.25 0.06796875 0.11015625
0 0.584375 0.89453125 0.08359375 0.11796875
0 0.20703125 0.55625 0.06796875 0.0984375
0 0.06484375 0.35703125 0.0640625 0.0984375
0 0.06796875 0.4578125 0.06953125 0.1
0 0.428125 0.87734375 0.075 0.1109375
0 0.5828125 0.57265625 0.08359375 0.1140625
0 0.06875 0.55625 0.06796875 0.09921875
0 0.13984375 0.653125 0.0703125 0.1
0 0.140625 0.8359375 0.06484375 0.09921875
0 0.42734375 0.57109375 0.07421875 0.08828125
0 0.2109375 0.85 0.0703125 0.10078125
0 0.07109375 0.65 0.0671875 0.0984375
0 0.08046875 0.83203125 0.0625 0.09609375
0 0.42890625 0.453125 0.0734375 0.08359375
0 0.06875 0.25859375 0.0640625 0.10234375
0 0.06875 0.7375 0.0640625 0.096875