0 0.30546875 0.51875 0.18984375 0.0984375
0 0.78046875 0.93203125 0.3078125 0.125
0 0.753125 0.690625 0.2703125 0.13515625
0 0.7671875 0.82265625 0.2859375 0.13984375
0 0.503125 0.82890625 0.25546875 0.125
0 0.50078125 0.93359375 0.259375 0.1203125
0 0.50703125 0.42734375 0.20078125 0.1046875
0 0.50546875 0.70546875 0.234375 0.11953125
0 0.26953125 0.82734375 0.21953125 0.12265625
0 0.509375 0.51015625 0.20625 0.1046875
0 0.25078125 0.93203125 0.23359375 0.121875
0 0.50859375 0.61015625 0.215625 0.10625
0 0.7484375 0.590625 0.25625 0.12109375
0 0.284375 0.71171875 0.21171875 0.109375
0 0.31640625 0.43984375 0.18359375 0.08828125
0 0.11796875 0.565625 0.0796875 0.2453125
0 0.72421875 0.40859375 0.22890625 0.1234375
0 0.09921875 0.84296875 0.1234375 0.3125
0 0.296875 0.61953125 0.196875 0.10078125
0 0.184375 0.55546875 0.07265625 0.2484375
0 0.7390625 0.49140625 0.2421875 0.12578125