0 0.67265625 0.58359375 0.109375 0.0828125
0 0.771875 0.50703125 0.109375 0.078125
0 0.36171875 0.65390625 0.10625 0.084375
0 0.66640625 0.50625 0.1015625 0.078125
0 0.56640625 0.4984375 0.0984375 0.0765625
0 0.5671875 0.66953125 0.10625 0.0859375
0 0.5671875 0.84296875 0.1125 0.096875
0 0.665625 0.4296875 0.1 0.071875
0 0.76484375 0.4296875 0.1 0.071875
0 0.2453125 0.8234375 0.115625 0.096875
0 0.67734375 0.75859375 0.1171875 0.0953125
0 0.675 0.67109375 0.1109375 0.0859375
0 0.26015625 0.6515625 0.1078125 0.08125
0 0.56953125 0.7546875 0.1109375 0.0921875
0 0.46640625 0.57578125 0.1 0.0828125
0 0.565625 0.58046875 0.103125 0.08125
0 0.36875 0.5703125 0.103125 0.0796875
0 0.67734375 0.85859375 0.115625 0.096875
0 0.1515625 0.725 0.11875 0.0875
0 0.246875 0.73125 0.115625 0.0890625
0 0.778125 0.678125 0.115625 0.0875
0 0.34921875 0.83046875 0.115625 0.09375
0 0.4609375 0.7484375 0.1078125 0.090625
0 0.45546875 0.83984375 0.1125 0.1
0 0.75703125 0.296875 0.096875 0.0625
0 0.16015625 0.6375 0.109375 0.08125
0 0.46328125 0.6625 0.10625 0.084375
0 0.790625 0.76953125 0.11875 0.0953125
0 0.26953125 0.56875 0.10625 0.078125
0 0.79375 0.8640625 0.1234375 0.103125
0 0.35390625 0.73828125 0.1125 0.090625
0 0.13125 0.815625 0.121875 0.0953125
0 0.28671875 0.41328125 0.0984375 0.0703125
0 0.3265625 0.11015625 0.084375 0.0578125
0 0.6640625 0.35703125 0.096875 0.06875
0 0.7765625 0.584375 0.1140625 0.0859375
0 0.38125 0.42109375 0.1 0.0703125
0 0.2796875 0.48359375 0.103125 0.0765625
0 0.41015625 0.115625 0.08125 0.05625
0 0.40546875 0.16640625 0.084375 0.05625
0 0.65859375 0.1171875 0.0875 0.053125
0 0.5671875 0.3578125 0.09375 0.065625
0 0.48046875 0.2953125 0.090625 0.0625
0 0.65859375 0.16953125 0.0875 0.05625
0 0.76171875 0.359375 0.1 0.06875
0 0.46640625 0.49296875 0.0984375 0.0734375
0 0.5640625 0.428125 0.096875 0.071875
0 0.66015625 0.23046875 0.0921875 0.0625
0 0.1828125 0.48515625 0.103125 0.075
0 0.37890625 0.490625 0.1046875 0.075
0 0.1765625 0.56484375 0.10625 0.078125
0 0.5703125 0.11484375 0.084375 0.05625
0 0.56796875 0.29453125 0.090625 0.0625
0 0.6625 0.296875 0.09375 0.0609375
0 0.75078125 0.23046875 0.096875 0.059375
0 0.47734375 0.35625 0.09375 0.065625
0 0.56796875 0.17578125 0.0875 0.05625
0 0.396875 0.228125 0.0875 0.059375
0 0.746875 0.17421875 0.090625 0.05625
0 0.2109375 0.3453125 0.096875 0.065625
0 0.47265625 0.42421875 0.096875 0.0703125
0 0.38828125 0.35078125 0.096875 0.065625
0 0.30078125 0.34296875 0.1 0.0625
0 0.5671875 0.2328125 0.0890625 0.0625
0 0.3953125 0.2921875 0.0921875 0.0625
0 0.31953125 0.165625 0.084375 0.0578125
0 0.49140625 0.11875 0.084375 0.05625
0 0.19765625 0.409375 0.1015625 0.071875
0 0.74140625 0.1125 0.0890625 0.0578125
0 0.2328125 0.22265625 0.09375 0.071875
0 0.234375 0.165625 0.090625 0.05625
0 0.24140625 0.11640625 0.084375 0.053125
0 0.48515625 0.1734375 0.09375 0.0625
0 0.30859375 0.28671875 0.09375 0.0609375
0 0.484375 0.23125 0.0875 0.059375
0 0.31640625 0.225 0.0875 0.05625
0 0.22265625 0.28359375 0.103125 0.065625