0 0.43125 0.51171875 0.1390625 0.1109375
0 0.42578125 0.61484375 0.1375 0.1171875
0 0.19921875 0.159375 0.3484375 0.134375
0 0.42421875 0.72265625 0.1375 0.11875
0 0.19609375 0.25546875 0.346875 0.090625
0 0.425 0.82734375 0.134375 0.125
0 0.190625 0.8296875 0.31875 0.0890625
0 0.203125 0.08828125 0.35 0.1328125
0 0.43828125 0.3984375 0.1453125 0.115625
0 0.18515625 0.66796875 0.3296875 0.08125
0 0.18671875 0.5046875 0.3375 0.084375
0 0.4484375 0.28203125 0.15 0.121875
0 0.17734375 0.4296875 0.321875 0.08125
0 0.18515625 0.5984375 0.3375 0.078125
0 0.190625 0.3375 0.3421875 0.0828125
0 0.4453125 0.159375 0.153125 0.1375
0 0.190625 0.740625 0.3203125 0.103125
0 0.19140625 0.89609375 0.3203125 0.103125