0 0.84921875 0.65703125 0.2046875 0.059375
0 0.65 0.534375 0.1953125 0.0625
0 0.85390625 0.59765625 0.2125 0.0625
0 0.8375 0.8234375 0.1921875 0.0515625
0 0.865625 0.4625 0.209375 0.065625
0 0.65078125 0.33203125 0.215625 0.071875
0 0.85859375 0.53046875 0.215625 0.0625
0 0.65234375 0.65625 0.1875 0.05625
0 0.6578125 0.4671875 0.1984375 0.0625
0 0.6515625 0.60078125 0.190625 0.0578125
0 0.65234375 0.40703125 0.209375 0.0671875
0 0.65078125 0.70703125 0.184375 0.0546875
0 0.84375 0.71875 0.196875 0.0578125
0 0.840625 0.771875 0.19375 0.0546875
0 0.50625 0.5625 0.109375 0.103125
0 0.65234375 0.2578125 0.21875 0.078125
0 0.5109375 0.6625 0.103125 0.1
0 0.875 0.25 0.23125 0.078125
0 0.8734375 0.328125 0.228125 0.075
0 0.48984375 0.3375 0.115625 0.11875
0 0.65078125 0.1734375 0.225 0.08125
0 0.496875 0.4546875 0.1125 0.1125
0 0.878125 0.17421875 0.2375 0.0859375
0 0.86953125 0.40078125 0.225 0.071875
0 0.47734375 0.2109375 0.1234375 0.13125
0 0.65546875 0.76796875 0.184375 0.0546875
0 0.6546875 0.81796875 0.18125 0.05
0 0.5109375 0.75625 0.103125 0.090625