0 0.8015625 0.58203125 0.15625 0.1328125
0 0.66171875 0.57734375 0.1328125 0.12265625
0 0.703125 0.4609375 0.10390625 0.12578125
0 0.8125 0.45703125 0.1171875 0.134375
0 0.81171875 0.32734375 0.1171875 0.13984375
0 0.8015625 0.71171875 0.153125 0.1375
0 0.38359375 0.2890625 0.05859375 0.1
0 0.45 0.66875 0.09375 0.10078125
0 0.659375 0.6984375 0.1328125 0.12265625
0 0.6921875 0.21796875 0.10625 0.1359375
0 0.70078125 0.3390625 0.10546875 0.13203125
0 0.54453125 0.68125 0.10859375 0.11171875
0 0.8046875 0.18984375 0.121875 0.14765625
0 0.52734375 0.3625 0.0796875 0.11328125
0 0.55 0.571875 0.09296875 0.1140625
0 0.328125 0.29765625 0.06484375 0.1015625
0 0.3875 0.38203125 0.05859375 0.09453125
0 0.4640625 0.571875 0.07890625 0.10625
0 0.609375 0.34453125 0.08125 0.12109375
0 0.45390625 0.371875 0.06796875 0.10234375
0 0.2609375 0.309375 0.0609375 0.090625
0 0.4578125 0.46953125 0.06953125 0.09921875
0 0.328125 0.38984375 0.06328125 0.09375
0 0.31796875 0.73359375 0.07421875 0.096875
0 0.3953125 0.47421875 0.0625 0.09453125
0 0.60546875 0.46328125 0.09296875 0.1171875
0 0.74453125 0.821875 0.09921875 0.13828125
0 0.28046875 0.478125 0.0515625 0.08671875
0 0.303125 0.64921875 0.04765625 0.0828125
0 0.240625 0.64296875 0.0765625 0.0828125
0 0.2765625 0.38828125 0.0484375 0.0890625
0 0.24453125 0.72109375 0.06640625 0.0828125
0 0.23046875 0.4765625 0.05234375 0.0828125
0 0.3609375 0.65859375 0.0828125 0.0953125
0 0.22265625 0.39140625 0.053125 0.08515625
0 0.40078125 0.56875 0.06328125 0.09609375
0 0.334375 0.475 0.053125 0.0875
0 0.58828125 0.79140625 0.07890625 0.121875
0 0.59453125 0.2375 0.08828125 0.12734375
0 0.396875 0.7546875 0.0921875 0.10703125
0 0.2828125 0.5625 0.05546875 0.084375
0 0.3359375 0.56484375 0.0578125 0.0921875
0 0.51953125 0.24765625 0.07421875 0.12578125
0 0.44765625 0.2765625 0.0625 0.11171875
0 0.528125 0.77890625 0.0625 0.11953125
0 0.2296875 0.56015625 0.06171875 0.084375
0 0.52578125 0.46484375 0.0671875 0.11015625
0 0.21328125 0.31328125 0.04375 0.0890625
0 0.465625 0.76796875 0.05859375 0.1140625
0 0.6609375 0.8078125 0.0921875 0.13046875
0 0.8328125 0.83203125 0.09453125 0.12890625