0 0.6 0.2265625 0.078125 0.1140625
0 0.290625 0.5546875 0.08828125 0.1125
0 0.3734375 0.55 0.084375 0.11171875
0 0.18515625 0.32890625 0.096875 0.12265625
0 0.1015625 0.67734375 0.09765625 0.11875
0 0.67890625 0.22734375 0.075 0.11171875
0 0.45859375 0.653125 0.07890625 0.10859375
0 0.2078125 0.78125 0.09296875 0.11484375
0 0.3765625 0.659375 0.08203125 0.1078125
0 0.75703125 0.228125 0.07421875 0.11015625
0 0.45390625 0.33515625 0.08046875 0.11328125
0 0.4421875 0.22265625 0.08203125 0.11796875
0 0.27421875 0.33046875 0.0890625 0.11796875
0 0.1734375 0.21171875 0.0984375 0.1265625
0 0.83359375 0.23125 0.07265625 0.1046875
0 0.77578125 0.63671875 0.0734375 0.0984375
0 0.08125 0.33125 0.10234375 0.12109375
0 0.77421875 0.5375 0.0734375 0.09921875
0 0.10703125 0.7953125 0.09765625 0.11875
0 0.36640625 0.33125 0.0875 0.11796875
0 0.52421875 0.22421875 0.078125 0.1140625
0 0.2 0.5609375 0.096875 0.115625
0 0.90703125 0.234375 0.06640625 0.1
0 0.69921875 0.540625 0.075 0.1015625
0 0.284375 0.44765625 0.09140625 0.115625
0 0.08125 0.20625 0.10234375 0.13515625
0 0.3703125 0.4484375 0.0828125 0.11328125
0 0.0875 0.4515625 0.103125 0.1203125
0 0.55390625 0.853125 0.07734375 0.109375
0 0.5375 0.334375 0.07734375 0.1109375
0 0.18046875 0.44765625 0.0953125 0.11953125
0 0.61953125 0.64609375 0.0765625 0.103125
0 0.46875 0.7578125 0.08125 0.1078125
0 0.61015625 0.4421875 0.0765625 0.10390625
0 0.29296875 0.671875 0.08828125 0.11484375
0 0.09765625 0.56875 0.096875 0.11875
0 0.771875 0.43671875 0.0734375 0.10234375
0 0.70625 0.8390625 0.0703125 0.10234375
0 0.6984375 0.73828125 0.071875 0.09921875
0 0.91328125 0.334375 0.0703125 0.10078125
0 0.8546875 0.43515625 0.06640625 0.1
0 0.76953125 0.334375 0.071875 0.103125
0 0.915625 0.434375 0.0640625 0.09765625
0 0.265625 0.2203125 0.0890625 0.1234375
0 0.5359375 0.4453125 0.0765625 0.10859375
0 0.69375 0.43828125 0.07421875 0.10390625
0 0.35625 0.221875 0.0859375 0.12109375
0 0.4578125 0.55390625 0.08046875 0.10390625
0 0.61015625 0.3375 0.07734375 0.10546875
0 0.8515625 0.53515625 0.06875 0.0984375
0 0.846875 0.3375 0.0671875 0.10234375
0 0.6984375 0.640625 0.07421875 0.09921875
0 0.47109375 0.865625 0.078125 0.10546875
0 0.12578125 0.89921875 0.09375 0.115625
0 0.5421875 0.65 0.07734375 0.10625
0 0.45390625 0.45 0.08046875 0.1140625
0 0.690625 0.33828125 0.07421875 0.10546875
0 0.61796875 0.54296875 0.07578125 0.10390625
0 0.22109375 0.89296875 0.08984375 0.11328125
0 0.54296875 0.54765625 0.07578125 0.1046875
0 0.3015625 0.77578125 0.08671875 0.1140625
0 0.30859375 0.878125 0.08515625 0.1140625
0 0.3796875 0.76875 0.08203125 0.1078125
0 0.3921875 0.87265625 0.08125 0.11328125
0 0.6203125 0.74609375 0.07421875 0.10390625
0 0.1984375 0.6734375 0.09140625 0.1171875
0 0.9171875 0.72109375 0.06953125 0.09921875
0 0.84453125 0.72734375 0.06875 0.09765625
0 0.77578125 0.73046875 0.07109375 0.09765625
0 0.91484375 0.53515625 0.06484375 0.0984375
0 0.54765625 0.753125 0.075 0.11015625
0 0.6296875 0.84765625 0.0734375 0.10859375
0 0.85 0.8234375 0.0640625 0.09921875
0 0.778125 0.8265625 0.06796875 0.10390625
0 0.9140625 0.8140625 0.06875 0.09765625
0 0.84921875 0.62890625 0.06640625 0.09921875
0 0.9140625 0.625 0.06484375 0.09921875