0 0.34765625 0.63984375 0.09140625 0.2
0 0.7640625 0.41875 0.07578125 0.184375
0 0.4375 0.43203125 0.0890625 0.19453125
0 0.34765625 0.43359375 0.09375 0.203125
0 0.60078125 0.41875 0.08125 0.18515625
0 0.24921875 0.4375 0.103125 0.21328125
0 0.525 0.42578125 0.0796875 0.18828125
0 0.1484375 0.440625 0.1125 0.2203125
0 0.25078125 0.65234375 0.0984375 0.20390625
0 0.15234375 0.66015625 0.10859375 0.21015625
0 0.6734375 0.60703125 0.07734375 0.175
0 0.68359375 0.41640625 0.0765625 0.18515625
0 0.52109375 0.6140625 0.08046875 0.1859375
0 0.43984375 0.62734375 0.084375 0.18828125
0 0.59453125 0.60546875 0.0765625 0.18046875
0 0.7546875 0.60234375 0.0734375 0.17421875
0 0.840625 0.415625 0.0734375 0.17890625
0 0.8234375 0.590625 0.0734375 0.165625