0 0.375 0.69296875 0.2875 0.065625
0 0.05546875 0.5984375 0.0515625 0.2640625
0 0.1828125 0.8390625 0.303125 0.0515625
0 0.7375 0.80546875 0.259375 0.053125
0 0.01875 0.571875 0.0375 0.09375
0 0.18359375 0.809375 0.3 0.0546875
0 0.18515625 0.78046875 0.296875 0.059375
0 0.1859375 0.74921875 0.29375 0.0546875
0 0.47578125 0.81953125 0.278125 0.046875
0 0.4703125 0.790625 0.275 0.0453125
0 0.471875 0.76484375 0.275 0.0390625
0 0.4703125 0.73828125 0.278125 0.0390625
0 0.7359375 0.146875 0.028125 0.184375
0 0.709375 0.1421875 0.0328125 0.1890625
0 0.6859375 0.1421875 0.034375 0.1875
0 0.65859375 0.1421875 0.03125 0.1890625
0 0.634375 0.1421875 0.03125 0.1875
0 0.61015625 0.14140625 0.0375 0.184375
0 0.584375 0.14140625 0.034375 0.190625
0 0.56015625 0.1375 0.0375 0.1921875
0 0.53359375 0.1390625 0.03125 0.19375
0 0.50703125 0.1375 0.0375 0.19375
0 0.48203125 0.1375 0.0375 0.2
0 0.45234375 0.13359375 0.0375 0.203125
0 0.42734375 0.134375 0.040625 0.209375
0 0.40078125 0.13515625 0.040625 0.2078125
0 0.37421875 0.13125 0.04375 0.2046875
0 0.3453125 0.1296875 0.040625 0.2078125
0 0.32265625 0.13828125 0.040625 0.203125
0 0.2953125 0.13671875 0.04375 0.2046875
0 0.265625 0.13515625 0.04375 0.2078125
0 0.23984375 0.1359375 0.046875 0.209375
0 0.215625 0.13828125 0.040625 0.2078125
0 0.1859375 0.1359375 0.05 0.20625
0 0.16015625 0.1328125 0.05 0.209375
0 0.740625 0.3265625 0.0484375 0.175
0 0.71328125 0.32421875 0.05 0.175
0 0.6890625 0.3265625 0.034375 0.18125
0 0.65390625 0.32734375 0.046875 0.18125
0 0.6234375 0.328125 0.0390625 0.18125
0 0.5921875 0.32734375 0.0390625 0.1765625
0 0.56796875 0.3296875 0.04375 0.1765625
0 0.5390625 0.3296875 0.04375 0.178125
0 0.515625 0.32734375 0.034375 0.18125
0 0.47890625 0.3296875 0.04375 0.184375
0 0.4515625 0.32890625 0.04375 0.190625
0 0.42265625 0.33203125 0.0375 0.18125
0 0.3921875 0.33515625 0.040625 0.190625
0 0.3625 0.33359375 0.040625 0.1875
0 0.33203125 0.32890625 0.040625 0.184375
0 0.303125 0.35234375 0.04375 0.228125
0 0.275 0.35234375 0.0375 0.225
0 0.24765625 0.353125 0.0390625 0.225
0 0.21640625 0.35078125 0.0390625 0.225
0 0.1875 0.35 0.034375 0.228125
0 0.15625 0.3484375 0.040625 0.2296875
0 0.7640625 0.51171875 0.0546875 0.1890625
0 0.7328125 0.50859375 0.05625 0.1875
0 0.7171875 0.61953125 0.259375 0.040625
0 0.49375 0.528125 0.05 0.20625
0 0.465625 0.521875 0.0484375 0.203125
0 0.371875 0.525 0.0453125 0.2046875
0 0.3140625 0.565625 0.040625 0.20625
0 0.21953125 0.5921875 0.04375 0.25625
0 0.1890625 0.59296875 0.0390625 0.2640625
0 0.1546875 0.59375 0.0390625 0.2640625
0 0.121875 0.5953125 0.040625 0.26875
0 0.08828125 0.59453125 0.05 0.271875
0 0.059375 0.3484375 0.05 0.228125
0 0.09375 0.3484375 0.05 0.23125
0 0.70390625 0.51171875 0.0609375 0.19375
0 0.6734375 0.51015625 0.065625 0.19375
0 0.6421875 0.5109375 0.0609375 0.2
0 0.6125 0.51484375 0.05625 0.1984375
0 0.584375 0.5125 0.053125 0.1953125
0 0.64609375 0.70234375 0.2578125 0.0453125
0 0.6421875 0.6765625 0.2625 0.04375
0 0.6390625 0.65078125 0.25625 0.0421875
0 0.7375 0.77578125 0.2625 0.0484375
0 0.73515625 0.74921875 0.2625 0.0484375
0 0.73125 0.721875 0.259375 0.04375
0 0.3765625 0.70859375 0.275 0.05625
0 0.375 0.67890625 0.2734375 0.05