0 0.815625 0.771875 0.2078125 0.1
0 0.83515625 0.51484375 0.20078125 0.096875
0 0.3234375 0.20546875 0.11015625 0.08046875
0 0.8265625 0.61171875 0.19921875 0.1
0 0.834375 0.434375 0.2078125 0.103125
0 0.18125 0.2875 0.14921875 0.07734375
0 0.83828125 0.87265625 0.1703125 0.11484375
0 0.49609375 0.64140625 0.140625 0.08984375
0 0.28828125 0.5421875 0.10078125 0.08984375
0 0.43671875 0.278125 0.12734375 0.07421875
0 0.45078125 0.46484375 0.11015625 0.090625
0 0.30859375 0.2859375 0.1078125 0.08125
0 0.184375 0.5328125 0.09921875 0.0921875
0 0.38046875 0.72109375 0.11015625 0.09765625
0 0.37734375 0.6328125 0.10390625 0.09609375
0 0.621875 0.3296875 0.22578125 0.08359375
0 0.45625 0.36484375 0.1046875 0.1125
0 0.62109375 0.403125 0.228125 0.08046875
0 0.61328125 0.475 0.22890625 0.08046875
0 0.57734375 0.56171875 0.08984375 0.09609375
0 0.2703125 0.7125 0.10390625 0.090625
0 0.640625 0.65234375 0.15546875 0.1015625
0 0.48125 0.55625 0.09765625 0.0953125
0 0.18984375 0.44453125 0.0984375 0.08046875
0 0.61953125 0.25390625 0.22265625 0.08359375
0 0.81796875 0.6921875 0.20234375 0.08515625
0 0.665625 0.8484375 0.1625 0.11796875
0 0.27421875 0.790625 0.10703125 0.09453125
0 0.2703125 0.62421875 0.1125 0.096875
0 0.51015625 0.83046875 0.13359375 0.115625
0 0.1875 0.2078125 0.153125 0.08359375
0 0.3875 0.80703125 0.12265625 0.09765625
0 0.38359375 0.54453125 0.10234375 0.09375
0 0.43671875 0.2078125 0.11328125 0.07734375
0 0.2734375 0.45234375 0.0734375 0.0890625
0 0.2171875 0.36484375 0.0703125 0.0890625
0 0.353125 0.45546875 0.0796875 0.0890625
0 0.6375 0.75 0.13359375 0.109375
0 0.67890625 0.56328125 0.0984375 0.1015625
0 0.14140625 0.3625 0.0734375 0.0875
0 0.17578125 0.69296875 0.1 0.0921875
0 0.16484375 0.6078125 0.09140625 0.0875
0 0.17265625 0.78359375 0.09765625 0.0921875
0 0.5046875 0.73203125 0.1359375 0.10859375
0 0.290625 0.3640625 0.0734375 0.09140625
0 0.36484375 0.36171875 0.07890625 0.0953125
0 0.83671875 0.275 0.20859375 0.1078125
0 0.553125 0.196875 0.11796875 0.0703125
0 0.8359375 0.1359375 0.2171875 0.1
0 0.6734375 0.1875 0.13203125 0.0671875
0 0.83828125 0.1984375 0.2046875 0.0890625
0 0.83515625 0.35546875 0.20625 0.084375