0 0.4453125 0.42890625 0.115625 0.09375
0 0.19296875 0.40390625 0.14375 0.08125
0 0.55 0.41015625 0.1015625 0.071875
0 0.20546875 0.57265625 0.1390625 0.08125
0 0.3265625 0.4359375 0.1265625 0.1
0 0.3265625 0.33671875 0.128125 0.10625
0 0.3296875 0.59921875 0.121875 0.1078125
0 0.4453125 0.24921875 0.1125 0.0875
0 0.44609375 0.6046875 0.1125 0.090625
0 0.54453125 0.3359375 0.1 0.084375
0 0.640625 0.3578125 0.0921875 0.0796875
0 0.6421875 0.4375 0.090625 0.078125
0 0.32578125 0.2359375 0.1296875 0.109375
0 0.6453125 0.5140625 0.09375 0.08125
0 0.3296875 0.5203125 0.11875 0.065625
0 0.21171875 0.6515625 0.1375 0.08125
0 0.21328125 0.73203125 0.1375 0.084375
0 0.1859375 0.3234375 0.14375 0.084375
0 0.44140625 0.3328125 0.1125 0.096875
0 0.44453125 0.16015625 0.11875 0.1015625
0 0.44296875 0.521875 0.1125 0.0875
0 0.54921875 0.546875 0.1046875 0.0671875
0 0.334375 0.69140625 0.125 0.0875
0 0.55234375 0.47578125 0.103125 0.0703125
0 0.5578125 0.684375 0.103125 0.0734375
0 0.45234375 0.6921875 0.1125 0.090625
0 0.19921875 0.4921875 0.14375 0.084375
0 0.5546875 0.61171875 0.1015625 0.071875
0 0.65078125 0.58828125 0.09375 0.065625
0 0.54765625 0.253125 0.0984375 0.075
0 0.64375 0.28515625 0.0921875 0.0796875
0 0.65234375 0.65546875 0.09375 0.0640625
0 0.4515625 0.7734375 0.1125 0.09375
0 0.65546875 0.72578125 0.090625 0.078125
0 0.659375 0.8 0.09375 0.1
0 0.56015625 0.75078125 0.1 0.06875
0 0.55 0.1765625 0.109375 0.0890625
0 0.18515625 0.23125 0.146875 0.115625
0 0.64140625 0.20390625 0.0921875 0.08125
0 0.4578125 0.85859375 0.109375 0.071875
0 0.5625 0.82734375 0.1 0.103125
0 0.34296875 0.7875 0.128125 0.134375
0 0.34609375 0.8765625 0.128125 0.1140625
0 0.3203125 0.134375 0.140625 0.128125
0 0.18203125 0.11328125 0.1546875 0.1125
0 0.21640625 0.80546875 0.1375 0.1046875
0 0.22109375 0.8921875 0.140625 0.134375