0 0.25078125 0.53359375 0.071875 0.1078125
0 0.24765625 0.43046875 0.084375 0.0984375
0 0.503125 0.32890625 0.090625 0.109375
0 0.49765625 0.2140625 0.09375 0.11875
0 0.31953125 0.21875 0.09375 0.115625
0 0.4140625 0.32890625 0.090625 0.109375
0 0.415625 0.43203125 0.0890625 0.1
0 0.23125 0.221875 0.09375 0.115625
0 0.50390625 0.43125 0.0875 0.0984375
0 0.41015625 0.2171875 0.096875 0.11875
0 0.23828125 0.33046875 0.090625 0.10625
0 0.3234375 0.53203125 0.0671875 0.109375
0 0.32578125 0.32890625 0.090625 0.10625
0 0.58984375 0.21875 0.096875 0.1171875
0 0.33125 0.4296875 0.0875 0.1
0 0.5875 0.32890625 0.0921875 0.10625
0 0.39453125 0.63671875 0.0640625 0.0984375
0 0.39296875 0.5328125 0.075 0.1125
0 0.2734375 0.72734375 0.0640625 0.09375
0 0.2640625 0.63203125 0.075 0.0984375
0 0.4578125 0.63515625 0.065625 0.1
0 0.28046875 0.81796875 0.0640625 0.084375
0 0.3328125 0.634375 0.0640625 0.1
0 0.459375 0.53046875 0.06875 0.1109375
0 0.40234375 0.81796875 0.0625 0.0859375
0 0.584375 0.43046875 0.0875 0.0953125
0 0.4 0.72734375 0.0625 0.0921875
0 0.33671875 0.73046875 0.0625 0.09375
0 0.5265625 0.53125 0.065625 0.10625
0 0.52578125 0.728125 0.065625 0.1015625
0 0.52578125 0.6328125 0.071875 0.1
0 0.46015625 0.73203125 0.065625 0.09375
0 0.52578125 0.81484375 0.065625 0.0875
0 0.4640625 0.815625 0.0625 0.084375
0 0.34140625 0.81171875 0.06875 0.084375