0 0.5046875 0.38515625 0.0953125 0.096875
0 0.69609375 0.878125 0.0625 0.1875
0 0.56484375 0.51015625 0.05625 0.1671875
0 0.52109375 0.86875 0.0578125 0.184375
0 0.6890625 0.50546875 0.0609375 0.178125
0 0.57734375 0.87109375 0.059375 0.1859375
0 0.20234375 0.5171875 0.05 0.159375
0 0.24375 0.6828125 0.05 0.1625
0 0.3015625 0.5171875 0.05 0.159375
0 0.76328125 0.878125 0.065625 0.190625
0 0.39765625 0.5171875 0.0515625 0.1625
0 0.4546875 0.51484375 0.0515625 0.1640625
0 0.69375 0.68984375 0.0625 0.1828125
0 0.35 0.5171875 0.05 0.1609375
0 0.6296875 0.68671875 0.059375 0.1796875
0 0.40703125 0.39296875 0.090625 0.09375
0 0.61640625 0.37109375 0.1046875 0.103125
0 0.51875 0.68359375 0.059375 0.175
0 0.7203125 0.3671875 0.109375 0.1046875
0 0.22265625 0.4 0.08125 0.0875
0 0.30078125 0.6828125 0.0515625 0.1625
0 0.7609375 0.68984375 0.065625 0.1875
0 0.75625 0.5078125 0.0640625 0.18125
0 0.34765625 0.68359375 0.046875 0.165625
0 0.2484375 0.5171875 0.046875 0.159375
0 0.5046875 0.51796875 0.0546875 0.1671875
0 0.31328125 0.39609375 0.0875 0.090625
0 0.57265625 0.68828125 0.0578125 0.175
0 0.1984375 0.68125 0.046875 0.1625
0 0.6390625 0.8703125 0.0609375 0.184375
0 0.3453125 0.859375 0.05 0.175
0 0.625 0.51328125 0.0625 0.1703125
0 0.396875 0.8625 0.053125 0.178125
0 0.296875 0.85625 0.0515625 0.171875
0 0.39921875 0.68515625 0.053125 0.165625
0 0.19375 0.84453125 0.0515625 0.16875
0 0.24140625 0.85 0.053125 0.1703125
0 0.45859375 0.6859375 0.053125 0.16875
0 0.4609375 0.86328125 0.0578125 0.18125