0 0.5609375 0.36328125 0.0703125 0.08125
0 0.6296875 0.27890625 0.071875 0.0875
0 0.41484375 0.5890625 0.071875 0.053125
0 0.6984375 0.2828125 0.0703125 0.0875
0 0.6265625 0.36875 0.06875 0.084375
0 0.41640625 0.6421875 0.071875 0.053125
0 0.48359375 0.63984375 0.06875 0.053125
0 0.484375 0.5875 0.06875 0.053125
0 0.55546875 0.52265625 0.06875 0.078125
0 0.4921875 0.371875 0.071875 0.059375
0 0.49140625 0.42734375 0.0703125 0.053125
0 0.55859375 0.44140625 0.071875 0.08125
0 0.5609375 0.2765625 0.071875 0.0875
0 0.34453125 0.55 0.0734375 0.05625
0 0.69375 0.36953125 0.0671875 0.0828125
0 0.42109375 0.428125 0.075 0.0546875
0 0.4140625 0.696875 0.075 0.05625
0 0.4203125 0.3703125 0.0734375 0.0609375
0 0.34296875 0.71484375 0.071875 0.053125
0 0.49296875 0.3140625 0.0734375 0.05625
0 0.5734375 0.78046875 0.0578125 0.0859375
0 0.34375 0.76875 0.071875 0.05
0 0.62265625 0.4484375 0.06875 0.08125
0 0.34375 0.3234375 0.0765625 0.0625
0 0.4828125 0.69375 0.06875 0.0546875
0 0.67578125 0.77421875 0.0546875 0.0828125
0 0.68203125 0.60546875 0.0578125 0.0921875
0 0.4875 0.478125 0.0703125 0.053125
0 0.62890625 0.690625 0.053125 0.0859375
0 0.48984375 0.25390625 0.075 0.059375
0 0.34296875 0.6625 0.0703125 0.053125
0 0.63125 0.60625 0.05625 0.0875
0 0.67890625 0.69375 0.05625 0.084375
0 0.5765625 0.696875 0.053125 0.0875
0 0.34375 0.60703125 0.0734375 0.05625
0 0.4203125 0.31171875 0.075 0.0578125
0 0.53203125 0.69765625 0.040625 0.090625
0 0.62421875 0.778125 0.053125 0.0875
0 0.41640625 0.53515625 0.075 0.0625
0 0.6828125 0.52109375 0.06875 0.084375
0 0.41171875 0.76484375 0.06875 0.053125
0 0.5296875 0.7859375 0.040625 0.0875
0 0.53515625 0.61015625 0.04375 0.0875
0 0.41171875 0.8125 0.0703125 0.053125
0 0.34609375 0.4953125 0.075 0.05625
0 0.48671875 0.53203125 0.071875 0.05625
0 0.41953125 0.24921875 0.078125 0.059375
0 0.34375 0.81640625 0.071875 0.053125
0 0.47734375 0.79375 0.0703125 0.05625
0 0.41875 0.4828125 0.0765625 0.0625
0 0.578125 0.609375 0.059375 0.0921875
0 0.34375 0.4390625 0.0765625 0.06875
0 0.34453125 0.38046875 0.08125 0.071875
0 0.33984375 0.2484375 0.084375 0.0671875
0 0.47890625 0.7453125 0.071875 0.0578125
0 0.6875 0.44453125 0.06875 0.0859375
0 0.61953125 0.525 0.06875 0.084375