0 0.78203125 0.4890625 0.14375 0.2328125
0 0.6578125 0.48203125 0.14375 0.2296875
0 0.8015625 0.2453125 0.15625 0.259375
0 0.671875 0.240625 0.153125 0.25625
0 0.45390625 0.47734375 0.096875 0.071875
0 0.55546875 0.24375 0.10625 0.084375
0 0.45390625 0.39921875 0.1 0.075
0 0.2609375 0.4734375 0.1 0.075
0 0.353125 0.32265625 0.103125 0.078125
0 0.55078125 0.55390625 0.096875 0.071875
0 0.1453125 0.23671875 0.1109375 0.08125
0 0.26484375 0.5546875 0.0984375 0.071875
0 0.65234375 0.7015625 0.128125 0.2046875
0 0.246875 0.240625 0.109375 0.08125
0 0.35703125 0.39609375 0.1 0.075
0 0.24296875 0.1546875 0.109375 0.084375
0 0.2546875 0.3203125 0.1046875 0.078125
0 0.55078125 0.47890625 0.096875 0.071875
0 0.4515625 0.24296875 0.10625 0.084375
0 0.45703125 0.61953125 0.0953125 0.065625
0 0.3484375 0.240625 0.1078125 0.08125
0 0.16015625 0.39296875 0.103125 0.0765625
0 0.45546875 0.553125 0.096875 0.075
0 0.25703125 0.39453125 0.103125 0.075
0 0.34921875 0.15390625 0.1109375 0.084375
0 0.36015625 0.47421875 0.096875 0.071875
0 0.3640625 0.61953125 0.096875 0.06875
0 0.1828125 0.759375 0.096875 0.065625
0 0.559375 0.15625 0.1078125 0.084375
0 0.13046875 0.15234375 0.1140625 0.084375
0 0.45703125 0.81875 0.0890625 0.0625
0 0.71015625 0.86328125 0.053125 0.1078125
0 0.1625 0.47265625 0.096875 0.075
0 0.55390625 0.32578125 0.103125 0.078125
0 0.3609375 0.55 0.096875 0.071875
0 0.45234375 0.32265625 0.1 0.08125
0 0.45703125 0.88359375 0.0875 0.059375
0 0.55234375 0.4015625 0.1 0.075
0 0.19140625 0.81640625 0.0921875 0.059375
0 0.4578125 0.6890625 0.09375 0.0640625
0 0.54609375 0.76328125 0.090625 0.065625
0 0.371875 0.8171875 0.090625 0.0609375
0 0.26875 0.69140625 0.096875 0.0640625
0 0.5484375 0.69375 0.09375 0.0625
0 0.36875 0.6875 0.09375 0.0640625
0 0.17109375 0.553125 0.1 0.075
0 0.45625 0.75625 0.090625 0.065625
0 0.6171875 0.86015625 0.053125 0.10625
0 0.2734375 0.76171875 0.0953125 0.065625
0 0.2703125 0.628125 0.096875 0.065625
0 0.76953125 0.8640625 0.0625 0.109375
0 0.175 0.6203125 0.1 0.06875
0 0.65859375 0.859375 0.059375 0.10625
0 0.3671875 0.88359375 0.090625 0.0625
0 0.54453125 0.825 0.090625 0.0625
0 0.15390625 0.31875 0.10625 0.078125
0 0.27734375 0.81875 0.090625 0.059375
0 0.5421875 0.88671875 0.0890625 0.0578125
0 0.28046875 0.88046875 0.0875 0.0578125
0 0.36484375 0.7578125 0.09375 0.065625
0 0.55 0.62421875 0.096875 0.06875
0 0.175 0.69140625 0.096875 0.0640625
0 0.765625 0.703125 0.13125 0.1984375
0 0.19765625 0.878125 0.090625 0.0578125
0 0.4484375 0.153125 0.10625 0.0859375