0 0.5796875 0.5046875 0.1359375 0.134375
0 0.5765625 0.37109375 0.1296875 0.1390625
0 0.41640625 0.459375 0.196875 0.121875
0 0.4140625 0.575 0.19375 0.11875
0 0.6984375 0.5 0.103125 0.121875
0 0.4078125 0.34609375 0.1921875 0.13125
0 0.1625 0.31484375 0.265625 0.16875
0 0.5703125 0.75234375 0.128125 0.13125
0 0.69375 0.61640625 0.115625 0.121875
0 0.6984375 0.38359375 0.1125 0.13125
0 0.5765625 0.628125 0.125 0.134375
0 0.8015625 0.49921875 0.0953125 0.1125
0 0.18984375 0.8265625 0.2421875 0.165625
0 0.1765625 0.45078125 0.25625 0.140625
0 0.796875 0.60703125 0.090625 0.1125
0 0.4203125 0.684375 0.2046875 0.1375
0 0.80078125 0.3921875 0.0890625 0.121875
0 0.17890625 0.59140625 0.275 0.15
0 0.19765625 0.7125 0.265625 0.159375
0 0.40390625 0.79375 0.196875 0.146875
0 0.6875 0.728125 0.1234375 0.134375
0 0.7875 0.7109375 0.09375 0.11875