0 0.4140625 0.49140625 0.096875 0.0734375
0 0.40859375 0.56171875 0.096875 0.071875
0 0.4140625 0.41953125 0.096875 0.075
0 0.49765625 0.7796875 0.0890625 0.071875
0 0.40703125 0.63671875 0.09375 0.075
0 0.5015625 0.490625 0.090625 0.071875
0 0.4125 0.70546875 0.09375 0.071875
0 0.503125 0.4234375 0.09375 0.0734375
0 0.4078125 0.78046875 0.09375 0.071875
0 0.584375 0.70703125 0.0875 0.06875
0 0.49609375 0.70625 0.090625 0.071875
0 0.67734375 0.50234375 0.0859375 0.0703125
0 0.675 0.57109375 0.08125 0.06875
0 0.58203125 0.77734375 0.084375 0.06875
0 0.58671875 0.5703125 0.090625 0.071875
0 0.50625 0.34765625 0.09375 0.0765625
0 0.49609375 0.92109375 0.0875 0.0671875
0 0.50703125 0.27265625 0.1 0.0859375
0 0.40625 0.85234375 0.09375 0.075
0 0.496875 0.8515625 0.090625 0.0703125
0 0.68203125 0.4328125 0.0875 0.071875
0 0.5796875 0.84375 0.08125 0.065625
0 0.5953125 0.35078125 0.09375 0.0734375
0 0.58671875 0.6421875 0.0875 0.06875
0 0.59765625 0.27890625 0.0984375 0.0890625
0 0.66796875 0.70546875 0.08125 0.065625
0 0.5953125 0.42578125 0.090625 0.071875
0 0.7546875 0.63515625 0.08125 0.065625
0 0.6703125 0.640625 0.084375 0.06875
0 0.59375 0.49609375 0.090625 0.071875
0 0.5 0.565625 0.090625 0.0734375
0 0.7640625 0.4359375 0.08125 0.071875
0 0.68515625 0.359375 0.0875 0.071875
0 0.58125 0.9125 0.084375 0.071875
0 0.75703125 0.56640625 0.0796875 0.065625
0 0.6625 0.8390625 0.084375 0.0671875
0 0.6640625 0.76875 0.08125 0.065625
0 0.76015625 0.5015625 0.0796875 0.0671875
0 0.74453125 0.696875 0.078125 0.0625
0 0.41171875 0.93359375 0.09375 0.0734375
0 0.4984375 0.640625 0.09375 0.06875
0 0.3171875 0.52734375 0.103125 0.071875
0 0.31640625 0.59921875 0.0984375 0.0734375
0 0.3140625 0.68515625 0.1 0.075
0 0.31328125 0.909375 0.10625 0.078125
0 0.3125 0.83828125 0.103125 0.0734375
0 0.3140625 0.7609375 0.103125 0.078125
0 0.31015625 0.45390625 0.103125 0.078125
0 0.3078125 0.340625 0.0453125 0.1375
0 0.30625 0.20390625 0.0421875 0.14375
0 0.34453125 0.3453125 0.040625 0.140625
0 0.34453125 0.21484375 0.040625 0.140625
0 0.41171875 0.34296875 0.103125 0.0875
0 0.4125 0.2671875 0.109375 0.0859375
0 0.41328125 0.19140625 0.103125 0.09375
0 0.65859375 0.9 0.084375 0.0828125
0 0.73515625 0.8828125 0.078125 0.0734375
0 0.7375 0.81953125 0.08125 0.0765625
0 0.73984375 0.7578125 0.0859375 0.075
0 0.76328125 0.36640625 0.0890625 0.0796875
0 0.771875 0.2984375 0.09375 0.08125
0 0.77578125 0.22421875 0.09375 0.084375
0 0.68359375 0.28828125 0.0921875 0.0875
0 0.6890625 0.21875 0.096875 0.0875
0 0.6 0.20703125 0.096875 0.09375
0 0.509375 0.19921875 0.096875 0.0890625