0 0.2296875 0.4328125 0.090625 0.11875
0 0.6390625 0.75234375 0.078125 0.109375
0 0.8671875 0.36953125 0.115625 0.0578125
0 0.20703125 0.89609375 0.09375 0.1203125
0 0.13046875 0.54765625 0.096875 0.1203125
0 0.1328125 0.43046875 0.096875 0.1234375
0 0.22890625 0.55234375 0.090625 0.11875
0 0.4796875 0.653125 0.078125 0.1109375
0 0.403125 0.65546875 0.0828125 0.1109375
0 0.63046875 0.44453125 0.075 0.103125
0 0.12578125 0.66875 0.0953125 0.11875
0 0.215625 0.7765625 0.0921875 0.11875
0 0.11171875 0.9015625 0.0984375 0.1203125
0 0.56015625 0.44296875 0.071875 0.109375
0 0.91953125 0.5453125 0.0640625 0.096875
0 0.5578125 0.75625 0.078125 0.1109375
0 0.63359375 0.54765625 0.071875 0.1046875
0 0.7453125 0.365625 0.121875 0.059375
0 0.63359375 0.6515625 0.0765625 0.10625
0 0.121875 0.78515625 0.09375 0.11875
0 0.70859375 0.5484375 0.071875 0.103125
0 0.39765625 0.44140625 0.078125 0.109375
0 0.4765625 0.76328125 0.08125 0.109375
0 0.30859375 0.775 0.0890625 0.115625
0 0.78515625 0.5453125 0.071875 0.103125
0 0.5640625 0.546875 0.078125 0.10625
0 0.315625 0.659375 0.0890625 0.11875
0 0.63515625 0.85703125 0.075 0.109375
0 0.85 0.73828125 0.0625 0.096875
0 0.5625 0.653125 0.075 0.109375
0 0.709375 0.74921875 0.0703125 0.10625
0 0.32109375 0.54921875 0.0875 0.1140625
0 0.91484375 0.6390625 0.0625 0.096875
0 0.70546875 0.44609375 0.071875 0.103125
0 0.22578125 0.66796875 0.090625 0.11875
0 0.31953125 0.4359375 0.0875 0.115625
0 0.4828125 0.5484375 0.078125 0.109375
0 0.85546875 0.640625 0.065625 0.1
0 0.784375 0.64453125 0.06875 0.103125
0 0.846875 0.83359375 0.0625 0.1
0 0.30390625 0.89140625 0.0859375 0.11875
0 0.71015625 0.65 0.071875 0.103125
0 0.4859375 0.35703125 0.1390625 0.065625
0 0.78203125 0.74375 0.065625 0.1015625
0 0.85703125 0.54453125 0.065625 0.1
0 0.3359375 0.35 0.146875 0.06875
0 0.4734375 0.875 0.08125 0.115625
0 0.55625 0.86953125 0.078125 0.1125
0 0.3984375 0.55 0.08125 0.109375
0 0.1796875 0.34140625 0.1625 0.071875
0 0.91015625 0.7359375 0.0625 0.0953125
0 0.3828125 0.87734375 0.084375 0.1171875
0 0.70625 0.8546875 0.071875 0.109375
0 0.8421875 0.4484375 0.06875 0.1
0 0.3953125 0.7703125 0.084375 0.1125
0 0.484375 0.44453125 0.078125 0.109375
0 0.7765625 0.44609375 0.06875 0.1015625
0 0.91015625 0.4484375 0.065625 0.0984375
0 0.7765625 0.84140625 0.0671875 0.1078125
0 0.90703125 0.834375 0.065625 0.1
0 0.61640625 0.3625 0.128125 0.0609375