0 0.63984375 0.65234375 0.2 0.090625
0 0.41875 0.2359375 0.184375 0.075
0 0.43203125 0.5625 0.19375 0.0890625
0 0.43359375 0.65234375 0.203125 0.09375
0 0.41875 0.39921875 0.184375 0.08125
0 0.4375 0.75078125 0.2125 0.103125
0 0.42578125 0.475 0.1875 0.0796875
0 0.440625 0.8515625 0.2203125 0.1125
0 0.65234375 0.74921875 0.203125 0.0984375
0 0.66015625 0.84765625 0.209375 0.109375
0 0.60703125 0.3265625 0.175 0.078125
0 0.41640625 0.31640625 0.184375 0.0765625
0 0.6140625 0.47890625 0.1859375 0.08125
0 0.62734375 0.56015625 0.1875 0.084375
0 0.60546875 0.40546875 0.18125 0.0765625
0 0.60234375 0.2453125 0.175 0.0734375
0 0.415625 0.159375 0.178125 0.0734375
0 0.590625 0.1765625 0.165625 0.0734375