0 0.1703125 0.1734375 0.153125 0.159375
0 0.17578125 0.3234375 0.146875 0.1375
0 0.359375 0.45546875 0.2234375 0.0671875
0 0.5640625 0.60859375 0.20625 0.0625
0 0.359375 0.53125 0.21875 0.065625
0 0.55390625 0.665625 0.2015625 0.0578125
0 0.35078125 0.66328125 0.20625 0.059375
0 0.575 0.4625 0.215625 0.0671875
0 0.5828125 0.3953125 0.225 0.071875
0 0.3640625 0.2234375 0.2421875 0.08125
0 0.36171875 0.1359375 0.246875 0.0890625
0 0.35625 0.6046875 0.215625 0.065625
0 0.84375 0.24296875 0.246875 0.0796875
0 0.346875 0.72734375 0.2 0.0578125
0 0.6078125 0.146875 0.2515625 0.084375
0 0.3625 0.30859375 0.234375 0.078125
0 0.54609375 0.721875 0.196875 0.05625
0 0.60390625 0.2359375 0.2421875 0.08125
0 0.34375 0.78125 0.19375 0.053125
0 0.565625 0.53515625 0.20625 0.065625
0 0.73515625 0.7265625 0.1984375 0.05625
0 0.35625 0.3828125 0.221875 0.071875
0 0.59296875 0.31640625 0.23125 0.0765625
0 0.53984375 0.78359375 0.19375 0.0546875
0 0.17890625 0.46328125 0.13125 0.128125
0 0.82734375 0.3234375 0.2390625 0.0765625
0 0.80546875 0.40390625 0.2234375 0.071875
0 0.7890625 0.47734375 0.2140625 0.06875
0 0.8578125 0.1546875 0.2546875 0.084375
0 0.18984375 0.6046875 0.125 0.1140625
0 0.1921875 0.70859375 0.11875 0.1046875
0 0.7765625 0.5453125 0.2125 0.0640625
0 0.52734375 0.8390625 0.190625 0.0546875
0 0.7265625 0.78359375 0.19375 0.0546875
0 0.18671875 0.809375 0.115625 0.1015625
0 0.74765625 0.66953125 0.2 0.0578125
0 0.7671875 0.61484375 0.2015625 0.0625
0 0.3390625 0.83671875 0.190625 0.053125
0 0.71953125 0.84140625 0.1890625 0.0515625