0 0.4359375 0.50546875 0.1234375 0.096875
0 0.18359375 0.52265625 0.134375 0.13125
0 0.1703125 0.25 0.1328125 0.1375
0 0.43046875 0.403125 0.125 0.1
0 0.18125 0.38515625 0.134375 0.13125
0 0.31484375 0.62109375 0.13125 0.128125
0 0.1703125 0.1109375 0.1375 0.14375
0 0.4296875 0.31015625 0.121875 0.1
0 0.1875 0.89765625 0.134375 0.1
0 0.1796875 0.6515625 0.13125 0.1328125
0 0.42734375 0.20390625 0.128125 0.103125
0 0.44140625 0.7890625 0.128125 0.08125
0 0.52421875 0.13671875 0.059375 0.171875
0 0.57734375 0.47578125 0.059375 0.1640625
0 0.43515625 0.69921875 0.1265625 0.1
0 0.1859375 0.78125 0.1328125 0.1328125
0 0.4421875 0.88125 0.128125 0.1
0 0.66015625 0.79921875 0.0875 0.1484375
0 0.57890625 0.309375 0.0609375 0.165625
0 0.31171875 0.49375 0.13125 0.1265625
0 0.303125 0.225 0.128125 0.1359375
0 0.29921875 0.10078125 0.128125 0.10625
0 0.5296875 0.6421875 0.0609375 0.1640625
0 0.64296875 0.14140625 0.059375 0.16875
0 0.69453125 0.63359375 0.059375 0.15625
0 0.5203125 0.3078125 0.0640625 0.165625
0 0.696875 0.140625 0.0609375 0.16875
0 0.309375 0.35703125 0.13125 0.13125
0 0.5796875 0.13984375 0.0625 0.16875
0 0.64140625 0.63828125 0.05625 0.15625
0 0.43125 0.09765625 0.1296875 0.10625
0 0.31640625 0.87578125 0.128125 0.128125
0 0.5234375 0.475 0.059375 0.1625
0 0.69453125 0.3140625 0.059375 0.1625
0 0.6953125 0.47890625 0.059375 0.1640625
0 0.434375 0.596875 0.128125 0.096875
0 0.759375 0.4765625 0.0609375 0.159375
0 0.58046875 0.6328125 0.059375 0.1609375
0 0.63984375 0.47421875 0.0609375 0.1625
0 0.640625 0.3140625 0.059375 0.165625
0 0.31484375 0.74765625 0.13125 0.128125
0 0.5296875 0.8046875 0.0625 0.1640625
0 0.5875 0.80078125 0.0578125 0.165625
0 0.76015625 0.14453125 0.0609375 0.16875
0 0.75625 0.31640625 0.0625 0.1578125
0 0.7578125 0.63984375 0.0640625 0.1609375