0 0.7703125 0.48671875 0.0703125 0.1265625
0 0.8453125 0.609375 0.071875 0.13125
0 0.61171875 0.85078125 0.0890625 0.1546875
0 0.5265625 0.8546875 0.0875 0.1546875
0 0.5265625 0.7046875 0.084375 0.15
0 0.44296875 0.7078125 0.084375 0.153125
0 0.603125 0.7015625 0.0875 0.15
0 0.77109375 0.73984375 0.075 0.1203125
0 0.36328125 0.29296875 0.084375 0.134375
0 0.684375 0.1296875 0.0890625 0.14375
0 0.53125 0.55859375 0.084375 0.140625
0 0.44453125 0.15078125 0.08125 0.1390625
0 0.84765625 0.73671875 0.078125 0.1203125
0 0.76640625 0.3609375 0.0703125 0.125
0 0.4484375 0.428125 0.08125 0.1390625
0 0.6125 0.55078125 0.0875 0.146875
0 0.52890625 0.421875 0.084375 0.14375
0 0.52734375 0.27890625 0.08125 0.140625
0 0.6890625 0.69375 0.090625 0.153125
0 0.44765625 0.56171875 0.084375 0.1390625
0 0.6015625 0.27109375 0.084375 0.14375
0 0.6 0.1375 0.084375 0.1375
0 0.44453125 0.28359375 0.08125 0.1375
0 0.36171875 0.15546875 0.084375 0.1328125
0 0.359375 0.7046875 0.0921875 0.1421875
0 0.60390625 0.41875 0.0859375 0.1421875
0 0.3640625 0.42734375 0.0859375 0.134375
0 0.77421875 0.86875 0.0734375 0.125
0 0.7734375 0.6140625 0.0734375 0.128125
0 0.6875 0.2671875 0.090625 0.1375
0 0.69296875 0.41015625 0.090625 0.14375
0 0.52734375 0.14453125 0.08125 0.140625
0 0.440625 0.85625 0.0875 0.15
0 0.36328125 0.559375 0.0875 0.1375
0 0.690625 0.5515625 0.0921875 0.146875
0 0.69375 0.85 0.090625 0.153125
0 0.840625 0.4796875 0.071875 0.1265625
0 0.76484375 0.2296875 0.071875 0.1234375
0 0.83515625 0.23125 0.071875 0.121875
0 0.8296875 0.10859375 0.071875 0.11875
0 0.35546875 0.85625 0.0875 0.1671875
0 0.76015625 0.11015625 0.071875 0.11875
0 0.83828125 0.35546875 0.0734375 0.121875
0 0.85078125 0.86796875 0.08125 0.13125