0 0.78359375 0.20625 0.1796875 0.1
0 0.425 0.571875 0.1625 0.08125
0 0.43515625 0.20546875 0.18125 0.103125
0 0.6109375 0.21484375 0.18125 0.103125
0 0.428125 0.48671875 0.165625 0.08125
0 0.4125 0.81640625 0.15 0.0796875
0 0.60078125 0.31484375 0.175 0.096875
0 0.428125 0.40625 0.16875 0.0890625
0 0.428125 0.30625 0.171875 0.0953125
0 0.571875 0.65859375 0.159375 0.078125
0 0.42109375 0.65625 0.1625 0.08125
0 0.5875 0.50078125 0.159375 0.084375
0 0.7609375 0.4046875 0.171875 0.090625
0 0.59375 0.40859375 0.1671875 0.090625
0 0.578125 0.5765625 0.15625 0.08125
0 0.42265625 0.734375 0.159375 0.0796875
0 0.72109375 0.7265625 0.15625 0.075
0 0.73125 0.6484375 0.159375 0.078125
0 0.7484375 0.484375 0.16875 0.0859375
0 0.56484375 0.8109375 0.1484375 0.0765625
0 0.57109375 0.73359375 0.15625 0.0796875
0 0.73984375 0.5703125 0.1578125 0.08125
0 0.7765625 0.31015625 0.175 0.0921875
0 0.7078125 0.7984375 0.146875 0.075