0 0.49609375 0.74296875 0.075 0.0875
0 0.49609375 0.659375 0.071875 0.084375
0 0.42421875 0.74375 0.075 0.090625
0 0.56640625 0.740625 0.0734375 0.0890625
0 0.69921875 0.56875 0.06875 0.08125
0 0.70390625 0.65234375 0.0703125 0.08125
0 0.64140625 0.740625 0.075 0.0890625
0 0.56484375 0.6578125 0.071875 0.0859375
0 0.70703125 0.7390625 0.0734375 0.0875
0 0.62890625 0.571875 0.0703125 0.0796875
0 0.49453125 0.5734375 0.071875 0.0796875
0 0.63125 0.65625 0.071875 0.0828125
0 0.56328125 0.571875 0.071875 0.0796875
0 0.53046875 0.4953125 0.05625 0.084375
0 0.4734375 0.4953125 0.0609375 0.084375
0 0.42734375 0.659375 0.071875 0.084375
0 0.4265625 0.57421875 0.0703125 0.0765625
0 0.58359375 0.490625 0.0625 0.0875
0 0.64140625 0.49375 0.0640625 0.0890625
0 0.69375 0.48984375 0.065625 0.084375