0 0.28125 0.340625 0.0625 0.21875
0 0.66875 0.34375 0.096875 0.2109375
0 0.4546875 0.34375 0.0609375 0.209375
0 0.50625 0.5640625 0.09375 0.228125
0 0.75859375 0.49921875 0.084375 0.140625
0 0.3359375 0.49140625 0.1 0.0890625
0 0.40078125 0.34140625 0.065625 0.209375
0 0.6859375 0.846875 0.084375 0.109375
0 0.68359375 0.73671875 0.08125 0.11875
0 0.678125 0.565625 0.1 0.221875
0 0.328125 0.8734375 0.1015625 0.103125
0 0.33828125 0.3421875 0.0625 0.2125
0 0.7640625 0.628125 0.08125 0.109375
0 0.58515625 0.5671875 0.09375 0.2234375
0 0.3375 0.57421875 0.096875 0.08125
0 0.58203125 0.34609375 0.09375 0.2203125
0 0.765625 0.73359375 0.084375 0.1109375
0 0.2265625 0.13125 0.0765625 0.11875
0 0.75703125 0.246875 0.0875 0.153125
0 0.3328125 0.159375 0.146875 0.15625
0 0.76953125 0.8453125 0.08125 0.109375
0 0.75546875 0.37578125 0.084375 0.109375
0 0.46796875 0.17109375 0.134375 0.1375
0 0.51640625 0.78984375 0.090625 0.2296875
0 0.8484375 0.6875 0.0875 0.0859375
0 0.8515625 0.7703125 0.0890625 0.0875
0 0.42890625 0.7640625 0.096875 0.109375
0 0.746875 0.121875 0.1265625 0.096875
0 0.57109375 0.1625 0.071875 0.159375
0 0.33125 0.76640625 0.1 0.109375
0 0.42421875 0.51796875 0.078125 0.1265625
0 0.85078125 0.11953125 0.0859375 0.1125
0 0.8453125 0.5984375 0.0890625 0.0875
0 0.4234375 0.646875 0.078125 0.13125
0 0.84375 0.51796875 0.0890625 0.084375
0 0.42734375 0.8703125 0.0984375 0.10625
0 0.6390625 0.15234375 0.075 0.159375
0 0.2390625 0.5046875 0.096875 0.096875
0 0.3375 0.665625 0.0984375 0.09375
0 0.596875 0.7921875 0.09375 0.2328125
0 0.51640625 0.34375 0.059375 0.2125
0 0.8484375 0.23515625 0.090625 0.109375
0 0.2375 0.60625 0.0984375 0.1015625
0 0.853125 0.86328125 0.0875 0.0890625
0 0.23203125 0.85625 0.0984375 0.13125
0 0.846875 0.43125 0.096875 0.090625
0 0.84765625 0.334375 0.0984375 0.096875
0 0.234375 0.71953125 0.1 0.128125
0 0.2109375 0.39375 0.0734375 0.121875
0 0.22109375 0.278125 0.059375 0.1078125