0 0.08515625 0.515625 0.1625 0.3046875
0 0.1015625 0.79140625 0.153125 0.2890625
0 0.228125 0.47734375 0.146875 0.2765625
0 0.36015625 0.4609375 0.125 0.265625
0 0.2453125 0.74140625 0.134375 0.265625
0 0.71796875 0.5984375 0.0734375 0.1890625
0 0.634375 0.6203125 0.078125 0.196875
0 0.459375 0.4375 0.1046875 0.2328125
0 0.359375 0.7 0.11875 0.23125
0 0.4609375 0.67421875 0.1 0.2140625
0 0.5546875 0.6484375 0.0890625 0.20625
0 0.7171875 0.4015625 0.078125 0.209375
0 0.78828125 0.5828125 0.071875 0.1875
0 0.6421875 0.41171875 0.0796875 0.2078125
0 0.56484375 0.42890625 0.0890625 0.225
0 0.86171875 0.571875 0.065625 0.1953125
0 0.87109375 0.37109375 0.06875 0.2
0 0.79453125 0.39453125 0.06875 0.2