0 0.91640625 0.5859375 0.165625 0.0671875
0 0.453125 0.89609375 0.25625 0.121875
0 0.915625 0.659375 0.16875 0.0703125
0 0.9171875 0.80703125 0.165625 0.0765625
0 0.734375 0.275 0.1828125 0.053125
0 0.48828125 0.5609375 0.225 0.1
0 0.91484375 0.271875 0.16875 0.053125
0 0.915625 0.33046875 0.16875 0.0546875
0 0.9140625 0.521875 0.171875 0.0640625
0 0.21171875 0.88359375 0.2421875 0.11875
0 0.91796875 0.72734375 0.1640625 0.0734375
0 0.23046875 0.76484375 0.240625 0.1109375
0 0.7359375 0.22421875 0.1828125 0.0515625
0 0.91328125 0.45 0.1734375 0.0625
0 0.73203125 0.3328125 0.1875 0.053125
0 0.2765625 0.5578125 0.2203125 0.0953125
0 0.91484375 0.221875 0.16875 0.0515625
0 0.471875 0.66171875 0.23125 0.10625
0 0.52265625 0.3046875 0.2 0.084375
0 0.50703125 0.37890625 0.209375 0.0875
0 0.3125 0.37890625 0.20625 0.0828125
0 0.915625 0.38515625 0.16875 0.0578125
0 0.4640625 0.771875 0.246875 0.115625
0 0.321875 0.303125 0.19375 0.08125
0 0.53203125 0.2234375 0.2015625 0.078125
0 0.5046875 0.46875 0.2125 0.090625
0 0.53984375 0.15 0.19375 0.075
0 0.24765625 0.65703125 0.228125 0.103125
0 0.3390625 0.22734375 0.1953125 0.0765625
0 0.72109375 0.51953125 0.203125 0.0609375
0 0.36171875 0.1578125 0.190625 0.071875
0 0.290625 0.46328125 0.20625 0.0875
0 0.725 0.44765625 0.19375 0.059375
0 0.91796875 0.89140625 0.1625 0.08125
0 0.7296875 0.38515625 0.1890625 0.05625
0 0.71875 0.8765625 0.2328125 0.08125
0 0.7203125 0.58046875 0.2078125 0.0640625
0 0.721875 0.79453125 0.21875 0.0734375
0 0.71796875 0.6515625 0.215625 0.0671875
0 0.71875 0.71875 0.21875 0.06875