0 0.82421875 0.196875 0.040625 0.228125
0 0.80546875 0.1921875 0.0390625 0.228125
0 0.7859375 0.1890625 0.0375 0.2265625
0 0.76484375 0.190625 0.0390625 0.23125
0 0.74609375 0.1875 0.034375 0.2296875
0 0.72734375 0.1875 0.034375 0.23125
0 0.70703125 0.1859375 0.034375 0.2265625
0 0.6875 0.18671875 0.034375 0.2328125
0 0.66796875 0.18828125 0.034375 0.228125
0 0.65 0.1890625 0.034375 0.2390625
0 0.63125 0.18359375 0.034375 0.23125
0 0.61171875 0.1828125 0.034375 0.23125
0 0.5921875 0.18515625 0.034375 0.2328125
0 0.57265625 0.1875 0.034375 0.23125
0 0.5515625 0.1875 0.0328125 0.228125
0 0.534375 0.1859375 0.03125 0.2328125
0 0.51328125 0.1875 0.03125 0.228125
0 0.49453125 0.1875 0.0296875 0.228125
0 0.475 0.190625 0.028125 0.2375
0 0.45703125 0.1859375 0.028125 0.2296875
0 0.4375 0.18828125 0.028125 0.2359375
0 0.41796875 0.18515625 0.028125 0.234375
0 0.4 0.1875 0.025 0.23125
0 0.38046875 0.19140625 0.025 0.228125
0 0.36015625 0.1875 0.025 0.23125
0 0.3421875 0.18203125 0.025 0.2328125
0 0.321875 0.1828125 0.0234375 0.23125
0 0.303125 0.1875 0.021875 0.2359375
0 0.28359375 0.1828125 0.0234375 0.2359375
0 0.2625 0.1796875 0.025 0.234375
0 0.2421875 0.1828125 0.025 0.234375
0 0.221875 0.18046875 0.0234375 0.2359375
0 0.20390625 0.18046875 0.028125 0.240625
0 0.1828125 0.178125 0.025 0.23125
0 0.16484375 0.18046875 0.03125 0.240625
0 0.1453125 0.18515625 0.0328125 0.2375
0 0.128125 0.18125 0.034375 0.234375
0 0.109375 0.18125 0.03125 0.234375
0 0.08984375 0.1828125 0.0328125 0.234375
0 0.8078125 0.4171875 0.0421875 0.2125
0 0.7890625 0.4140625 0.0375 0.2125
0 0.771875 0.41875 0.040625 0.2140625
0 0.753125 0.41328125 0.040625 0.2109375
0 0.715625 0.41171875 0.0390625 0.2140625
0 0.69765625 0.41015625 0.0375 0.2125
0 0.678125 0.4125 0.0359375 0.215625
0 0.66015625 0.4078125 0.034375 0.215625
0 0.640625 0.4109375 0.0328125 0.21875
0 0.62109375 0.41640625 0.034375 0.2171875
0 0.60390625 0.41015625 0.034375 0.2171875
0 0.5859375 0.40625 0.0328125 0.215625
0 0.56640625 0.4125 0.0296875 0.215625
0 0.54921875 0.409375 0.03125 0.2125
0 0.5296875 0.4078125 0.028125 0.2125
0 0.5109375 0.40546875 0.028125 0.2140625
0 0.49140625 0.40859375 0.028125 0.215625
0 0.4734375 0.4109375 0.025 0.2140625
0 0.45546875 0.4125 0.025 0.215625
0 0.4375 0.4109375 0.025 0.2125
0 0.41875 0.41015625 0.025 0.2171875
0 0.4015625 0.41484375 0.025 0.2125
0 0.38203125 0.4140625 0.025 0.2171875
0 0.36328125 0.4171875 0.0265625 0.2203125
0 0.34453125 0.40625 0.025 0.2203125
0 0.32421875 0.41015625 0.025 0.221875
0 0.3046875 0.409375 0.025 0.21875
0 0.28515625 0.4109375 0.025 0.221875
0 0.26640625 0.4078125 0.021875 0.2234375
0 0.24609375 0.40703125 0.0234375 0.221875
0 0.22734375 0.40625 0.0234375 0.21875
0 0.209375 0.4046875 0.021875 0.221875
0 0.19140625 0.41171875 0.025 0.21875
0 0.171875 0.40859375 0.0265625 0.221875
0 0.15546875 0.40546875 0.028125 0.215625
0 0.1375 0.40546875 0.028125 0.215625
0 0.11796875 0.4078125 0.0296875 0.21875
0 0.10234375 0.403125 0.034375 0.215625
0 0.78515625 0.62578125 0.0375 0.2
0 0.76640625 0.625 0.034375 0.2
0 0.74765625 0.625 0.034375 0.2
0 0.7296875 0.62109375 0.0328125 0.203125
0 0.7109375 0.6234375 0.03125 0.203125
0 0.69296875 0.62109375 0.03125 0.2
0 0.67578125 0.61953125 0.0296875 0.203125
0 0.65703125 0.6265625 0.0296875 0.2015625
0 0.6390625 0.6203125 0.03125 0.2
0 0.6203125 0.6234375 0.03125 0.203125
0 0.6015625 0.628125 0.0328125 0.2
0 0.584375 0.6234375 0.03125 0.2
0 0.565625 0.6234375 0.03125 0.2015625
0 0.54765625 0.6203125 0.0296875 0.203125
0 0.5296875 0.61640625 0.028125 0.203125
0 0.51171875 0.62109375 0.028125 0.203125
0 0.49375 0.615625 0.028125 0.203125
0 0.4765625 0.6171875 0.028125 0.203125
0 0.46015625 0.62265625 0.025 0.203125
0 0.4421875 0.62265625 0.025 0.20625
0 0.4234375 0.61953125 0.025 0.20625
0 0.40625 0.62421875 0.025 0.20625
0 0.3875 0.6265625 0.025 0.2109375
0 0.36796875 0.63046875 0.0265625 0.2109375
0 0.3484375 0.63203125 0.025 0.209375
0 0.3296875 0.62890625 0.021875 0.215625
0 0.31015625 0.628125 0.021875 0.2140625
0 0.28984375 0.62734375 0.021875 0.2109375
0 0.271875 0.62421875 0.025 0.2109375
0 0.25390625 0.6265625 0.025 0.209375
0 0.23515625 0.62109375 0.025 0.209375
0 0.21875 0.61953125 0.021875 0.209375
0 0.2015625 0.625 0.021875 0.209375
0 0.18359375 0.621875 0.028125 0.2046875
0 0.165625 0.62109375 0.028125 0.209375
0 0.14765625 0.61875 0.028125 0.2109375
0 0.1296875 0.615625 0.028125 0.209375
0 0.1109375 0.61796875 0.03125 0.2078125
0 0.77578125 0.82421875 0.03125 0.1921875
0 0.759375 0.82265625 0.03125 0.1953125
0 0.74140625 0.82265625 0.03125 0.196875
0 0.72421875 0.81953125 0.03125 0.19375
0 0.70390625 0.8203125 0.03125 0.19375
0 0.68671875 0.821875 0.028125 0.19375
0 0.66953125 0.82265625 0.028125 0.19375
0 0.65234375 0.82734375 0.028125 0.190625
0 0.6359375 0.8203125 0.0265625 0.196875
0 0.61796875 0.81875 0.0265625 0.196875
0 0.6 0.83125 0.028125 0.2
0 0.5828125 0.825 0.028125 0.196875
0 0.565625 0.82734375 0.0265625 0.2
0 0.54765625 0.82421875 0.0265625 0.203125
0 0.5296875 0.82578125 0.025 0.2
0 0.5125 0.82265625 0.025 0.203125
0 0.49453125 0.82421875 0.025 0.2
0 0.4765625 0.828125 0.025 0.2015625
0 0.4578125 0.825 0.025 0.203125
0 0.43984375 0.825 0.0265625 0.20625
0 0.42265625 0.82421875 0.025 0.209375
0 0.4046875 0.8328125 0.025 0.2109375
0 0.3859375 0.83203125 0.025 0.20625
0 0.36640625 0.84609375 0.0234375 0.20625
0 0.34765625 0.8421875 0.0234375 0.20625
0 0.328125 0.84140625 0.021875 0.20625
0 0.309375 0.83828125 0.021875 0.20625
0 0.29140625 0.83984375 0.021875 0.20625
0 0.27265625 0.8375 0.021875 0.203125
0 0.25390625 0.83828125 0.021875 0.20625
0 0.2375 0.83203125 0.021875 0.2
0 0.221875 0.828125 0.021875 0.2
0 0.6453125 0.94296875 0.15625 0.0296875
0 0.4921875 0.9515625 0.1546875 0.0328125
0 0.340625 0.9515625 0.153125 0.028125
0 0.18828125 0.946875 0.153125 0.0296875