0 0.30625 0.203125 0.071875 0.11328125
0 0.89765625 0.54140625 0.10234375 0.1234375
0 0.4484375 0.30625 0.0765625 0.1125
0 0.88671875 0.65703125 0.10234375 0.125
0 0.62578125 0.1828125 0.08515625 0.12421875
0 0.6109375 0.3015625 0.0875 0.12109375
0 0.77890625 0.75625 0.08984375 0.11953125
0 0.2328125 0.20625 0.071875 0.109375
0 0.809375 0.16796875 0.09921875 0.13203125
0 0.79453125 0.534375 0.09375 0.11796875
0 0.37109375 0.30859375 0.07265625 0.10859375
0 0.70078125 0.29921875 0.09296875 0.12265625
0 0.53359375 0.3046875 0.0796875 0.115625
0 0.59921875 0.73671875 0.08046875 0.11015625
0 0.30390625 0.31171875 0.07109375 0.103125
0 0.71484375 0.17890625 0.09375 0.1265625
0 0.90546875 0.29375 0.10703125 0.13046875
0 0.37734375 0.1984375 0.07421875 0.115625
0 0.69921875 0.52890625 0.08828125 0.1140625
0 0.22734375 0.31328125 0.06953125 0.10234375
0 0.228125 0.4140625 0.06953125 0.09921875
0 0.90703125 0.41328125 0.10234375 0.1265625
0 0.7015625 0.4140625 0.0921875 0.11875
0 0.37265625 0.51640625 0.07109375 0.1015625
0 0.91953125 0.15703125 0.10859375 0.1375
0 0.37109375 0.7140625 0.06953125 0.10078125
0 0.8015625 0.29921875 0.0984375 0.125
0 0.30703125 0.51484375 0.06875 0.09921875
0 0.1640625 0.5109375 0.065625 0.09609375
0 0.61015625 0.5296875 0.0859375 0.11015625
0 0.23515625 0.5125 0.06875 0.09765625
0 0.53125 0.41640625 0.078125 0.10859375
0 0.7859375 0.64765625 0.09296875 0.1203125
0 0.69609375 0.63984375 0.0859375 0.11171875
0 0.68515625 0.85703125 0.08359375 0.1171875
0 0.3015625 0.41484375 0.0734375 0.1015625
0 0.3734375 0.615625 0.07109375 0.09921875
0 0.68984375 0.74921875 0.08515625 0.1140625
0 0.60546875 0.63125 0.08203125 0.11015625
0 0.5421875 0.1859375 0.08203125 0.1203125
0 0.4484375 0.7203125 0.071875 0.10546875
0 0.30625 0.61171875 0.06796875 0.096875
0 0.45 0.61875 0.07265625 0.103125
0 0.1546875 0.31328125 0.06875 0.10078125
0 0.88203125 0.77265625 0.096875 0.121875
0 0.80703125 0.41875 0.1015625 0.12109375
0 0.6125 0.4203125 0.08359375 0.1140625
0 0.15625 0.41328125 0.06796875 0.0984375
0 0.45 0.5203125 0.07421875 0.09765625
0 0.45546875 0.19140625 0.07578125 0.11875
0 0.1609375 0.21015625 0.06953125 0.1046875
0 0.8703125 0.8765625 0.09609375 0.11796875
0 0.1703125 0.59921875 0.06640625 0.09609375
0 0.09453125 0.2140625 0.0703125 0.10546875
0 0.23671875 0.60234375 0.0671875 0.09609375
0 0.36953125 0.41640625 0.0734375 0.10625
0 0.09453125 0.3140625 0.06328125 0.10078125
0 0.52734375 0.5234375 0.0765625 0.1109375
0 0.77421875 0.865625 0.08828125 0.1203125
0 0.10234375 0.5046875 0.0640625 0.09609375
0 0.16796875 0.6890625 0.0625 0.09375
0 0.10703125 0.68515625 0.06328125 0.0921875
0 0.5234375 0.72890625 0.075 0.1125
0 0.103125 0.59921875 0.06484375 0.09609375
0 0.59765625 0.84375 0.08046875 0.1125
0 0.5265625 0.628125 0.0765625 0.109375
0 0.309375 0.703125 0.06953125 0.1
0 0.4453125 0.81875 0.071875 0.10234375
0 0.23828125 0.69609375 0.06796875 0.0953125
0 0.0984375 0.41328125 0.0609375 0.09609375
0 0.52265625 0.82890625 0.07421875 0.11015625
0 0.37578125 0.809375 0.06953125 0.10390625
0 0.2421875 0.7875 0.065625 0.096875
0 0.3109375 0.79609375 0.0671875 0.0984375
0 0.17265625 0.7859375 0.0625 0.09375
0 0.45 0.41953125 0.075 0.1140625
0 0.11328125 0.7765625 0.06171875 0.09140625