0 0.52265625 0.1734375 0.109375 0.175
0 0.6171875 0.33359375 0.109375 0.146875
0 0.33984375 0.74765625 0.090625 0.115625
0 0.6234375 0.17109375 0.125 0.178125
0 0.609375 0.603125 0.1 0.128125
0 0.3359375 0.50546875 0.0890625 0.125
0 0.61015625 0.47265625 0.103125 0.134375
0 0.51953125 0.33046875 0.103125 0.1453125
0 0.51015625 0.471875 0.096875 0.134375
0 0.4234375 0.23359375 0.096875 0.140625
0 0.1609375 0.7140625 0.1 0.1328125
0 0.33671875 0.62109375 0.0890625 0.1171875
0 0.4234375 0.8578125 0.084375 0.109375
0 0.4234375 0.371875 0.09375 0.128125
0 0.70703125 0.60234375 0.103125 0.128125
0 0.7265625 0.31015625 0.1125 0.14375
0 0.165625 0.8484375 0.096875 0.1296875
0 0.509375 0.734375 0.0984375 0.125
0 0.51875 0.59921875 0.096875 0.1296875
0 0.14765625 0.4359375 0.1046875 0.15
0 0.69140625 0.8484375 0.09375 0.11875
0 0.3375 0.8578125 0.0875 0.109375
0 0.2328125 0.2390625 0.0984375 0.1375
0 0.60390625 0.72578125 0.096875 0.121875
0 0.15234375 0.57890625 0.103125 0.14375
0 0.33203125 0.36875 0.096875 0.13125
0 0.425 0.7484375 0.084375 0.1125
0 0.1375 0.2921875 0.1015625 0.140625
0 0.425 0.62734375 0.09375 0.134375
0 0.42421875 0.5015625 0.090625 0.1234375
0 0.5109375 0.85 0.09375 0.11875
0 0.69765625 0.72734375 0.103125 0.1234375
0 0.328125 0.23515625 0.096875 0.14375
0 0.728125 0.16640625 0.125 0.153125
0 0.603125 0.84609375 0.0953125 0.121875
0 0.68671875 0.4671875 0.059375 0.15
0 0.42578125 0.121875 0.1 0.084375
0 0.12734375 0.13359375 0.109375 0.1453125
0 0.32734375 0.1171875 0.1046875 0.0875
0 0.2453125 0.50625 0.1 0.128125
0 0.228125 0.1171875 0.103125 0.090625
0 0.25859375 0.85625 0.084375 0.1109375
0 0.25078125 0.6296875 0.096875 0.128125
0 0.240625 0.37734375 0.10625 0.140625
0 0.7515625 0.4703125 0.065625 0.15
0 0.253125 0.74453125 0.09375 0.1171875