0 0.1734375 0.47734375 0.17421875 0.10859375
0 0.33359375 0.3828125 0.14609375 0.11015625
0 0.74765625 0.66015625 0.11484375 0.090625
0 0.17109375 0.3765625 0.17734375 0.125
0 0.603125 0.390625 0.128125 0.1
0 0.50546875 0.6640625 0.12421875 0.0890625
0 0.47265625 0.38984375 0.134375 0.10234375
0 0.33046875 0.48046875 0.1453125 0.10390625
0 0.471875 0.48984375 0.13515625 0.096875
0 0.23359375 0.5765625 0.140625 0.096875
0 0.7140625 0.8390625 0.1328125 0.09921875
0 0.62109375 0.66328125 0.1171875 0.0890625
0 0.8578125 0.5765625 0.109375 0.084375
0 0.371875 0.5765625 0.128125 0.09453125
0 0.60234375 0.29296875 0.12734375 0.10390625
0 0.31015625 0.2734375 0.14453125 0.11328125
0 0.8484375 0.834375 0.1296875 0.096875
0 0.734375 0.490625 0.125 0.0984375
0 0.59921875 0.48125 0.1296875 0.09765625
0 0.4359375 0.85234375 0.15078125 0.1046875
0 0.8484375 0.30859375 0.11796875 0.09453125
0 0.8578125 0.6625 0.109375 0.08671875
0 0.2390625 0.7671875 0.13828125 0.0984375
0 0.72578125 0.39609375 0.12265625 0.09765625
0 0.57890625 0.84765625 0.14296875 0.10234375
0 0.36875 0.66796875 0.13203125 0.096875
0 0.7484375 0.575 0.11171875 0.08515625
0 0.2921875 0.8625 0.13984375 0.1015625
0 0.62734375 0.575 0.13515625 0.09453125
0 0.5015625 0.57578125 0.1234375 0.09140625
0 0.85 0.4890625 0.11875 0.09453125
0 0.72734375 0.30234375 0.1234375 0.10234375
0 0.23515625 0.671875 0.14296875 0.09609375
0 0.16640625 0.271875 0.15234375 0.125
0 0.84609375 0.396875 0.12109375 0.0953125
0 0.4671875 0.31328125 0.14921875 0.06015625
0 0.121875 0.57421875 0.08359375 0.1
0 0.13359375 0.87265625 0.1453125 0.109375
0 0.1171875 0.67265625 0.0875 0.1046875
0 0.50625 0.7546875 0.12890625 0.10078125
0 0.1171875 0.771875 0.08984375 0.103125
0 0.85625 0.74140625 0.1109375 0.084375
0 0.6296875 0.74921875 0.128125 0.096875
0 0.37734375 0.759375 0.13984375 0.10625
0 0.4703125 0.2484375 0.14921875 0.06640625
0 0.74453125 0.746875 0.11796875 0.09453125