0 0.4359375 0.10390625 0.146875 0.128125
0 0.8390625 0.38359375 0.140625 0.1109375
0 0.68828125 0.6671875 0.13125 0.096875
0 0.29296875 0.28046875 0.140625 0.0875
0 0.86171875 0.2515625 0.153125 0.153125
0 0.7015625 0.46796875 0.134375 0.103125
0 0.70703125 0.36875 0.140625 0.109375
0 0.5765625 0.20703125 0.14375 0.1203125
0 0.5625 0.7234375 0.128125 0.090625
0 0.56875 0.42890625 0.134375 0.103125
0 0.8296875 0.4890625 0.1390625 0.1046875
0 0.28984375 0.1875 0.140625 0.09375
0 0.30859375 0.53046875 0.13125 0.078125
0 0.31015625 0.60390625 0.128125 0.0765625
0 0.56796875 0.53125 0.13125 0.096875
0 0.67578125 0.8828125 0.128125 0.140625
0 0.31875 0.896875 0.121875 0.06875
0 0.4328125 0.89921875 0.121875 0.084375
0 0.565625 0.6265625 0.125 0.09375
0 0.6921875 0.5703125 0.134375 0.096875
0 0.68046875 0.76640625 0.128125 0.0953125
0 0.57890625 0.09375 0.15 0.109375
0 0.821875 0.57578125 0.1296875 0.08125
0 0.440625 0.61640625 0.128125 0.08125
0 0.43671875 0.72109375 0.125 0.0875
0 0.55234375 0.90234375 0.1234375 0.084375
0 0.8078125 0.790625 0.134375 0.1515625
0 0.72421875 0.11328125 0.15 0.1296875
0 0.3109375 0.68125 0.128125 0.0734375
0 0.55859375 0.8125 0.125 0.090625
0 0.81640625 0.66875 0.134375 0.096875
0 0.29140625 0.0859375 0.15 0.103125
0 0.3125 0.76015625 0.125 0.0765625
0 0.440625 0.8078125 0.125 0.0890625
0 0.71640625 0.2421875 0.14375 0.11875
0 0.79375 0.91328125 0.128125 0.090625
0 0.31875 0.82890625 0.121875 0.065625
0 0.87421875 0.1140625 0.1546875 0.121875
0 0.43671875 0.53125 0.1296875 0.08125
0 0.44140625 0.43828125 0.134375 0.1015625
0 0.30859375 0.36875 0.1375 0.084375
0 0.575 0.32109375 0.1359375 0.10625
0 0.3109375 0.44921875 0.1359375 0.0796875
0 0.196875 0.3328125 0.0734375 0.184375
0 0.22265625 0.85546875 0.059375 0.153125
0 0.21875 0.69375 0.0625 0.153125
0 0.43828125 0.278125 0.14375 0.21875
0 0.43515625 0.21796875 0.1453125 0.103125
0 0.21015625 0.52421875 0.0703125 0.165625
0 0.190625 0.13828125 0.075 0.19375