0 0.37265625 0.31875 0.0625 0.059375
0 0.5125 0.653125 0.078125 0.0984375
0 0.4359375 0.6578125 0.078125 0.09765625
0 0.590625 0.653125 0.07734375 0.0953125
0 0.49296875 0.32109375 0.06015625 0.059375
0 0.23984375 0.37578125 0.065625 0.06640625
0 0.72734375 0.4890625 0.071875 0.0765625
0 0.92421875 0.41640625 0.07265625 0.06796875
0 0.18203125 0.2484375 0.065625 0.0609375
0 0.58671875 0.56484375 0.07578125 0.08359375
0 0.303125 0.3796875 0.06484375 0.06328125
0 0.74140625 0.65078125 0.07734375 0.0921875
0 0.65078125 0.4109375 0.07265625 0.071875
0 0.43203125 0.85 0.0859375 0.1078125
0 0.1 0.44140625 0.075 0.0671875
0 0.5828125 0.4890625 0.071875 0.07578125
0 0.6640625 0.5671875 0.075 0.07890625
0 0.66796875 0.65234375 0.0796875 0.09296875
0 0.590625 0.7453125 0.08046875 0.10078125
0 0.31015625 0.31953125 0.0625 0.06328125
0 0.36796875 0.3796875 0.06484375 0.06171875
0 0.17578125 0.375 0.06796875 0.0625
0 0.115625 0.24453125 0.0671875 0.06171875
0 0.9734375 0.828125 0.053125 0.09765625
0 0.4328125 0.44609375 0.0640625 0.0625
0 0.3 0.5140625 0.06953125 0.06484375
0 0.365625 0.44609375 0.06640625 0.06796875
0 0.51015625 0.56171875 0.0765625 0.08515625
0 0.234375 0.4453125 0.06796875 0.06640625
0 0.4390625 0.56953125 0.0765625 0.07890625
0 0.30390625 0.446875 0.06640625 0.0671875
0 0.10703125 0.371875 0.0703125 0.065625
0 0.08671875 0.75703125 0.1015625 0.1125
0 0.434375 0.31953125 0.0625 0.0609375
0 0.82109375 0.73984375 0.0859375 0.09140625
0 0.5140625 0.846875 0.08359375 0.10859375
0 0.17734375 0.3125 0.06875 0.0625
0 0.66796875 0.7421875 0.08125 0.09453125
0 0.34453125 0.853125 0.0875 0.10859375
0 0.0921875 0.51015625 0.0734375 0.07265625
0 0.65625 0.49140625 0.07265625 0.07890625
0 0.7390625 0.56796875 0.0734375 0.07734375
0 0.43515625 0.37890625 0.0640625 0.0640625
0 0.5125 0.7484375 0.08203125 0.10546875
0 0.4359375 0.503125 0.065625 0.0453125
0 0.24453125 0.315625 0.06484375 0.06171875
0 0.4328125 0.75078125 0.084375 0.10390625
0 0.54609375 0.26484375 0.0578125 0.0578125
0 0.7203125 0.4140625 0.07109375 0.0734375
0 0.9171875 0.8328125 0.09140625 0.0953125
0 0.83828125 0.8359375 0.0921875 0.103125
0 0.16875 0.4390625 0.06953125 0.06484375
0 0.86640625 0.48828125 0.07265625 0.075
0 0.490625 0.38125 0.06171875 0.06328125
0 0.7953125 0.4890625 0.071875 0.07578125
0 0.159375 0.50859375 0.0734375 0.07578125
0 0.74375 0.73984375 0.0796875 0.09609375
0 0.55390625 0.3234375 0.059375 0.0609375
0 0.36640625 0.5140625 0.06640625 0.05546875
0 0.23359375 0.51796875 0.06953125 0.071875
0 0.76015625 0.8390625 0.08828125 0.10546875
0 0.16875 0.8578125 0.09140625 0.1078125
0 0.8140625 0.6515625 0.075 0.09375
0 0.85625 0.4171875 0.0703125 0.07109375
0 0.3625 0.578125 0.06640625 0.0640625
0 0.9328125 0.49375 0.07421875 0.07578125
0 0.484375 0.2609375 0.05703125 0.059375
0 0.3671875 0.25625 0.06015625 0.06015625
0 0.10859375 0.303125 0.06875 0.065625
0 0.34921875 0.75234375 0.08828125 0.10390625
0 0.60234375 0.84296875 0.0875 0.10390625
0 0.8078125 0.5703125 0.07421875 0.0765625
0 0.2484375 0.253125 0.0640625 0.06171875
0 0.0359375 0.659375 0.071875 0.1
0 0.2671875 0.7546875 0.084375 0.10625
0 0.15390625 0.58203125 0.07265625 0.0640625
0 0.9640625 0.73515625 0.07109375 0.0984375
0 0.225 0.578125 0.07265625 0.06015625
0 0.89609375 0.7375 0.084375 0.09296875
0 0.6 0.2640625 0.05859375 0.0546875
0 0.2984375 0.5796875 0.07109375 0.059375
0 0.02578125 0.75625 0.0515625 0.109375
0 0.87890625 0.56875 0.071875 0.0734375
0 0.1828125 0.75703125 0.0953125 0.109375
0 0.1078125 0.659375 0.0828125 0.09921875
0 0.88828125 0.6484375 0.07734375 0.09140625
0 0.9453125 0.56875 0.07421875 0.07109375
0 0.678125 0.84140625 0.08671875 0.10546875
0 0.83984375 0.32734375 0.0609375 0.05546875
0 0.43125 0.26171875 0.059375 0.0546875
0 0.2734375 0.6578125 0.0796875 0.096875
0 0.66953125 0.32890625 0.059375 0.0703125
0 0.78515625 0.41640625 0.06875 0.07265625
0 0.2578125 0.8546875 0.09296875 0.10703125
0 0.77109375 0.2671875 0.0578125 0.059375
0 0.57421875 0.40859375 0.078125 0.07109375
0 0.3109375 0.25390625 0.0609375 0.0609375
0 0.3546875 0.65703125 0.078125 0.08984375
0 0.49140625 0.44609375 0.06171875 0.06328125
0 0.83125 0.26953125 0.05859375 0.059375
0 0.08359375 0.58203125 0.07421875 0.06484375
0 0.72421875 0.32890625 0.05859375 0.06875
0 0.35390625 0.6875 0.08125 0.03125
0 0.60703125 0.3234375 0.059375 0.059375
0 0.95625 0.64765625 0.0796875 0.09140625
0 0.08203125 0.85703125 0.09453125 0.10625
0 0.71953125 0.26640625 0.05546875 0.05703125
0 0.78359375 0.32890625 0.0578125 0.05859375
0 0.6609375 0.25859375 0.06328125 0.06171875
0 0.496875 0.5 0.06171875 0.046875
0 0.190625 0.6578125 0.08828125 0.0953125
0 0.021875 0.8578125 0.04375 0.1046875