0 0.84453125 0.4546875 0.12421875 0.30859375
0 0.33828125 0.684375 0.09453125 0.25546875
0 0.8421875 0.75625 0.12265625 0.30859375
0 0.33515625 0.4234375 0.09140625 0.26484375
0 0.43203125 0.69375 0.09453125 0.26796875
0 0.72421875 0.453125 0.1109375 0.303125
0 0.2515625 0.67421875 0.0921875 0.2578125
0 0.71875 0.74140625 0.109375 0.30546875
0 0.1734375 0.66796875 0.0890625 0.25234375
0 0.4328125 0.42890625 0.09453125 0.2703125
0 0.6140625 0.73203125 0.1046875 0.29140625
0 0.62578125 0.44296875 0.103125 0.290625
0 0.521875 0.7078125 0.09765625 0.275
0 0.08125 0.653125 0.08671875 0.253125
0 0.1734375 0.4171875 0.08984375 0.2546875
0 0.253125 0.42265625 0.09453125 0.26015625
0 0.07890625 0.4125 0.09375 0.253125
0 0.525 0.4375 0.09453125 0.27578125