0 0.35234375 0.2875 0.175 0.059375
0 0.17265625 0.28515625 0.175 0.059375
0 0.540625 0.2109375 0.1984375 0.09375
0 0.53203125 0.46328125 0.175 0.075
0 0.52734375 0.678125 0.16875 0.06875
0 0.1765625 0.3421875 0.178125 0.05625
0 0.5359375 0.3890625 0.184375 0.08125
0 0.70625 0.540625 0.171875 0.071875
0 0.52890625 0.61484375 0.16875 0.0703125
0 0.5265625 0.53984375 0.171875 0.071875
0 0.5359375 0.30703125 0.19375 0.0875
0 0.18203125 0.40390625 0.171875 0.0546875
0 0.721875 0.30390625 0.184375 0.0875
0 0.1875 0.45625 0.1703125 0.053125
0 0.7140625 0.38515625 0.184375 0.08125
0 0.7359375 0.2125 0.190625 0.0921875
0 0.35703125 0.4046875 0.165625 0.053125
0 0.0515625 0.453125 0.103125 0.053125
0 0.525 0.74609375 0.16875 0.06875
0 0.684375 0.7421875 0.1625 0.0671875
0 0.35078125 0.21875 0.1765625 0.065625
0 0.3578125 0.45625 0.1625 0.053125
0 0.353125 0.3421875 0.16875 0.0578125
0 0.52421875 0.80625 0.165625 0.0625
0 0.70234375 0.6140625 0.171875 0.0703125
0 0.70703125 0.4625 0.178125 0.0765625
0 0.20390625 0.71328125 0.15625 0.0484375
0 0.16796875 0.21875 0.178125 0.0625
0 0.1921875 0.51171875 0.165625 0.05
0 0.69375 0.67578125 0.165625 0.065625
0 0.67890625 0.8046875 0.159375 0.065625
0 0.0390625 0.2171875 0.078125 0.065625
0 0.06171875 0.61328125 0.11875 0.0484375
0 0.0484375 0.4015625 0.096875 0.05625
0 0.1984375 0.55859375 0.16875 0.05
0 0.36171875 0.75625 0.15 0.0453125
0 0.0546875 0.56015625 0.109375 0.05
0 0.35859375 0.51015625 0.1625 0.0515625
0 0.06484375 0.65859375 0.125 0.046875
0 0.04140625 0.2765625 0.08125 0.0578125
0 0.20234375 0.6140625 0.1640625 0.0515625
0 0.06796875 0.70546875 0.13125 0.0484375
0 0.0453125 0.3390625 0.0890625 0.0578125
0 0.05546875 0.51015625 0.109375 0.053125
0 0.3609375 0.5609375 0.159375 0.05
0 0.2046875 0.66171875 0.1609375 0.05
0 0.3625 0.65703125 0.153125 0.05
0 0.359375 0.70390625 0.153125 0.0484375
0 0.20703125 0.75703125 0.153125 0.0453125
0 0.3640625 0.6125 0.153125 0.0484375
0 0.06484375 0.75859375 0.1296875 0.0453125