0 0.33203125 0.3203125 0.09609375 0.1265625
0 0.26171875 0.90703125 0.09921875 0.12265625
0 0.1390625 0.56328125 0.11484375 0.1296875
0 0.2453125 0.559375 0.10390625 0.12109375
0 0.24609375 0.678125 0.1015625 0.125
0 0.13984375 0.6859375 0.1140625 0.13046875
0 0.428125 0.325 0.08828125 0.121875
0 0.23671875 0.440625 0.10703125 0.12734375
0 0.11640625 0.30703125 0.121875 0.13984375
0 0.51328125 0.65625 0.08203125 0.11171875
0 0.35078125 0.78203125 0.0921875 0.121875
0 0.4359375 0.771875 0.08671875 0.121875
0 0.2296875 0.315625 0.11015625 0.13203125
0 0.48984375 0.23828125 0.14609375 0.07734375
0 0.33984375 0.55234375 0.09140625 0.1171875
0 0.51640625 0.3296875 0.08359375 0.11640625
0 0.34921875 0.89296875 0.09140625 0.1203125
0 0.5234375 0.76328125 0.0796875 0.1125
0 0.33359375 0.21953125 0.17421875 0.090625
0 0.42890625 0.4453125 0.0859375 0.11796875
0 0.3421875 0.67265625 0.09375 0.12109375
0 0.74453125 0.7296875 0.06796875 0.1
0 0.1296875 0.43828125 0.11796875 0.13203125
0 0.33203125 0.4421875 0.0953125 0.11953125
0 0.5859375 0.44375 0.07578125 0.10859375
0 0.74453125 0.63671875 0.07109375 0.0984375
0 0.6609375 0.4421875 0.071875 0.10234375
0 0.67109375 0.73828125 0.0734375 0.109375
0 0.73359375 0.44453125 0.06875 0.1
0 0.52265625 0.8671875 0.0828125 0.11640625
0 0.43046875 0.55078125 0.0875 0.1125
0 0.63203125 0.25390625 0.1328125 0.07421875
0 0.4375 0.8765625 0.08671875 0.11875
0 0.50625 0.4421875 0.08203125 0.1125
0 0.43125 0.66171875 0.08671875 0.11328125
0 0.509375 0.55 0.08359375 0.1109375
0 0.67734375 0.8390625 0.0734375 0.11171875
0 0.5953125 0.7546875 0.0765625 0.11328125
0 0.590625 0.33984375 0.07265625 0.11171875
0 0.25625 0.79296875 0.09765625 0.125
0 0.74921875 0.825 0.06640625 0.10390625
0 0.73671875 0.54296875 0.06640625 0.10078125
0 0.73125 0.34375 0.0671875 0.10234375
0 0.66796875 0.64296875 0.07265625 0.103125
0 0.66640625 0.340625 0.0703125 0.1046875
0 0.6625 0.54453125 0.07265625 0.1046875
0 0.91171875 0.44140625 0.05546875 0.0875
0 0.5921875 0.5484375 0.075 0.10625
0 0.79609375 0.53984375 0.0609375 0.09453125
0 0.7984375 0.3484375 0.059375 0.0984375
0 0.5921875 0.6515625 0.07421875 0.10703125
0 0.865625 0.7140625 0.0640625 0.1015625
0 0.14609375 0.8109375 0.11328125 0.12734375
0 0.87109375 0.62578125 0.05703125 0.0921875
0 0.85546875 0.44453125 0.05859375 0.0921875
0 0.15234375 0.9234375 0.1109375 0.12109375
0 0.9171875 0.534375 0.059375 0.090625
0 0.5984375 0.85234375 0.08125 0.11328125
0 0.7953125 0.44140625 0.0609375 0.0953125
0 0.7921875 0.271875 0.11484375 0.0703125
0 0.91484375 0.3546875 0.0546875 0.09140625
0 0.80859375 0.63359375 0.06328125 0.09375
0 0.92265625 0.621875 0.05390625 0.090625
0 0.859375 0.35078125 0.05859375 0.09609375
0 0.86171875 0.5375 0.05859375 0.09296875
0 0.80625 0.725 0.065625 0.09453125
0 0.921875 0.70546875 0.0546875 0.0890625
0 0.80703125 0.8140625 0.06640625 0.10078125
0 0.15234375 0.20546875 0.19453125 0.09609375
0 0.86953125 0.79765625 0.05625 0.10078125
0 0.92265625 0.78671875 0.053125 0.0921875
0 0.89453125 0.278125 0.10703125 0.0671875