0 0.6203125 0.61015625 0.1171875 0.11875
0 0.50625 0.35078125 0.10625 0.08125
0 0.39921875 0.36328125 0.109375 0.109375
0 0.29296875 0.25859375 0.1109375 0.103125
0 0.5109375 0.8390625 0.121875 0.084375
0 0.6125 0.41796875 0.1109375 0.1109375
0 0.62421875 0.73671875 0.121875 0.125
0 0.74140625 0.8390625 0.115625 0.078125
0 0.16953125 0.50234375 0.1203125 0.1140625
0 0.74140625 0.7609375 0.1203125 0.078125
0 0.50703125 0.52421875 0.1125 0.090625
0 0.40390625 0.16015625 0.1046875 0.096875
0 0.2921875 0.3609375 0.1140625 0.10625
0 0.61484375 0.51484375 0.1140625 0.0875
0 0.153125 0.76015625 0.121875 0.08125
0 0.6296875 0.8390625 0.121875 0.08125
0 0.50859375 0.2625 0.10625 0.103125
0 0.61171875 0.3078125 0.109375 0.10625
0 0.7125 0.1609375 0.1046875 0.1015625
0 0.60859375 0.1453125 0.10625 0.0625
0 0.7375 0.68125 0.121875 0.078125
0 0.4 0.48203125 0.1125 0.1125
0 0.3921875 0.59609375 0.11875 0.1203125
0 0.4046875 0.25859375 0.1078125 0.1046875
0 0.73359375 0.58359375 0.121875 0.1140625
0 0.1890625 0.20625 0.109375 0.065625
0 0.29921875 0.1609375 0.1078125 0.1015625
0 0.3921875 0.8421875 0.125 0.0875
0 0.509375 0.72265625 0.11875 0.128125
0 0.1515625 0.84765625 0.1234375 0.084375
0 0.39296875 0.728125 0.125 0.13125
0 0.50390625 0.159375 0.103125 0.08125
0 0.509375 0.4375 0.1078125 0.0828125
0 0.16015625 0.67578125 0.121875 0.0796875
0 0.60859375 0.21796875 0.10625 0.0671875
0 0.178125 0.40703125 0.11875 0.0703125
0 0.284375 0.47421875 0.1203125 0.1125
0 0.71015625 0.2703125 0.10625 0.103125
0 0.19140625 0.13984375 0.109375 0.0625
0 0.27421875 0.58984375 0.121875 0.121875
0 0.1859375 0.27578125 0.109375 0.0625
0 0.16484375 0.59140625 0.11875 0.075
0 0.17890625 0.3359375 0.1125 0.0671875
0 0.275 0.73125 0.125 0.13125
0 0.5078125 0.6109375 0.11875 0.0953125
0 0.271875 0.84375 0.125 0.0875
0 0.71796875 0.4765625 0.1125 0.1
0 0.71640625 0.36875 0.1109375 0.103125