0 0.53828125 0.9046875 0.153125 0.15
0 0.4 0.87734375 0.14375 0.1375
0 0.55 0.66875 0.134375 0.109375
0 0.44921875 0.47109375 0.11875 0.0796875
0 0.29375 0.7375 0.1265625 0.1046875
0 0.7859375 0.31484375 0.075 0.128125
0 0.6953125 0.796875 0.1625 0.1296875
0 0.69296875 0.68515625 0.153125 0.1125
0 0.690625 0.57734375 0.14375 0.096875
0 0.41328125 0.76015625 0.1375 0.10625
0 0.690625 0.478125 0.1359375 0.0890625
0 0.68828125 0.32109375 0.121875 0.075
0 0.55390625 0.565625 0.13125 0.09375
0 0.70078125 0.928125 0.16875 0.140625
0 0.79609375 0.45078125 0.0859375 0.15
0 0.325 0.55546875 0.11875 0.084375
0 0.34453125 0.47109375 0.1125 0.078125
0 0.42734375 0.65234375 0.128125 0.096875
0 0.6890625 0.39921875 0.128125 0.078125
0 0.43515625 0.55625 0.1265625 0.0875
0 0.54765625 0.778125 0.146875 0.125
0 0.20625 0.62734375 0.1171875 0.0875
0 0.6890625 0.24609375 0.115625 0.06875
0 0.5640625 0.4734375 0.1265625 0.08125
0 0.7765625 0.19140625 0.06875 0.109375
0 0.4671875 0.32578125 0.10625 0.0640625
0 0.1828125 0.71796875 0.125 0.09375
0 0.81953125 0.83984375 0.109375 0.2234375
0 0.45625 0.390625 0.115625 0.075
0 0.31171875 0.63828125 0.125 0.090625
0 0.1640625 0.8234375 0.1265625 0.1125
0 0.2453125 0.4625 0.109375 0.078125
0 0.56953125 0.3890625 0.11875 0.078125
0 0.7703125 0.08671875 0.065625 0.1046875
0 0.35390625 0.396875 0.10625 0.071875
0 0.68125 0.12578125 0.10625 0.065625
0 0.278125 0.85234375 0.1296875 0.128125
0 0.8046875 0.621875 0.09375 0.18125
0 0.57109375 0.321875 0.115625 0.0671875
0 0.5859375 0.08046875 0.0984375 0.059375
0 0.6859375 0.06484375 0.103125 0.0625
0 0.36953125 0.328125 0.103125 0.06875
0 0.26171875 0.38671875 0.103125 0.06875
0 0.5765625 0.24921875 0.1125 0.075
0 0.48125 0.20234375 0.1015625 0.059375
0 0.22578125 0.54609375 0.1140625 0.0796875
0 0.68671875 0.1859375 0.1078125 0.0625
0 0.3875 0.2078125 0.090625 0.059375
0 0.378125 0.26328125 0.0984375 0.0640625
0 0.5828125 0.13046875 0.103125 0.0671875
0 0.4734375 0.259375 0.103125 0.0671875
0 0.48359375 0.140625 0.09375 0.059375
0 0.57890625 0.196875 0.10625 0.06875
0 0.2875 0.26953125 0.096875 0.065625
0 0.40390625 0.1484375 0.0875 0.05625
0 0.3046875 0.2125 0.0890625 0.0546875
0 0.49453125 0.08828125 0.090625 0.0625
0 0.27890625 0.32890625 0.103125 0.0640625
0 0.4125 0.10078125 0.09375 0.075
0 0.33125 0.109375 0.1 0.0625
0 0.32578125 0.159375 0.09375 0.0671875