0 0.64765625 0.6109375 0.15625 0.221875
0 0.66015625 0.85390625 0.1765625 0.2796875
0 0.4875 0.86484375 0.1578125 0.265625
0 0.340625 0.86640625 0.1515625 0.265625
0 0.209375 0.89140625 0.10625 0.190625
0 0.35078125 0.63203125 0.1390625 0.203125
0 0.490625 0.62578125 0.140625 0.2296875
0 0.08828125 0.8890625 0.15 0.1890625
0 0.846875 0.84921875 0.203125 0.2890625
0 0.17421875 0.7546875 0.084375 0.090625
0 0.24453125 0.75390625 0.0640625 0.096875
0 0.221875 0.6296875 0.14375 0.1640625
0 0.79765625 0.609375 0.178125 0.21875
0 0.121875 0.6671875 0.06875 0.084375
0 0.10546875 0.753125 0.078125 0.096875