0 0.85859375 0.38203125 0.23125 0.146875
0 0.65625 0.29609375 0.171875 0.15625
0 0.85390625 0.2375 0.2421875 0.16875
0 0.50390625 0.6171875 0.11875 0.2140625
0 0.86484375 0.63671875 0.2125 0.121875
0 0.86484375 0.5109375 0.21875 0.128125
0 0.5125 0.44921875 0.15 0.134375
0 0.66484375 0.44140625 0.1671875 0.1453125
0 0.503125 0.315625 0.15625 0.146875
0 0.859375 0.8984375 0.215625 0.171875
0 0.6453125 0.12578125 0.1796875 0.1875
0 0.8625 0.7578125 0.20625 0.1171875
0 0.47734375 0.15703125 0.1609375 0.165625
0 0.66171875 0.8640625 0.178125 0.153125
0 0.52109375 0.815625 0.10625 0.190625
0 0.70546875 0.72734375 0.10625 0.1359375
0 0.853125 0.0890625 0.2546875 0.175
0 0.7046875 0.62578125 0.109375 0.071875
0 0.7 0.55 0.1078125 0.0765625
0 0.603125 0.55 0.103125 0.071875
0 0.6125 0.6984375 0.09375 0.0890625
0 0.60390625 0.61875 0.0953125 0.08125