0 0.25546875 0.04453125 0.128125 0.0890625
0 0.26796875 0.42109375 0.115625 0.084375
0 0.2703125 0.5078125 0.115625 0.078125
0 0.2609375 0.24296875 0.121875 0.090625
0 0.3765625 0.33203125 0.115625 0.084375
0 0.2703125 0.59140625 0.1140625 0.078125
0 0.38125 0.1453125 0.11875 0.0921875
0 0.59765625 0.259375 0.1125 0.0890625
0 0.265625 0.33203125 0.121875 0.0875
0 0.61015625 0.06484375 0.1125 0.1
0 0.38203125 0.50703125 0.1109375 0.08125
0 0.3765625 0.05234375 0.121875 0.0953125
0 0.38125 0.240625 0.11875 0.090625
0 0.60390625 0.16171875 0.115625 0.09375
0 0.3828125 0.5828125 0.109375 0.078125
0 0.38046875 0.42109375 0.1125 0.084375
0 0.25859375 0.1421875 0.125 0.096875
0 0.271875 0.7421875 0.109375 0.075
0 0.271875 0.6640625 0.1109375 0.075
0 0.1734375 0.26796875 0.071875 0.159375
0 0.81328125 0.26953125 0.109375 0.084375
0 0.6953125 0.43515625 0.109375 0.08125
0 0.78125 0.58984375 0.1 0.071875
0 0.48984375 0.42265625 0.10625 0.08125
0 0.49453125 0.33515625 0.1125 0.084375
0 0.17890625 0.4265625 0.071875 0.15
0 0.49140625 0.15859375 0.115625 0.0921875
0 0.79765625 0.4375 0.109375 0.078125
0 0.37734375 0.66171875 0.109375 0.0765625
0 0.47734375 0.740625 0.1046875 0.071875
0 0.5765625 0.73984375 0.1015625 0.075
0 0.38046875 0.81328125 0.10625 0.075
0 0.71484375 0.17421875 0.109375 0.0875
0 0.7046875 0.3515625 0.109375 0.08125
0 0.38125 0.74296875 0.10625 0.075
0 0.16015625 0.10546875 0.075 0.171875
0 0.49296875 0.24609375 0.115625 0.0875
0 0.76015625 0.875 0.0921875 0.071875
0 0.68203125 0.58828125 0.103125 0.0734375
0 0.671875 0.8078125 0.096875 0.071875
0 0.67890625 0.66171875 0.1 0.071875
0 0.3765625 0.8890625 0.103125 0.075
0 0.48125 0.590625 0.1046875 0.075
0 0.709375 0.259375 0.109375 0.0875
0 0.58125 0.5875 0.1 0.075
0 0.47578125 0.81640625 0.103125 0.0734375
0 0.5859375 0.5140625 0.103125 0.078125
0 0.6859375 0.515625 0.1046875 0.075
0 0.5 0.05859375 0.11875 0.096875
0 0.58046875 0.6625 0.1015625 0.075
0 0.1859375 0.57890625 0.06875 0.1328125
0 0.48828125 0.50859375 0.10625 0.078125
0 0.57578125 0.81640625 0.1 0.075
0 0.7875 0.5203125 0.103125 0.075
0 0.27265625 0.8203125 0.1078125 0.075
0 0.82421875 0.096875 0.1140625 0.090625
0 0.71640625 0.0765625 0.1125 0.096875
0 0.48671875 0.665625 0.103125 0.075
0 0.1921875 0.70390625 0.065625 0.125
0 0.2734375 0.88984375 0.10625 0.0765625
0 0.59375 0.34375 0.1125 0.084375
0 0.6671875 0.8765625 0.1 0.0703125
0 0.8140625 0.18671875 0.109375 0.084375
0 0.7640625 0.80625 0.096875 0.0703125
0 0.59375 0.43125 0.109375 0.08125
0 0.675 0.73203125 0.1 0.071875
0 0.19453125 0.865625 0.0625 0.11875
0 0.80703125 0.353125 0.109375 0.08125
0 0.76796875 0.73671875 0.096875 0.06875
0 0.775 0.6625 0.096875 0.071875
0 0.475 0.88671875 0.103125 0.0734375
0 0.57421875 0.8875 0.1 0.075