0 0.43359375 0.1484375 0.0765625 0.096875
0 0.90625 0.865625 0.084375 0.08984375
0 0.0734375 0.16015625 0.07421875 0.0875
0 0.50859375 0.1484375 0.07734375 0.09453125
0 0.359375 0.32890625 0.07421875 0.078125
0 0.7484375 0.13984375 0.084375 0.09921875
0 0.65625 0.7671875 0.0875 0.0984375
0 0.65859375 0.40234375 0.08828125 0.1
0 0.6578125 0.4953125 0.0859375 0.0953125
0 0.1515625 0.5640625 0.07578125 0.0828125
0 0.7359375 0.76796875 0.08359375 0.09921875
0 0.57109375 0.85 0.084375 0.0921875
0 0.6546875 0.678125 0.0859375 0.09765625
0 0.41484375 0.58046875 0.0796875 0.090625
0 0.57109375 0.6765625 0.08125 0.09765625
0 0.36171875 0.4046875 0.07578125 0.0875
0 0.49296875 0.84453125 0.08359375 0.09375
0 0.66796875 0.14375 0.08203125 0.09765625
0 0.28984375 0.3296875 0.0734375 0.07890625
0 0.4078125 0.7578125 0.0796875 0.09296875
0 0.75234375 0.40078125 0.0921875 0.09609375
0 0.828125 0.58984375 0.090625 0.09609375
0 0.740625 0.85859375 0.08671875 0.09375
0 0.0828125 0.5625 0.06796875 0.08046875
0 0.41015625 0.67265625 0.0796875 0.0953125
0 0.3328125 0.66953125 0.08046875 0.0953125
0 0.65546875 0.8546875 0.08828125 0.0953125
0 0.83359375 0.4953125 0.090625 0.09609375
0 0.57109375 0.765625 0.08203125 0.0984375
0 0.490625 0.6734375 0.084375 0.0953125
0 0.8203125 0.775 0.08828125 0.10078125
0 0.58125 0.321875 0.07734375 0.0671875
0 0.66171875 0.31796875 0.08046875 0.0734375
0 0.15 0.24375 0.07578125 0.08828125
0 0.21953125 0.24140625 0.07578125 0.08515625
0 0.43671875 0.23515625 0.07890625 0.0875
0 0.82109375 0.86171875 0.08828125 0.0953125
0 0.35625 0.1515625 0.07734375 0.09609375
0 0.51171875 0.23515625 0.0796875 0.0875
0 0.746875 0.49453125 0.08828125 0.0953125
0 0.57265625 0.49375 0.0828125 0.09453125
0 0.92109375 0.49609375 0.09140625 0.10078125
0 0.73828125 0.67890625 0.0875 0.09453125
0 0.415625 0.84453125 0.08359375 0.0953125
0 0.4890625 0.76328125 0.08046875 0.09296875
0 0.91328125 0.778125 0.08984375 0.10078125
0 0.83984375 0.39921875 0.09765625 0.0953125
0 0.1421875 0.15859375 0.0734375 0.08828125
0 0.65625 0.58515625 0.08515625 0.0921875
0 0.14375 0.33046875 0.07578125 0.07578125
0 0.51171875 0.3203125 0.07421875 0.07265625
0 0.4953125 0.584375 0.08203125 0.090625
0 0.21640625 0.33125 0.07265625 0.0765625
0 0.43671875 0.32578125 0.075 0.08125
0 0.92890625 0.3984375 0.0953125 0.1
0 0.3328125 0.58125 0.07890625 0.08828125
0 0.57265625 0.40390625 0.08359375 0.1015625
0 0.57421875 0.58515625 0.08359375 0.08984375
0 0.75234375 0.303125 0.0921875 0.103125
0 0.584375 0.23515625 0.075 0.0890625
0 0.425 0.40703125 0.05703125 0.0859375
0 0.91875 0.5921875 0.08984375 0.1
0 0.93125 0.29765625 0.1 0.10546875
0 0.5859375 0.1484375 0.0765625 0.10390625
0 0.74375 0.5859375 0.08671875 0.09375
0 0.9109375 0.68359375 0.0890625 0.09609375
0 0.2921875 0.23984375 0.07890625 0.08828125
0 0.48984375 0.49375 0.08203125 0.09296875
0 0.0703125 0.33203125 0.075 0.07265625
0 0.090625 0.6375 0.07265625 0.0796875
0 0.18984375 0.83046875 0.078125 0.09140625
0 0.6640625 0.23125 0.0796875 0.08984375
0 0.82265625 0.68359375 0.08828125 0.09921875
0 0.3609375 0.23984375 0.0734375 0.0890625
0 0.08671875 0.49453125 0.0703125 0.07265625
0 0.26328125 0.8359375 0.07734375 0.0890625
0 0.33203125 0.49375 0.08203125 0.096875
0 0.15703125 0.63984375 0.075 0.08203125
0 0.7421875 0.21796875 0.08359375 0.07109375
0 0.83046875 0.134375 0.0875 0.10078125
0 0.33046875 0.75546875 0.08203125 0.0953125
0 0.14921875 0.49296875 0.06796875 0.0734375
0 0.21640625 0.15546875 0.07734375 0.09296875
0 0.290625 0.40625 0.075 0.0859375
0 0.83984375 0.3015625 0.09375 0.10625
0 0.1140625 0.8265625 0.07890625 0.08671875
0 0.2546875 0.6625 0.07734375 0.0828125
0 0.28671875 0.15 0.07265625 0.0890625
0 0.9125 0.13125 0.0890625 0.0953125
0 0.90625 0.2140625 0.0921875 0.07421875
0 0.825 0.21640625 0.0890625 0.075
0 0.078125 0.24453125 0.07890625 0.08515625
0 0.0859375 0.40625 0.0765625 0.0828125
0 0.15234375 0.40625 0.075 0.08125
0 0.221875 0.40546875 0.0765625 0.08359375
0 0.4890625 0.4015625 0.08671875 0.09296875
0 0.4125 0.4921875 0.08515625 0.09296875
0 0.2546875 0.49140625 0.08515625 0.08984375
0 0.2546875 0.57890625 0.08046875 0.090625
0 0.25625 0.75078125 0.07890625 0.08828125
0 0.3390625 0.8390625 0.07734375 0.08828125
0 0.09609375 0.7125 0.07734375 0.0796875
0 0.16171875 0.715625 0.07421875 0.08359375