0 0.5515625 0.56640625 0.1875 0.0625
0 0.378125 0.2625 0.178125 0.05625
0 0.18203125 0.3765625 0.19375 0.05625
0 0.5546875 0.21640625 0.1765625 0.05625
0 0.353125 0.7703125 0.209375 0.06875
0 0.553125 0.33125 0.1796875 0.05625
0 0.553125 0.44375 0.184375 0.05625
0 0.365625 0.56328125 0.1953125 0.0625
0 0.375 0.325 0.18125 0.05625
0 0.553125 0.27734375 0.178125 0.0546875
0 0.16796875 0.496875 0.203125 0.0609375
0 0.36953125 0.440625 0.1875 0.0578125
0 0.165625 0.5625 0.203125 0.0625
0 0.1859375 0.321875 0.19375 0.059375
0 0.55 0.7703125 0.203125 0.06875
0 0.20234375 0.1484375 0.18125 0.053125
0 0.55078125 0.696875 0.2 0.06875
0 0.35625 0.69609375 0.209375 0.06875
0 0.6921875 0.19140625 0.103125 0.0921875
0 0.70703125 0.74375 0.1140625 0.1203125
0 0.196875 0.20703125 0.184375 0.053125
0 0.37265625 0.37890625 0.1828125 0.05625
0 0.553125 0.628125 0.1921875 0.0640625
0 0.55234375 0.50078125 0.1875 0.059375
0 0.36171875 0.62421875 0.2 0.065625
0 0.69296875 0.296875 0.103125 0.096875
0 0.36484375 0.496875 0.19375 0.059375
0 0.18984375 0.2625 0.190625 0.05625
0 0.38046875 0.2109375 0.178125 0.053125
0 0.178125 0.4390625 0.19375 0.059375
0 0.38359375 0.15390625 0.178125 0.05
0 0.1484375 0.696875 0.215625 0.0703125
0 0.15703125 0.625 0.2125 0.0671875
0 0.7046875 0.51015625 0.1125 0.10625
0 0.7046875 0.621875 0.1125 0.1125
0 0.55234375 0.384375 0.184375 0.05625
0 0.696875 0.39921875 0.103125 0.0984375
0 0.55859375 0.1578125 0.178125 0.05
0 0.13515625 0.77421875 0.215625 0.078125