0 0.24921875 0.33046875 0.10625 0.08046875
0 0.25 0.56328125 0.1109375 0.07890625
0 0.78984375 0.51328125 0.1328125 0.0890625
0 0.14140625 0.334375 0.09921875 0.07890625
0 0.25078125 0.48984375 0.109375 0.08046875
0 0.79296875 0.77578125 0.1359375 0.09609375
0 0.4640625 0.40625 0.1125 0.08046875
0 0.24296875 0.40546875 0.11171875 0.07890625
0 0.615625 0.81484375 0.07265625 0.0625
0 0.478125 0.68671875 0.06640625 0.05859375
0 0.7921875 0.59453125 0.134375 0.08984375
0 0.4734375 0.48046875 0.1140625 0.08203125
0 0.46640625 0.325 0.1125 0.08203125
0 0.1359375 0.40703125 0.10078125 0.0765625
0 0.58828125 0.48046875 0.1203125 0.08359375
0 0.471875 0.5625 0.115625 0.0828125
0 0.35234375 0.403125 0.109375 0.078125
0 0.5921875 0.56328125 0.121875 0.08671875
0 0.7875 0.43046875 0.134375 0.08359375
0 0.47421875 0.803125 0.06796875 0.0625
0 0.7828125 0.3421875 0.12890625 0.0890625
0 0.5453125 0.68828125 0.06796875 0.06015625
0 0.6796875 0.421875 0.0734375 0.071875
0 0.22109375 0.6828125 0.0578125 0.05546875
0 0.79375 0.68515625 0.1375 0.09609375
0 0.57890625 0.31953125 0.11328125 0.08359375
0 0.3609375 0.48046875 0.11015625 0.08125
0 0.5765625 0.40390625 0.121875 0.0828125
0 0.35 0.32734375 0.11015625 0.08125
0 0.54609375 0.87265625 0.07265625 0.065625
0 0.6765625 0.34453125 0.0625 0.0796875
0 0.1453125 0.4828125 0.10390625 0.07890625
0 0.54453125 0.8125 0.07109375 0.059375
0 0.546875 0.63515625 0.06796875 0.0609375
0 0.35625 0.56171875 0.1125 0.08515625
0 0.790625 0.87421875 0.13515625 0.103125
0 0.61640625 0.69140625 0.07109375 0.0609375
0 0.34609375 0.63203125 0.06328125 0.05703125
0 0.54375 0.75 0.0703125 0.06171875
0 0.6890625 0.69296875 0.0734375 0.06328125
0 0.6125 0.7546875 0.07265625 0.065625
0 0.41484375 0.6328125 0.06328125 0.05859375
0 0.14296875 0.5625 0.103125 0.078125
0 0.3421875 0.76640625 0.0640625 0.103125
0 0.16171875 0.628125 0.05859375 0.05625
0 0.6890625 0.8796875 0.07265625 0.06796875
0 0.15703125 0.67890625 0.06328125 0.05703125
0 0.2234375 0.628125 0.06171875 0.05625
0 0.15859375 0.78671875 0.0625 0.05625
0 0.68671875 0.63828125 0.07578125 0.06015625
0 0.16015625 0.7328125 0.06171875 0.0546875
0 0.09921875 0.78515625 0.05859375 0.0515625
0 0.68671875 0.57578125 0.071875 0.06015625
0 0.21953125 0.79140625 0.05625 0.05859375
0 0.34375 0.68515625 0.0625 0.0578125
0 0.61171875 0.63671875 0.06953125 0.059375
0 0.34140625 0.859375 0.06171875 0.06328125
0 0.61875 0.87578125 0.07421875 0.06640625
0 0.27578125 0.79453125 0.06171875 0.06015625
0 0.4796875 0.6328125 0.06796875 0.05859375
0 0.684375 0.47421875 0.075 0.0390625
0 0.103125 0.73203125 0.05625 0.05546875
0 0.278125 0.8515625 0.06484375 0.06328125
0 0.34140625 0.79609375 0.06328125 0.06171875
0 0.2125 0.8484375 0.06875 0.06484375
0 0.41171875 0.68515625 0.0671875 0.05703125
0 0.6890625 0.821875 0.0734375 0.0625
0 0.2203125 0.740625 0.0578125 0.05625
0 0.28828125 0.63046875 0.0609375 0.05703125
0 0.4734375 0.746875 0.06328125 0.0609375
0 0.4109375 0.8 0.06640625 0.06015625
0 0.27734375 0.6828125 0.0640625 0.059375
0 0.4109375 0.74453125 0.065625 0.059375
0 0.690625 0.7578125 0.0734375 0.0625
0 0.10546875 0.621875 0.06015625 0.0578125
0 0.475 0.86796875 0.06953125 0.0640625
0 0.40390625 0.86484375 0.06875 0.065625
0 0.103125 0.678125 0.05390625 0.05546875
0 0.2796875 0.740625 0.0625 0.05390625
0 0.1 0.84453125 0.0578125 0.0578125
0 0.15703125 0.8484375 0.06328125 0.06171875
0 0.6859375 0.52109375 0.0796875 0.06015625