0 0.425 0.521875 0.19296875 0.11171875
0 0.42421875 0.30703125 0.20546875 0.12265625
0 0.77421875 0.59375 0.28671875 0.13671875
0 0.2265625 0.31875 0.18359375 0.11171875
0 0.77890625 0.32421875 0.284375 0.14921875
0 0.23828125 0.42890625 0.1828125 0.10703125
0 0.4265625 0.4234375 0.20234375 0.1125
0 0.58125 0.43359375 0.121875 0.090625
0 0.78125 0.46015625 0.28125 0.13984375
0 0.4140625 0.2078125 0.2125 0.121875
0 0.225 0.69296875 0.15078125 0.0765625
0 0.5859375 0.29921875 0.12109375 0.19453125
0 0.2171875 0.23046875 0.1859375 0.1046875
0 0.778125 0.20234375 0.28828125 0.15390625
0 0.46484375 0.71875 0.1171875 0.10078125
0 0.84765625 0.7125 0.1546875 0.1234375
0 0.48125 0.81484375 0.08203125 0.10390625
0 0.69375 0.709375 0.1453125 0.12109375
0 0.3578125 0.6234375 0.090625 0.09453125
0 0.459375 0.61875 0.1140625 0.096875
0 0.24140625 0.52734375 0.1765625 0.1046875
0 0.57109375 0.82265625 0.08828125 0.11328125
0 0.5734375 0.71640625 0.10625 0.10703125
0 0.34921875 0.70546875 0.11328125 0.0953125
0 0.83984375 0.80625 0.15703125 0.084375
0 0.56484375 0.52890625 0.1046875 0.09765625
0 0.5640625 0.61875 0.10625 0.10234375
0 0.76640625 0.10546875 0.29296875 0.140625
0 0.26015625 0.77890625 0.08203125 0.0953125
0 0.41015625 0.8 0.07109375 0.1015625
0 0.18515625 0.6109375 0.08828125 0.0921875
0 0.69140625 0.79296875 0.14140625 0.06875
0 0.3375 0.7875 0.07109375 0.09609375
0 0.84140625 0.88203125 0.1546875 0.0890625
0 0.68671875 0.86328125 0.13671875 0.084375
0 0.2734375 0.61875 0.08671875 0.08984375
0 0.1890625 0.76484375 0.0703125 0.08671875
0 0.58125 0.18359375 0.11640625 0.0796875