0 0.24609375 0.465625 0.109375 0.0875
0 0.67109375 0.190625 0.1203125 0.1
0 0.45 0.47265625 0.1046875 0.0828125
0 0.65234375 0.55859375 0.109375 0.0796875
0 0.32734375 0.0828125 0.115625 0.103125
0 0.67578125 0.084375 0.1234375 0.1046875
0 0.2296875 0.284375 0.1125 0.0953125
0 0.44609375 0.3875 0.10625 0.090625
0 0.446875 0.29375 0.109375 0.0953125
0 0.33203125 0.184375 0.115625 0.1
0 0.3484375 0.46875 0.10625 0.0875
0 0.34375 0.3765625 0.10625 0.090625
0 0.44296875 0.18984375 0.1125 0.1
0 0.6390625 0.78828125 0.096875 0.06875
0 0.2609375 0.7046875 0.096875 0.071875
0 0.66484375 0.290625 0.11875 0.0953125
0 0.55546875 0.084375 0.121875 0.10625
0 0.3375 0.28671875 0.10625 0.0953125
0 0.4484375 0.63359375 0.0984375 0.075
0 0.22421875 0.18671875 0.115625 0.1
0 0.6421875 0.7171875 0.096875 0.06875
0 0.64765625 0.64765625 0.10625 0.078125
0 0.12421875 0.2828125 0.1140625 0.09375
0 0.11171875 0.18203125 0.1171875 0.0984375
0 0.63203125 0.9171875 0.090625 0.0609375
0 0.55234375 0.28828125 0.1125 0.0953125
0 0.44375 0.08984375 0.115625 0.10625
0 0.659375 0.38515625 0.115625 0.0890625
0 0.2203125 0.08515625 0.1171875 0.10625
0 0.234375 0.37578125 0.1078125 0.090625
0 0.54921875 0.4703125 0.10625 0.084375
0 0.6359375 0.859375 0.09375 0.065625
0 0.54296875 0.78671875 0.09375 0.06875
0 0.55234375 0.19609375 0.1171875 0.1015625
0 0.1 0.0859375 0.1203125 0.10625
0 0.128125 0.3734375 0.1125 0.090625
0 0.25546875 0.628125 0.1015625 0.0765625
0 0.44921875 0.709375 0.096875 0.0734375
0 0.65 0.4765625 0.1125 0.08125
0 0.1421875 0.459375 0.10625 0.084375
0 0.1609375 0.6328125 0.1015625 0.075
0 0.359375 0.78359375 0.09375 0.0671875
0 0.55078125 0.38046875 0.1078125 0.090625
0 0.546875 0.553125 0.1 0.08125
0 0.54609375 0.62890625 0.103125 0.075
0 0.54453125 0.715625 0.096875 0.075
0 0.3515625 0.64296875 0.096875 0.078125
0 0.4515625 0.915625 0.0875 0.0640625
0 0.53984375 0.91796875 0.090625 0.065625
0 0.34765625 0.5625 0.1 0.08125
0 0.4515625 0.8546875 0.0921875 0.065625
0 0.45078125 0.784375 0.09375 0.06875
0 0.44765625 0.5625 0.1 0.08125
0 0.36171875 0.85390625 0.0921875 0.0625
0 0.5390625 0.8578125 0.09375 0.065625
0 0.27578125 0.84921875 0.090625 0.065625
0 0.24765625 0.5515625 0.103125 0.0796875
0 0.17578125 0.77265625 0.096875 0.06875
0 0.26953125 0.77890625 0.09375 0.0671875
0 0.35625 0.71171875 0.0953125 0.071875
0 0.18046875 0.84296875 0.09375 0.06875
0 0.16953125 0.7015625 0.096875 0.0703125
0 0.36796875 0.9140625 0.090625 0.0640625
0 0.28046875 0.90859375 0.090625 0.0640625
0 0.14765625 0.54453125 0.103125 0.08125
0 0.190625 0.90390625 0.09375 0.0625