0 0.684375 0.72734375 0.065625 0.0296875
0 0.61015625 0.50859375 0.0625 0.034375
0 0.6890625 0.81328125 0.065625 0.0328125
0 0.28671875 0.18046875 0.065625 0.028125
0 0.73671875 0.1046875 0.065625 0.03125
0 0.7421875 0.6234375 0.0625 0.025
0 0.21953125 0.0984375 0.065625 0.03125
0 0.753125 0.75625 0.0671875 0.028125
0 0.75078125 0.7265625 0.0671875 0.025
0 0.35703125 0.8671875 0.0671875 0.03125
0 0.2234375 0.3703125 0.06875 0.028125
0 0.6234375 0.7671875 0.06875 0.03125
0 0.47890625 0.31875 0.0625 0.03125
0 0.55859375 0.846875 0.0640625 0.0328125
0 0.6703125 0.30234375 0.0640625 0.03125
0 0.73984375 0.21796875 0.065625 0.028125
0 0.478125 0.2078125 0.0625 0.028125
0 0.2203125 0.59609375 0.0625 0.028125
0 0.22421875 0.56640625 0.065625 0.0296875
0 0.3578125 0.7796875 0.06875 0.03125
0 0.415625 0.284375 0.0640625 0.03125
0 0.28828125 0.5546875 0.06875 0.028125
0 0.48125 0.54140625 0.0625 0.0296875
0 0.615625 0.70859375 0.065625 0.0296875
0 0.1609375 0.4484375 0.053125 0.03125
0 0.7359375 0.3421875 0.0625 0.0265625
0 0.284375 0.096875 0.0640625 0.0328125
0 0.22109375 0.15625 0.065625 0.03125
0 0.2234375 0.8703125 0.065625 0.03125
0 0.2875 0.2109375 0.065625 0.03125
0 0.68359375 0.7 0.065625 0.03125
0 0.16328125 0.33671875 0.053125 0.03125
0 0.74375 0.64921875 0.0625 0.0265625
0 0.61171875 0.56484375 0.0625 0.0296875
0 0.2875 0.8125 0.06875 0.03125
0 0.28671875 0.584375 0.0671875 0.0296875
0 0.73515625 0.4453125 0.0625 0.0265625
0 0.73984375 0.52578125 0.0625 0.025
0 0.73828125 0.49921875 0.0625 0.025
0 0.35234375 0.20625 0.065625 0.028125
0 0.48203125 0.51015625 0.0625 0.03125
0 0.6078125 0.27890625 0.0625 0.03125
0 0.60859375 0.25234375 0.0625 0.0296875
0 0.54921875 0.70703125 0.0640625 0.0265625
0 0.67421875 0.4765625 0.065625 0.028125
0 0.6796875 0.66796875 0.065625 0.03125
0 0.42578125 0.88828125 0.0671875 0.03125
0 0.1625 0.365625 0.053125 0.028125
0 0.759375 0.78203125 0.06875 0.028125
0 0.221875 0.18125 0.0640625 0.025
0 0.7359375 0.2703125 0.065625 0.0265625
0 0.478125 0.121875 0.0640625 0.03125
0 0.4890625 0.734375 0.065625 0.0328125
0 0.5421875 0.23046875 0.0625 0.028125
0 0.2828125 0.125 0.065625 0.028125
0 0.47578125 0.178125 0.0640625 0.03125
0 0.5484375 0.678125 0.0625 0.028125
0 0.16015625 0.390625 0.053125 0.03125
0 0.28671875 0.31875 0.065625 0.0296875
0 0.2859375 0.28984375 0.065625 0.025
0 0.159375 0.87421875 0.0625 0.03125
0 0.42265625 0.74140625 0.065625 0.028125
0 0.75859375 0.84140625 0.06875 0.0296875
0 0.1640625 0.53671875 0.05 0.03125
0 0.55 0.59453125 0.0625 0.03125
0 0.221875 0.509375 0.065625 0.0296875
0 0.55078125 0.65234375 0.0640625 0.0296875
0 0.21875 0.12578125 0.065625 0.03125
0 0.28828125 0.78046875 0.06875 0.03125
0 0.74765625 0.7015625 0.065625 0.028125
0 0.2875 0.52890625 0.0703125 0.03125
0 0.22265625 0.6546875 0.0640625 0.03125
0 0.73671875 0.36953125 0.0625 0.025
0 0.55703125 0.8203125 0.065625 0.0296875
0 0.1640625 0.50546875 0.053125 0.0296875
0 0.16171875 0.47890625 0.053125 0.0296875
0 0.2828125 0.15390625 0.065625 0.03125
0 0.675 0.50234375 0.065625 0.028125
0 0.49609375 0.884375 0.06875 0.0375
0 0.221875 0.3125 0.065625 0.028125
0 0.28828125 0.2375 0.065625 0.028125
0 0.35390625 0.66796875 0.0671875 0.028125
0 0.671875 0.3875 0.0640625 0.0265625
0 0.48125 0.45546875 0.0625 0.03125
0 0.22265625 0.48125 0.065625 0.0296875
0 0.16015625 0.26015625 0.0625 0.0234375
0 0.35390625 0.2578125 0.065625 0.0296875
0 0.61171875 0.6265625 0.0609375 0.0328125
0 0.67265625 0.44609375 0.0640625 0.03125
0 0.16328125 0.67578125 0.053125 0.03125
0 0.4828125 0.621875 0.0640625 0.03125
0 0.55703125 0.78984375 0.065625 0.03125
0 0.16015625 0.28203125 0.059375 0.028125
0 0.61328125 0.65546875 0.0640625 0.03125
0 0.66796875 0.3328125 0.0640625 0.0296875
0 0.73984375 0.5484375 0.0625 0.025
0 0.159375 0.42109375 0.05 0.028125
0 0.22265625 0.20859375 0.065625 0.028125
0 0.484375 0.7078125 0.065625 0.028125
0 0.62734375 0.88125 0.0671875 0.03125
0 0.49296875 0.8515625 0.0671875 0.034375
0 0.73359375 0.13515625 0.065625 0.03125
0 0.421875 0.6875 0.065625 0.0296875
0 0.67265625 0.4171875 0.065625 0.03125
0 0.609375 0.53984375 0.0625 0.028125
0 0.16171875 0.59296875 0.05625 0.0296875
0 0.6078125 0.36171875 0.0625 0.03125
0 0.3546875 0.5796875 0.0640625 0.028125
0 0.5421875 0.12109375 0.0625 0.03125
0 0.2859375 0.753125 0.0671875 0.0296875
0 0.34921875 0.0953125 0.065625 0.03125
0 0.42421875 0.77109375 0.0671875 0.028125
0 0.22265625 0.45 0.06875 0.0296875
0 0.67421875 0.53203125 0.065625 0.03125
0 0.546875 0.47734375 0.0640625 0.03125
0 0.5546875 0.76328125 0.065625 0.028125
0 0.35078125 0.15 0.0640625 0.0296875
0 0.60703125 0.2234375 0.0625 0.028125
0 0.54765625 0.62109375 0.0625 0.03125
0 0.35546875 0.8109375 0.06875 0.028125
0 0.41484375 0.1515625 0.0625 0.03125
0 0.6703125 0.11328125 0.065625 0.028125
0 0.5453125 0.28828125 0.0625 0.0296875
0 0.734375 0.16171875 0.065625 0.028125
0 0.22109375 0.68359375 0.0625 0.0328125
0 0.7390625 0.57109375 0.0625 0.0265625
0 0.7359375 0.39296875 0.059375 0.025
0 0.6109375 0.596875 0.0625 0.0328125
0 0.48359375 0.67890625 0.0640625 0.03125
0 0.54609375 0.44765625 0.0625 0.0328125
0 0.5453125 0.34296875 0.0625 0.028125
0 0.421875 0.578125 0.0671875 0.028125
0 0.6734375 0.25234375 0.065625 0.0296875
0 0.28984375 0.7234375 0.06875 0.0296875
0 0.5453125 0.42109375 0.0625 0.028125
0 0.1625 0.65078125 0.053125 0.03125
0 0.415625 0.12109375 0.0625 0.028125
0 0.4171875 0.2078125 0.0640625 0.0296875
0 0.4203125 0.7140625 0.065625 0.03125
0 0.7375 0.475 0.0609375 0.025
0 0.7390625 0.24296875 0.065625 0.025
0 0.2859375 0.26640625 0.065625 0.028125
0 0.48046875 0.428125 0.0625 0.03125
0 0.35625 0.8359375 0.06875 0.03125
0 0.67109375 0.36328125 0.0640625 0.0296875
0 0.740625 0.6 0.0625 0.028125
0 0.41796875 0.44453125 0.0625 0.028125
0 0.47734375 0.23203125 0.0625 0.0265625
0 0.490625 0.7921875 0.065625 0.03125
0 0.42421875 0.83046875 0.06875 0.03125
0 0.6734375 0.221875 0.065625 0.0328125
0 0.478125 0.09375 0.0625 0.0296875
0 0.225 0.2640625 0.065625 0.028125
0 0.415625 0.31484375 0.0625 0.028125
0 0.6203125 0.7359375 0.06875 0.03125
0 0.1625 0.56328125 0.053125 0.03125
0 0.35546875 0.721875 0.0671875 0.0328125
0 0.22421875 0.28828125 0.065625 0.025
0 0.2234375 0.3421875 0.0671875 0.028125
0 0.29140625 0.84296875 0.06875 0.0296875
0 0.6765625 0.61484375 0.065625 0.028125
0 0.353125 0.23046875 0.065625 0.0265625
0 0.734375 0.31953125 0.0609375 0.025
0 0.54296875 0.15234375 0.0640625 0.028125
0 0.415625 0.2578125 0.0625 0.03125
0 0.3546875 0.41953125 0.065625 0.03125
0 0.3546875 0.475 0.065625 0.03125
0 0.42421875 0.85703125 0.06875 0.028125
0 0.67578125 0.56171875 0.065625 0.03125
0 0.62734375 0.79375 0.06875 0.028125
0 0.29296875 0.871875 0.071875 0.034375
0 0.6734375 0.08125 0.065625 0.03125
0 0.4796875 0.37421875 0.0625 0.028125
0 0.5421875 0.178125 0.0625 0.0296875
0 0.28984375 0.6078125 0.06875 0.03125
0 0.47734375 0.153125 0.0625 0.028125
0 0.54453125 0.37109375 0.0625 0.0296875
0 0.48203125 0.2609375 0.0625 0.03125
0 0.48203125 0.56796875 0.0625 0.028125
0 0.35546875 0.753125 0.06875 0.03125
0 0.16015625 0.23359375 0.0640625 0.028125
0 0.73671875 0.42109375 0.0609375 0.025
0 0.73359375 0.29375 0.0625 0.025
0 0.41796875 0.39140625 0.0640625 0.028125
0 0.353125 0.55390625 0.065625 0.028125
0 0.54453125 0.31875 0.0625 0.028125
0 0.603125 0.08984375 0.0625 0.03125
0 0.28984375 0.6421875 0.06875 0.03125
0 0.66796875 0.16796875 0.065625 0.028125
0 0.4203125 0.41953125 0.0625 0.028125
0 0.28828125 0.50078125 0.06875 0.0265625
0 0.22421875 0.93125 0.0671875 0.03125
0 0.22265625 0.71015625 0.065625 0.034375
0 0.6140625 0.68046875 0.065625 0.028125
0 0.74375 0.67265625 0.0640625 0.028125
0 0.415625 0.09609375 0.0625 0.03125
0 0.48984375 0.8234375 0.065625 0.03125
0 0.54375 0.26171875 0.0625 0.03125
0 0.41484375 0.178125 0.0625 0.028125
0 0.41640625 0.3671875 0.065625 0.028125
0 0.290625 0.36328125 0.0671875 0.028125
0 0.3546875 0.69375 0.065625 0.028125
0 0.67109375 0.2765625 0.0640625 0.028125
0 0.67578125 0.58984375 0.0640625 0.028125
0 0.6078125 0.38359375 0.0625 0.028125
0 0.3515625 0.1765625 0.0640625 0.0296875
0 0.54609375 0.5625 0.0625 0.03125
0 0.2875 0.69609375 0.065625 0.0296875
0 0.678125 0.6421875 0.065625 0.028125
0 0.6875 0.778125 0.065625 0.0375
0 0.7359375 0.1875 0.065625 0.0296875
0 0.54296875 0.20703125 0.0640625 0.028125
0 0.68984375 0.84609375 0.0671875 0.0375
0 0.35625 0.38984375 0.065625 0.028125
0 0.28984375 0.665625 0.06875 0.03125
0 0.15859375 0.840625 0.0609375 0.0328125
0 0.7609375 0.8734375 0.065625 0.03125
0 0.1625 0.61953125 0.0546875 0.03125
0 0.54296875 0.09296875 0.0640625 0.03125
0 0.60546875 0.19921875 0.0640625 0.028125
0 0.42265625 0.634375 0.065625 0.028125
0 0.4828125 0.596875 0.0625 0.028125
0 0.35546875 0.3625 0.0625 0.028125
0 0.47890625 0.2875 0.0625 0.028125
0 0.4203125 0.4703125 0.0640625 0.028125
0 0.290625 0.38828125 0.06875 0.028125
0 0.625 0.84921875 0.0671875 0.03125
0 0.1625 0.3078125 0.05625 0.028125
0 0.2234375 0.234375 0.065625 0.028125
0 0.22109375 0.39453125 0.0671875 0.028125
0 0.353125 0.6109375 0.065625 0.03125
0 0.47890625 0.3453125 0.0625 0.028125
0 0.67109375 0.19375 0.065625 0.028125
0 0.60625 0.11796875 0.0609375 0.03125
0 0.41875 0.3390625 0.0625 0.0265625
0 0.290625 0.421875 0.06875 0.03125
0 0.4828125 0.6515625 0.0625 0.03125
0 0.3515625 0.12109375 0.065625 0.0265625
0 0.35546875 0.52890625 0.065625 0.0296875
0 0.553125 0.73203125 0.06875 0.03125
0 0.48046875 0.3984375 0.0625 0.03125
0 0.1609375 0.903125 0.0625 0.028125
0 0.4859375 0.765625 0.065625 0.03125
0 0.2234375 0.6234375 0.0640625 0.03125
0 0.4203125 0.52734375 0.065625 0.0296875
0 0.48203125 0.484375 0.0625 0.028125
0 0.353125 0.64140625 0.0671875 0.03125
0 0.353125 0.4453125 0.065625 0.028125
0 0.6859375 0.759375 0.065625 0.034375
0 0.22421875 0.9 0.065625 0.03125
0 0.62421875 0.82265625 0.06875 0.028125
0 0.60390625 0.1484375 0.0609375 0.03125
0 0.290625 0.34296875 0.0671875 0.0234375
0 0.6703125 0.13828125 0.065625 0.028125
0 0.42265625 0.65859375 0.065625 0.028125
0 0.2203125 0.4234375 0.0671875 0.0296875
0 0.29375 0.93046875 0.06875 0.0328125
0 0.221875 0.8359375 0.065625 0.0375
0 0.3578125 0.89453125 0.0671875 0.0296875
0 0.609375 0.40703125 0.0625 0.028125
0 0.41875 0.49921875 0.065625 0.028125
0 0.76015625 0.8140625 0.06875 0.03125
0 0.69765625 0.9 0.071875 0.0421875
0 0.221875 0.53671875 0.065625 0.034375
0 0.28828125 0.8984375 0.06875 0.03125
0 0.3515625 0.28359375 0.065625 0.028125
0 0.54609375 0.39609375 0.0625 0.025
0 0.35234375 0.31328125 0.065625 0.0296875
0 0.42109375 0.55234375 0.0671875 0.0265625
0 0.2875 0.475 0.06875 0.034375
0 0.3546875 0.50078125 0.0671875 0.028125
0 0.165625 0.70625 0.053125 0.03125
0 0.4234375 0.80234375 0.06875 0.03125
0 0.69140625 0.86171875 0.06875 0.0390625
0 0.41953125 0.60546875 0.065625 0.028125
0 0.5625 0.88203125 0.0671875 0.034375
0 0.7375 0.07421875 0.06875 0.028125
0 0.353125 0.3375 0.065625 0.028125
0 0.225 0.74453125 0.065625 0.0375
0 0.41796875 0.23203125 0.0640625 0.025
0 0.15703125 0.2078125 0.0640625 0.0296875
0 0.6109375 0.4578125 0.0625 0.0390625
0 0.1703125 0.153125 0.034375 0.0328125
0 0.60859375 0.3328125 0.0625 0.03125
0 0.97734375 0.65625 0.0453125 0.0421875
0 0.6046875 0.17265625 0.0625 0.0265625
0 0.971875 0.4734375 0.05625 0.028125
0 0.60625 0.43671875 0.0609375 0.028125
0 0.97265625 0.53515625 0.053125 0.03125
0 0.54765625 0.5359375 0.0625 0.0328125