0 0.57734375 0.671875 0.1140625 0.071875
0 0.25390625 0.79609375 0.115625 0.08125
0 0.46328125 0.19140625 0.134375 0.153125
0 0.80390625 0.7734375 0.115625 0.1046875
0 0.82109375 0.51875 0.125 0.1203125
0 0.590625 0.32578125 0.128125 0.1359375
0 0.859375 0.1625 0.134375 0.0984375
0 0.35078125 0.6484375 0.11875 0.075
0 0.59140625 0.453125 0.121875 0.1234375
0 0.225 0.4734375 0.1265625 0.075
0 0.58125 0.57421875 0.1171875 0.11875
0 0.2265625 0.5546875 0.1234375 0.090625
0 0.71640625 0.30546875 0.13125 0.0875
0 0.3390625 0.2875 0.1375 0.109375
0 0.471875 0.63671875 0.1171875 0.0828125
0 0.2421875 0.640625 0.1140625 0.08125
0 0.47109375 0.54765625 0.11875 0.090625
0 0.8390625 0.3359375 0.1328125 0.0828125
0 0.71328125 0.390625 0.1296875 0.08125
0 0.46953125 0.78515625 0.115625 0.065625
0 0.46953125 0.44609375 0.1234375 0.1
0 0.4703125 0.334375 0.128125 0.109375
0 0.8328125 0.41953125 0.128125 0.078125
0 0.703125 0.48515625 0.125 0.11875
0 0.3296875 0.1765625 0.1375 0.115625
0 0.26328125 0.871875 0.103125 0.0671875
0 0.2078125 0.28203125 0.134375 0.10625
0 0.47109375 0.8703125 0.1125 0.103125
0 0.81328125 0.68671875 0.121875 0.0734375
0 0.5921875 0.18828125 0.1328125 0.153125
0 0.57890625 0.7671875 0.1125 0.1109375
0 0.471875 0.71171875 0.115625 0.0765625
0 0.34609375 0.5625 0.1234375 0.090625
0 0.67890625 0.89375 0.1125 0.0609375
0 0.7234375 0.19140625 0.13125 0.146875
0 0.3546875 0.725 0.1125 0.078125
0 0.19921875 0.17734375 0.1390625 0.1125
0 0.21796875 0.390625 0.1328125 0.1
0 0.3578125 0.79921875 0.1078125 0.078125
0 0.8140625 0.61796875 0.121875 0.0734375
0 0.3640625 0.875 0.10625 0.075
0 0.69609375 0.59921875 0.121875 0.1125
0 0.79453125 0.87421875 0.115625 0.096875
0 0.3421875 0.38828125 0.1296875 0.096875
0 0.6953125 0.71328125 0.1171875 0.1078125
0 0.57734375 0.8671875 0.1125 0.096875
0 0.25078125 0.72109375 0.115625 0.08125
0 0.84453125 0.25078125 0.1265625 0.078125
0 0.3453125 0.47578125 0.125 0.084375
0 0.69140625 0.81328125 0.115625 0.1