0 0.32734375 0.41640625 0.109375 0.0828125
0 0.228125 0.49296875 0.109375 0.078125
0 0.63828125 0.34609375 0.10625 0.084375
0 0.33359375 0.49375 0.1015625 0.078125
0 0.43359375 0.5015625 0.0984375 0.0765625
0 0.4328125 0.33046875 0.10625 0.0859375
0 0.4328125 0.15703125 0.1125 0.096875
0 0.334375 0.5703125 0.1 0.071875
0 0.23515625 0.5703125 0.1 0.071875
0 0.7546875 0.1765625 0.115625 0.096875
0 0.32265625 0.24140625 0.1171875 0.09375
0 0.325 0.32890625 0.1109375 0.0859375
0 0.73984375 0.3484375 0.1078125 0.08125
0 0.43046875 0.2453125 0.1109375 0.0921875
0 0.53359375 0.42421875 0.1 0.0828125
0 0.434375 0.41953125 0.103125 0.08125
0 0.63125 0.4296875 0.103125 0.0796875
0 0.32265625 0.14140625 0.115625 0.096875
0 0.8484375 0.275 0.11875 0.0875
0 0.753125 0.26875 0.115625 0.0890625
0 0.221875 0.321875 0.115625 0.0875
0 0.65078125 0.16953125 0.115625 0.09375
0 0.5390625 0.2515625 0.1078125 0.090625
0 0.54453125 0.16015625 0.1125 0.1
0 0.24296875 0.703125 0.096875 0.0625
0 0.83984375 0.3625 0.109375 0.08125
0 0.53671875 0.3375 0.10625 0.084375
0 0.209375 0.23046875 0.11875 0.09375
0 0.73046875 0.43125 0.10625 0.078125
0 0.20625 0.1359375 0.1234375 0.103125
0 0.64609375 0.26171875 0.1125 0.090625
0 0.86875 0.184375 0.121875 0.0953125
0 0.71328125 0.58671875 0.0984375 0.0703125
0 0.6734375 0.88984375 0.084375 0.0578125
0 0.3359375 0.64296875 0.096875 0.06875
0 0.2234375 0.415625 0.1140625 0.0859375
0 0.61875 0.57890625 0.1 0.0703125
0 0.7203125 0.51640625 0.103125 0.0765625
0 0.58984375 0.884375 0.08125 0.05625
0 0.59453125 0.83359375 0.084375 0.05625
0 0.34140625 0.8828125 0.0875 0.0546875
0 0.4328125 0.6421875 0.09375 0.065625
0 0.51953125 0.7046875 0.090625 0.0625
0 0.34140625 0.83046875 0.0875 0.05625
0 0.23828125 0.640625 0.1 0.06875
0 0.53359375 0.50703125 0.0984375 0.0734375
0 0.4359375 0.571875 0.096875 0.071875
0 0.33984375 0.76953125 0.0921875 0.0625
0 0.8171875 0.51484375 0.103125 0.075
0 0.62109375 0.509375 0.1046875 0.075
0 0.8234375 0.43515625 0.10625 0.078125
0 0.4296875 0.88515625 0.084375 0.0578125
0 0.43203125 0.70546875 0.090625 0.0625
0 0.3375 0.703125 0.09375 0.0609375
0 0.24921875 0.76953125 0.096875 0.059375
0 0.52265625 0.64375 0.09375 0.065625
0 0.43203125 0.82421875 0.0875 0.05625
0 0.603125 0.771875 0.0875 0.059375
0 0.253125 0.82578125 0.090625 0.05625
0 0.7890625 0.6546875 0.096875 0.065625
0 0.52734375 0.57578125 0.096875 0.0703125
0 0.61171875 0.64921875 0.096875 0.065625
0 0.69921875 0.65703125 0.1 0.0625
0 0.4328125 0.7671875 0.0890625 0.0625
0 0.6046875 0.7078125 0.0921875 0.0625
0 0.68046875 0.834375 0.084375 0.0578125
0 0.50859375 0.88125 0.084375 0.05625
0 0.80234375 0.590625 0.1015625 0.071875
0 0.25859375 0.8875 0.0890625 0.0578125
0 0.7671875 0.77734375 0.09375 0.071875
0 0.765625 0.834375 0.090625 0.05625
0 0.75859375 0.88359375 0.084375 0.053125
0 0.51484375 0.8265625 0.09375 0.0625
0 0.69140625 0.71328125 0.09375 0.0609375
0 0.515625 0.76875 0.0875 0.059375
0 0.68359375 0.775 0.0875 0.05625
0 0.77734375 0.71640625 0.103125 0.065625