0 0.82734375 0.4046875 0.0984375 0.115625
0 0.8328125 0.178125 0.0953125 0.115625
0 0.5578125 0.18515625 0.096875 0.121875
0 0.7421875 0.17265625 0.096875 0.11875
0 0.83125 0.2921875 0.0984375 0.1125
0 0.70625 0.690625 0.08125 0.09375
0 0.82265625 0.51640625 0.0953125 0.109375
0 0.6515625 0.18046875 0.0953125 0.1234375
0 0.73984375 0.29453125 0.096875 0.115625
0 0.55 0.4078125 0.08125 0.1015625
0 0.55 0.50703125 0.08125 0.1
0 0.465625 0.696875 0.08125 0.096875
0 0.46640625 0.40703125 0.0859375 0.1015625
0 0.784375 0.7078125 0.08125 0.096875
0 0.46640625 0.30390625 0.084375 0.103125
0 0.62265625 0.78984375 0.078125 0.0984375
0 0.38515625 0.40703125 0.0875 0.1015625
0 0.4640625 0.20078125 0.0875 0.10625
0 0.4671875 0.5078125 0.084375 0.0984375
0 0.54921875 0.603125 0.0796875 0.096875
0 0.62109375 0.6890625 0.0796875 0.0984375
0 0.63515625 0.2984375 0.0875 0.1078125
0 0.6328125 0.40390625 0.0859375 0.1015625
0 0.78046875 0.80078125 0.08125 0.0953125
0 0.5453125 0.696875 0.0796875 0.096875
0 0.70703125 0.60703125 0.08125 0.0796875
0 0.384375 0.690625 0.0828125 0.096875
0 0.55078125 0.30546875 0.08125 0.1046875
0 0.625 0.5046875 0.0828125 0.096875
0 0.5453125 0.79140625 0.0796875 0.1
0 0.703125 0.78828125 0.0796875 0.096875
0 0.7359375 0.4078125 0.096875 0.1125
0 0.46796875 0.60390625 0.08125 0.096875
0 0.38046875 0.30234375 0.0875 0.103125
0 0.38515625 0.19921875 0.0859375 0.1046875
0 0.38984375 0.59765625 0.084375 0.0953125
0 0.62265625 0.60078125 0.08125 0.096875
0 0.3875 0.50703125 0.0875 0.096875
0 0.78671875 0.61171875 0.0875 0.0875
0 0.73515625 0.51796875 0.09375 0.109375
0 0.38515625 0.79453125 0.08125 0.1
0 0.46640625 0.79140625 0.08125 0.0984375