0 0.76796875 0.28984375 0.159375 0.109375
0 0.76484375 0.6046875 0.184375 0.109375
0 0.9296875 0.3953125 0.140625 0.1015625
0 0.93046875 0.66171875 0.1390625 0.08125
0 0.765625 0.496875 0.175 0.096875
0 0.92265625 0.2875 0.1546875 0.115625
0 0.7703125 0.39375 0.175 0.0984375
0 0.92890625 0.48984375 0.1421875 0.0828125
0 0.475 0.34609375 0.2921875 0.084375
0 0.92890625 0.5765625 0.140625 0.08125
0 0.93125 0.74140625 0.1375 0.0875
0 0.7671875 0.72265625 0.184375 0.115625
0 0.20234375 0.15703125 0.278125 0.046875
0 0.471875 0.66015625 0.28125 0.0375
0 0.20703125 0.653125 0.265625 0.0453125
0 0.20625 0.2828125 0.271875 0.059375
0 0.20546875 0.253125 0.271875 0.059375
0 0.48125 0.5125 0.278125 0.146875
0 0.2078125 0.68515625 0.265625 0.0296875
0 0.4890625 0.215625 0.2875 0.1375
0 0.20234375 0.4109375 0.2734375 0.090625
0 0.21484375 0.57890625 0.265625 0.0859375
0 0.4734375 0.7046875 0.28125 0.034375
0 0.20546875 0.31328125 0.271875 0.034375
0 0.20703125 0.70546875 0.2671875 0.0453125
0 0.47265625 0.69140625 0.28125 0.03125
0 0.48125 0.18203125 0.3 0.059375
0 0.20546875 0.20625 0.2703125 0.05
0 0.4734375 0.7453125 0.28125 0.040625
0 0.20703125 0.85390625 0.271875 0.103125
0 0.47109375 0.64765625 0.2828125 0.03125
0 0.47421875 0.41796875 0.28125 0.046875
0 0.20625 0.3390625 0.26875 0.0484375
0 0.475 0.2953125 0.290625 0.028125
0 0.46875 0.8109375 0.290625 0.03125
0 0.48046875 0.12578125 0.30625 0.0515625