0 0.65625 0.39140625 0.24375 0.10625
0 0.63984375 0.48828125 0.228125 0.0953125
0 0.409375 0.48046875 0.2359375 0.1
0 0.37734375 0.6625 0.215625 0.090625
0 0.6796875 0.284375 0.2546875 0.115625
0 0.434375 0.27421875 0.259375 0.11875
0 0.6953125 0.159375 0.25625 0.121875
0 0.359375 0.82109375 0.20625 0.0796875
0 0.3953125 0.575 0.228125 0.0921875
0 0.346875 0.88984375 0.203125 0.0765625
0 0.53671875 0.88359375 0.196875 0.075
0 0.42421875 0.38046875 0.2421875 0.10625
0 0.55703125 0.81640625 0.2125 0.08125
0 0.365625 0.74296875 0.2109375 0.08125
0 0.571875 0.74140625 0.203125 0.08125
0 0.590625 0.6609375 0.2125 0.084375
0 0.44921875 0.14375 0.278125 0.128125
0 0.6078125 0.57578125 0.2203125 0.090625