0 0.45546875 0.48125 0.1421875 0.071875
0 0.72421875 0.47890625 0.1328125 0.0671875
0 0.46796875 0.76796875 0.146875 0.078125
0 0.45546875 0.553125 0.14375 0.06875
0 0.58984375 0.54921875 0.13359375 0.07109375
0 0.59140625 0.478125 0.13203125 0.071875
0 0.590625 0.62109375 0.1375 0.0703125
0 0.721875 0.54765625 0.13515625 0.06875
0 0.16484375 0.47734375 0.1484375 0.0734375
0 0.88203125 0.6828125 0.134375 0.06953125
0 0.1671875 0.5515625 0.15 0.07421875
0 0.46640625 0.8453125 0.1453125 0.0796875
0 0.86171875 0.546875 0.134375 0.0703125
0 0.31796875 0.771875 0.153125 0.07890625
0 0.8609375 0.478125 0.1328125 0.06640625
0 0.31171875 0.6265625 0.146875 0.07578125
0 0.7171875 0.4140625 0.13515625 0.0734375
0 0.30625 0.4109375 0.14921875 0.07890625
0 0.6109375 0.7640625 0.140625 0.0765625
0 0.740625 0.68515625 0.134375 0.075
0 0.7578125 0.8359375 0.14140625 0.078125
0 0.60859375 0.6875 0.14140625 0.07265625
0 0.3203125 0.69609375 0.14921875 0.0734375
0 0.8875 0.75703125 0.134375 0.075
0 0.3125 0.48125 0.1453125 0.07109375
0 0.16171875 0.8546875 0.15625 0.08203125
0 0.58671875 0.4125 0.1375 0.07578125
0 0.45546875 0.625 0.14375 0.071875
0 0.89296875 0.83046875 0.134375 0.07734375
0 0.7546875 0.76015625 0.13984375 0.07578125
0 0.1671875 0.69609375 0.15546875 0.07734375
0 0.31328125 0.5515625 0.14609375 0.07265625
0 0.1671875 0.62734375 0.153125 0.07421875
0 0.1640625 0.77578125 0.15546875 0.07890625
0 0.86171875 0.61171875 0.1375 0.06875
0 0.725 0.6125 0.13671875 0.06953125
0 0.446875 0.41328125 0.14765625 0.07734375
0 0.46796875 0.6921875 0.14453125 0.07265625
0 0.815625 0.35859375 0.10390625 0.05703125
0 0.1609375 0.4078125 0.15234375 0.078125
0 0.61171875 0.84140625 0.1421875 0.07734375
0 0.83828125 0.41796875 0.1140625 0.06796875
0 0.31796875 0.85234375 0.153125 0.07734375
0 0.69296875 0.353125 0.10625 0.05625
0 0.3 0.35078125 0.14296875 0.04765625
0 0.15859375 0.35 0.14296875 0.046875
0 0.44140625 0.35546875 0.13515625 0.04140625
0 0.57265625 0.3578125 0.13125 0.04453125