0 0.58359375 0.32734375 0.0828125 0.10859375
0 0.50703125 0.228125 0.07734375 0.10859375
0 0.65390625 0.63828125 0.08359375 0.10703125
0 0.50625 0.33359375 0.078125 0.1015625
0 0.4984375 0.43359375 0.0765625 0.0984375
0 0.66953125 0.4328125 0.0859375 0.10625
0 0.84296875 0.4328125 0.09765625 0.1125
0 0.4296875 0.334375 0.07265625 0.09921875
0 0.4296875 0.23515625 0.07109375 0.1
0 0.8234375 0.7546875 0.096875 0.11484375
0 0.75859375 0.32265625 0.09453125 0.1171875
0 0.67109375 0.325 0.0859375 0.1109375
0 0.6515625 0.73984375 0.08203125 0.1078125
0 0.7546875 0.43046875 0.0921875 0.1109375
0 0.57578125 0.53359375 0.0828125 0.09921875
0 0.58046875 0.434375 0.08203125 0.10390625
0 0.5703125 0.63125 0.0796875 0.10390625
0 0.85859375 0.32265625 0.096875 0.11640625
0 0.725 0.8484375 0.08671875 0.11953125
0 0.73125 0.753125 0.0890625 0.115625
0 0.678125 0.221875 0.08671875 0.115625
0 0.83046875 0.65078125 0.09453125 0.115625
0 0.7484375 0.5390625 0.090625 0.1078125
0 0.83984375 0.54453125 0.09921875 0.11171875
0 0.296875 0.24296875 0.0625 0.09765625
0 0.6375 0.83984375 0.08203125 0.109375
0 0.6625 0.53671875 0.08359375 0.10546875
0 0.76953125 0.209375 0.09453125 0.11875
0 0.56875 0.73046875 0.078125 0.10625
0 0.8640625 0.20625 0.10390625 0.1234375
0 0.73828125 0.64609375 0.09140625 0.1125
0 0.815625 0.86875 0.0953125 0.121875
0 0.41328125 0.71328125 0.0703125 0.0984375
0 0.11015625 0.6734375 0.0578125 0.084375
0 0.35703125 0.3359375 0.06875 0.09765625
0 0.584375 0.2234375 0.0859375 0.1140625
0 0.42109375 0.61875 0.0703125 0.09921875
0 0.48359375 0.7203125 0.0765625 0.10234375
0 0.115625 0.58984375 0.05546875 0.08203125
0 0.16640625 0.59453125 0.05703125 0.084375
0 0.1171875 0.34140625 0.05390625 0.0875
0 0.3578125 0.4328125 0.06640625 0.09375
0 0.2953125 0.51953125 0.0625 0.08984375
0 0.16953125 0.34140625 0.05625 0.08828125
0 0.359375 0.23828125 0.06953125 0.1
0 0.49296875 0.53359375 0.0734375 0.0984375
0 0.428125 0.4359375 0.07109375 0.096875
0 0.23046875 0.33984375 0.06171875 0.0921875
0 0.48515625 0.8171875 0.075 0.103125
0 0.490625 0.62109375 0.07421875 0.1046875
0 0.56484375 0.8234375 0.078125 0.10625
0 0.11484375 0.4296875 0.05703125 0.08515625
0 0.29453125 0.43203125 0.06171875 0.090625
0 0.296875 0.3375 0.0609375 0.09375
0 0.23046875 0.24921875 0.06015625 0.09609375
0 0.35625 0.52265625 0.065625 0.09296875
0 0.17578125 0.43203125 0.05625 0.0875
0 0.228125 0.603125 0.05859375 0.08671875
0 0.17421875 0.253125 0.05625 0.090625
0 0.3453125 0.7890625 0.065625 0.09609375
0 0.42421875 0.52734375 0.0703125 0.096875
0 0.35078125 0.61171875 0.065625 0.09765625
0 0.34296875 0.69921875 0.06328125 0.09921875
0 0.2328125 0.4328125 0.0625 0.0890625
0 0.2921875 0.6046875 0.06328125 0.0921875
0 0.165625 0.68046875 0.0578125 0.084375
0 0.11875 0.50859375 0.05546875 0.08515625
0 0.409375 0.80234375 0.07109375 0.1015625
0 0.1125 0.25859375 0.0578125 0.0890625
0 0.22265625 0.7671875 0.07265625 0.09375
0 0.165625 0.765625 0.05703125 0.08984375
0 0.11640625 0.75859375 0.05234375 0.08359375
0 0.1734375 0.51484375 0.06328125 0.09375
0 0.28671875 0.69140625 0.0609375 0.09375
0 0.23125 0.515625 0.05859375 0.0875
0 0.225 0.68359375 0.05546875 0.0875
0 0.28359375 0.77734375 0.065625 0.10390625