0 0.48515625 0.54765625 0.1015625 0.1125
0 0.1890625 0.5328125 0.128125 0.14375
0 0.82109375 0.4359375 0.14375 0.0984375
0 0.27265625 0.790625 0.096875 0.0875
0 0.31640625 0.4484375 0.15625 0.0875
0 0.30859375 0.36640625 0.1546875 0.0890625
0 0.74765625 0.84296875 0.10625 0.10625
0 0.5484375 0.64453125 0.09375 0.090625
0 0.55390625 0.73125 0.11875 0.096875
0 0.2796875 0.2625 0.1 0.128125
0 0.6984375 0.55 0.115625 0.1203125
0 0.3796875 0.25703125 0.103125 0.128125
0 0.84453125 0.85625 0.1015625 0.109375
0 0.48671875 0.246875 0.1078125 0.128125
0 0.45234375 0.6390625 0.090625 0.0875
0 0.5890625 0.5484375 0.109375 0.115625
0 0.43828125 0.3546875 0.115625 0.090625
0 0.82734375 0.33828125 0.14375 0.103125
0 0.3875 0.546875 0.0953125 0.109375
0 0.640625 0.83984375 0.0984375 0.0984375
0 0.3015625 0.54765625 0.0953125 0.109375
0 0.821875 0.7546875 0.1578125 0.1
0 0.8125 0.21484375 0.1359375 0.153125
0 0.36171875 0.63828125 0.0875 0.0859375
0 0.1890625 0.63203125 0.121875 0.075
0 0.56015625 0.3515625 0.121875 0.09375
0 0.16875 0.32421875 0.103125 0.140625
0 0.6359375 0.64921875 0.0890625 0.096875
0 0.6796875 0.74453125 0.13125 0.1
0 0.6859375 0.43984375 0.13125 0.0953125
0 0.725 0.6546875 0.096875 0.0984375
0 0.18515625 0.70546875 0.121875 0.078125
0 0.6859375 0.3453125 0.13125 0.096875
0 0.8328125 0.659375 0.10625 0.1015625
0 0.17578125 0.78046875 0.0953125 0.0875
0 0.28515625 0.7125 0.084375 0.084375
0 0.559375 0.44296875 0.11875 0.09375
0 0.44453125 0.4453125 0.1125 0.09375
0 0.18046875 0.42421875 0.1140625 0.0734375
0 0.82265625 0.55 0.13125 0.128125
0 0.45625 0.81796875 0.0890625 0.096875
0 0.36953125 0.72421875 0.084375 0.0875
0 0.68125 0.2296875 0.1234375 0.1390625
0 0.3625 0.803125 0.1015625 0.0921875
0 0.28046875 0.6390625 0.078125 0.0828125
0 0.45234375 0.72734375 0.078125 0.09375
0 0.55078125 0.821875 0.0921875 0.103125
0 0.58046875 0.26796875 0.08125 0.0828125
0 0.16484375 0.228125 0.090625 0.05625
0 0.57265625 0.19765625 0.075 0.0625