0 0.22421875 0.83046875 0.1015625 0.0875
0 0.2 0.171875 0.1421875 0.1640625
0 0.384375 0.1421875 0.240625 0.09375
0 0.57890625 0.48984375 0.1921875 0.06875
0 0.3828125 0.490625 0.203125 0.06875
0 0.365625 0.7484375 0.184375 0.0546875
0 0.375 0.5609375 0.196875 0.065625
0 0.36796875 0.684375 0.1875 0.0625
0 0.8578125 0.1671875 0.234375 0.0921875
0 0.59140625 0.41328125 0.2078125 0.0734375
0 0.22421875 0.73828125 0.109375 0.1
0 0.81328125 0.33515625 0.21875 0.078125
0 0.3796875 0.4203125 0.2125 0.075
0 0.796875 0.415625 0.20625 0.071875
0 0.38125 0.32890625 0.225 0.08125
0 0.62890625 0.15 0.240625 0.090625
0 0.36328125 0.796875 0.18125 0.0515625
0 0.371875 0.62890625 0.190625 0.059375
0 0.21484375 0.48125 0.121875 0.1265625
0 0.22265625 0.6171875 0.115625 0.1109375
0 0.60234375 0.33203125 0.2234375 0.0796875
0 0.384375 0.2375 0.234375 0.090625
0 0.57265625 0.5546875 0.19375 0.065625
0 0.53828125 0.7921875 0.171875 0.05
0 0.36015625 0.85078125 0.175 0.0515625
0 0.76640625 0.553125 0.196875 0.0625
0 0.61171875 0.24375 0.228125 0.0859375
0 0.55859375 0.6234375 0.1875 0.0609375
0 0.21015625 0.34609375 0.134375 0.1453125
0 0.55546875 0.68359375 0.18125 0.059375
0 0.74765625 0.62734375 0.184375 0.059375
0 0.840625 0.25390625 0.225 0.08125
0 0.778125 0.490625 0.196875 0.065625
0 0.52890625 0.8484375 0.1703125 0.05
0 0.54609375 0.7421875 0.171875 0.05625
0 0.72890625 0.68203125 0.1828125 0.05625
0 0.71875 0.7421875 0.178125 0.053125
0 0.70625 0.790625 0.16875 0.0515625
0 0.690625 0.8453125 0.1625 0.0515625