0 0.72734375 0.26640625 0.090625 0.1375
0 0.73125 0.52578125 0.0875 0.13125
0 0.65078125 0.525 0.078125 0.128125
0 0.7296875 0.39609375 0.0875 0.13125
0 0.65234375 0.64921875 0.0796875 0.125
0 0.5765625 0.6453125 0.071875 0.1234375
0 0.73203125 0.1234375 0.084375 0.140625
0 0.4984375 0.64375 0.075 0.11875
0 0.4140625 0.2921875 0.075 0.11875
0 0.5703125 0.52421875 0.0734375 0.121875
0 0.7328125 0.65390625 0.0875 0.13125
0 0.64765625 0.271875 0.0796875 0.13125
0 0.5765625 0.76796875 0.078125 0.121875
0 0.81796875 0.25703125 0.084375 0.1375
0 0.56953125 0.4015625 0.071875 0.125
0 0.82265625 0.52109375 0.08125 0.134375
0 0.65 0.39921875 0.0828125 0.128125
0 0.49140625 0.40546875 0.078125 0.11875
0 0.5640625 0.278125 0.0734375 0.1296875
0 0.82734375 0.390625 0.08125 0.134375
0 0.65859375 0.771875 0.078125 0.125
0 0.42578125 0.64296875 0.075 0.11875
0 0.346875 0.303125 0.075 0.121875
0 0.8234375 0.6515625 0.0828125 0.13125
0 0.484375 0.28515625 0.078125 0.128125
0 0.50703125 0.7640625 0.06875 0.121875
0 0.50078125 0.52578125 0.071875 0.11875
0 0.42109375 0.41171875 0.078125 0.121875
0 0.74140625 0.7796875 0.0828125 0.1296875
0 0.8203125 0.1125 0.090625 0.14375
0 0.6484375 0.1359375 0.075 0.13125
0 0.34296875 0.18046875 0.075 0.1265625
0 0.82265625 0.7828125 0.090625 0.134375
0 0.425 0.5265625 0.075 0.1203125
0 0.41328125 0.16796875 0.071875 0.125
0 0.34453125 0.42109375 0.078125 0.109375
0 0.5625 0.1515625 0.078125 0.1328125
0 0.3375 0.62578125 0.053125 0.1
0 0.484375 0.16015625 0.078125 0.128125
0 0.33515625 0.52578125 0.053125 0.1015625
0 0.33984375 0.7234375 0.05625 0.103125
0 0.27109375 0.434375 0.0625 0.103125
0 0.278125 0.628125 0.0578125 0.103125
0 0.534375 0.8921875 0.0890625 0.09375
0 0.27265625 0.53046875 0.0578125 0.1
0 0.2671875 0.81015625 0.0578125 0.1
0 0.6203125 0.8953125 0.09375 0.1
0 0.81875 0.9203125 0.109375 0.11875
0 0.4265625 0.7609375 0.075 0.11875
0 0.27421875 0.71953125 0.071875 0.084375
0 0.2640625 0.334375 0.065625 0.109375
0 0.259375 0.22734375 0.059375 0.1125
0 0.71328125 0.90546875 0.103125 0.115625
0 0.32734375 0.828125 0.06875 0.084375
0 0.3953125 0.82734375 0.06875 0.090625
0 0.45703125 0.84609375 0.0578125 0.053125