0 0.5484375 0.89296875 0.246875 0.121875
0 0.33125 0.66875 0.2125 0.0984375
0 0.32265625 0.76796875 0.2265625 0.10625
0 0.359375 0.390625 0.2 0.090625
0 0.5734375 0.2140625 0.20625 0.0921875
0 0.790625 0.88125 0.23125 0.08125
0 0.7890625 0.50390625 0.21875 0.0671875
0 0.7890625 0.64921875 0.21875 0.0734375
0 0.78828125 0.440625 0.2140625 0.065625
0 0.78671875 0.37421875 0.209375 0.0625
0 0.584375 0.12421875 0.2125 0.090625
0 0.33984375 0.5671875 0.209375 0.09375
0 0.9484375 0.44140625 0.103125 0.06875
0 0.946875 0.30859375 0.10625 0.065625
0 0.79453125 0.71875 0.23125 0.071875
0 0.9546875 0.728125 0.090625 0.0765625
0 0.78828125 0.57421875 0.215625 0.065625
0 0.3125 0.88125 0.2296875 0.1140625
0 0.55234375 0.7796875 0.234375 0.109375
0 0.9515625 0.64921875 0.096875 0.075
0 0.37109375 0.21953125 0.190625 0.0875
0 0.7921875 0.7984375 0.228125 0.0765625
0 0.94921875 0.50390625 0.1015625 0.06875
0 0.3640625 0.30390625 0.1953125 0.090625
0 0.946875 0.3671875 0.10625 0.065625
0 0.94921875 0.575 0.1015625 0.06875
0 0.9453125 0.18203125 0.109375 0.0625
0 0.946875 0.2390625 0.10625 0.0625
0 0.78671875 0.19140625 0.2 0.0625
0 0.9546875 0.80078125 0.0890625 0.0765625
0 0.95625 0.8875 0.0875 0.0828125
0 0.78828125 0.2515625 0.203125 0.0625
0 0.78515625 0.31640625 0.2015625 0.0625
0 0.56796875 0.3046875 0.20625 0.0921875
0 0.34921875 0.4734375 0.20625 0.090625
0 0.5609375 0.4765625 0.2125 0.09375
0 0.55703125 0.5703125 0.21875 0.096875
0 0.378125 0.13203125 0.1984375 0.090625
0 0.55546875 0.6703125 0.225 0.1046875
0 0.56484375 0.38515625 0.209375 0.090625