0 0.1890625 0.84765625 0.15546875 0.06171875
0 0.34609375 0.73203125 0.15078125 0.06171875
0 0.64453125 0.73046875 0.14765625 0.06015625
0 0.51171875 0.3265625 0.1109375 0.059375
0 0.6046875 0.36484375 0.075 0.08828125
0 0.4 0.3546875 0.1109375 0.11875
0 0.684375 0.45625 0.0734375 0.0890625
0 0.7859375 0.5875 0.12890625 0.07109375
0 0.83125 0.68125 0.06953125 0.12265625
0 0.23359375 0.24921875 0.07265625 0.09140625
0 0.7875 0.521875 0.1296875 0.06953125
0 0.6859375 0.3671875 0.07578125 0.0875
0 0.51171875 0.503125 0.11015625 0.059375
0 0.5109375 0.38125 0.1109375 0.05859375
0 0.51171875 0.5578125 0.1109375 0.0578125
0 0.78515625 0.4546875 0.128125 0.06953125
0 0.7859375 0.3203125 0.1125 0.07109375
0 0.31171875 0.24765625 0.075 0.0921875
0 0.60546875 0.54296875 0.075 0.08828125
0 0.346875 0.66953125 0.15234375 0.0625
0 0.346875 0.6109375 0.15234375 0.0578125
0 0.2875 0.32421875 0.11328125 0.059375
0 0.1890625 0.7875 0.15390625 0.05859375
0 0.1859375 0.6734375 0.15546875 0.059375
0 0.78515625 0.2453125 0.1109375 0.071875
0 0.38203125 0.2515625 0.07421875 0.08984375
0 0.78671875 0.38359375 0.12578125 0.06953125
0 0.471875 0.72890625 0.103125 0.0609375
0 0.50078125 0.78359375 0.153125 0.05859375
0 0.4046875 0.38125 0.1125 0.05703125
0 0.18515625 0.73359375 0.15546875 0.06015625
0 0.759375 0.68203125 0.06875 0.12421875
0 0.64453125 0.7828125 0.15 0.05859375
0 0.4578125 0.25078125 0.07109375 0.0890625
0 0.28671875 0.38046875 0.1125 0.059375
0 0.17734375 0.3265625 0.115625 0.059375
0 0.6421875 0.6703125 0.15078125 0.06015625
0 0.53125 0.2546875 0.0734375 0.0875
0 0.15625 0.25 0.075 0.0890625
0 0.60546875 0.45703125 0.07578125 0.0875
0 0.7609375 0.809375 0.06875 0.12109375
0 0.640625 0.6109375 0.15 0.05703125
0 0.51171875 0.44296875 0.11015625 0.05859375
0 0.68515625 0.54375 0.071875 0.0890625
0 0.175 0.559375 0.11484375 0.05703125
0 0.4984375 0.61015625 0.14921875 0.05703125
0 0.39921875 0.46953125 0.1109375 0.11640625
0 0.3453125 0.7859375 0.15546875 0.06015625
0 0.29140625 0.559375 0.1125 0.0578125
0 0.8328125 0.8109375 0.06796875 0.12265625
0 0.61796875 0.27890625 0.09140625 0.0875
0 0.39921875 0.55859375 0.11015625 0.0578125
0 0.3984375 0.50234375 0.11171875 0.0609375
0 0.69453125 0.2796875 0.07109375 0.08828125
0 0.34296875 0.8453125 0.153125 0.0609375
0 0.1921875 0.61328125 0.15 0.05859375
0 0.17890625 0.38203125 0.11484375 0.05625
0 0.64921875 0.84453125 0.15 0.059375
0 0.290625 0.496875 0.1125 0.0578125
0 0.5015625 0.84609375 0.153125 0.0625
0 0.17109375 0.50390625 0.11328125 0.059375
0 0.28984375 0.4421875 0.11171875 0.0578125
0 0.4703125 0.6671875 0.09765625 0.059375
0 0.5484375 0.728125 0.05078125 0.05859375
0 0.5484375 0.66953125 0.0484375 0.0578125
0 0.17265625 0.44765625 0.11328125 0.071875