0 0.5546875 0.57109375 0.115625 0.09375
0 0.80703125 0.59609375 0.14375 0.08125
0 0.45 0.58984375 0.1015625 0.071875
0 0.79453125 0.42734375 0.1390625 0.08125
0 0.6734375 0.5640625 0.1265625 0.1
0 0.6734375 0.66328125 0.128125 0.10625
0 0.6703125 0.40078125 0.121875 0.1078125
0 0.5546875 0.75078125 0.1125 0.0875
0 0.55390625 0.3953125 0.1125 0.090625
0 0.45546875 0.6640625 0.1 0.084375
0 0.359375 0.6421875 0.0921875 0.0796875
0 0.3578125 0.5625 0.090625 0.078125
0 0.67421875 0.7640625 0.1296875 0.109375
0 0.3546875 0.4859375 0.09375 0.08125
0 0.6703125 0.4796875 0.11875 0.065625
0 0.78828125 0.3484375 0.1375 0.08125
0 0.78671875 0.26796875 0.1375 0.084375
0 0.8140625 0.6765625 0.14375 0.0859375
0 0.55859375 0.6671875 0.1125 0.096875
0 0.55546875 0.83984375 0.11875 0.1015625
0 0.55703125 0.478125 0.1125 0.0875
0 0.45078125 0.453125 0.1046875 0.0671875
0 0.665625 0.30859375 0.125 0.0875
0 0.44765625 0.52421875 0.103125 0.0703125
0 0.4421875 0.315625 0.103125 0.0734375
0 0.54765625 0.3078125 0.1125 0.090625
0 0.80078125 0.5078125 0.14375 0.084375
0 0.4453125 0.38828125 0.1015625 0.071875
0 0.34921875 0.41171875 0.09375 0.065625
0 0.45234375 0.746875 0.0984375 0.075
0 0.35625 0.71484375 0.0921875 0.0796875
0 0.34765625 0.34453125 0.09375 0.0640625
0 0.5484375 0.2265625 0.1125 0.09375
0 0.34453125 0.27421875 0.090625 0.078125
0 0.340625 0.2 0.09375 0.1
0 0.43984375 0.24921875 0.1 0.06875
0 0.45 0.8234375 0.109375 0.0890625
0 0.81484375 0.76875 0.146875 0.115625
0 0.35859375 0.79609375 0.0921875 0.0828125
0 0.5421875 0.14140625 0.109375 0.071875
0 0.4375 0.17265625 0.1 0.103125
0 0.65703125 0.2125 0.128125 0.134375
0 0.65390625 0.1234375 0.128125 0.1125
0 0.6796875 0.865625 0.140625 0.128125
0 0.81796875 0.88671875 0.1546875 0.1125
0 0.78359375 0.19453125 0.1375 0.1046875
0 0.77890625 0.1078125 0.140625 0.134375