0 0.459375 0.3859375 0.13125 0.13046875
0 0.58515625 0.60078125 0.10390625 0.11796875
0 0.465625 0.5078125 0.1234375 0.12578125
0 0.59609375 0.70703125 0.10234375 0.1203125
0 0.57421875 0.3875 0.11015625 0.11796875
0 0.3078125 0.24453125 0.16328125 0.15859375
0 0.4484375 0.25859375 0.13828125 0.140625
0 0.67890625 0.38828125 0.09140625 0.1109375
0 0.1578125 0.38671875 0.19140625 0.153125
0 0.58046875 0.496875 0.1046875 0.11484375
0 0.7765625 0.4796875 0.10234375 0.07890625
0 0.12890625 0.2234375 0.20546875 0.17890625
0 0.33828125 0.51953125 0.1453125 0.13515625
0 0.50390625 0.83125 0.10859375 0.13203125
0 0.384375 0.86796875 0.1296875 0.13828125
0 0.771875 0.23671875 0.109375 0.09375
0 0.6890625 0.68125 0.0875 0.109375
0 0.18046875 0.5234375 0.18203125 0.1484375
0 0.4875 0.72578125 0.11484375 0.128125
0 0.34375 0.64140625 0.13671875 0.13671875
0 0.68125 0.4921875 0.08984375 0.10703125
0 0.86875 0.40546875 0.090625 0.0734375
0 0.771875 0.4015625 0.0984375 0.0796875
0 0.31484375 0.38828125 0.1578125 0.14140625
0 0.8671875 0.4703125 0.08828125 0.07109375
0 0.5984375 0.80078125 0.0984375 0.1171875
0 0.76953125 0.32578125 0.10234375 0.08203125
0 0.6828125 0.58671875 0.090625 0.10859375
0 0.521875 0.15625 0.146875 0.1125
0 0.77890625 0.55390625 0.10078125 0.078125
0 0.36875 0.1109375 0.1859375 0.1515625
0 0.475 0.62421875 0.11953125 0.12421875
0 0.6890625 0.778125 0.084375 0.10703125
0 0.19765625 0.66328125 0.16796875 0.1578125
0 0.2375 0.90625 0.15703125 0.15078125
0 0.36796875 0.75703125 0.13046875 0.14140625
0 0.2203125 0.79375 0.171875 0.15546875
0 0.78203125 0.6875 0.096875 0.0796875
0 0.56875 0.2734375 0.11484375 0.12890625
0 0.86875 0.33046875 0.09296875 0.07578125
0 0.78046875 0.6203125 0.09765625 0.07421875
0 0.86796875 0.70078125 0.0796875 0.134375
0 0.8640625 0.5734375 0.0828125 0.13359375
0 0.14921875 0.08125 0.24609375 0.1625
0 0.77890625 0.76171875 0.096875 0.08671875
0 0.86640625 0.60234375 0.08125 0.0640625
0 0.6734375 0.2765625 0.09609375 0.11875
0 0.66015625 0.17109375 0.13125 0.11875
0 0.8671875 0.2515625 0.09453125 0.09375