0 0.2953125 0.24921875 0.1125 0.0890625
0 0.75234375 0.26171875 0.125 0.090625
0 0.2953125 0.3390625 0.1125 0.0859375
0 0.721875 0.86328125 0.115625 0.08125
0 0.51953125 0.15234375 0.11875 0.09375
0 0.51015625 0.42578125 0.1109375 0.084375
0 0.74140625 0.35078125 0.125 0.0875
0 0.29609375 0.42890625 0.1125 0.0828125
0 0.29375 0.15234375 0.1140625 0.090625
0 0.73828125 0.4421875 0.125 0.0859375
0 0.6203125 0.521875 0.115625 0.084375
0 0.61640625 0.5984375 0.1125 0.08125
0 0.6359375 0.16171875 0.121875 0.09375
0 0.7203125 0.94140625 0.1140625 0.0796875
0 0.40703125 0.15625 0.115625 0.09375
0 0.19140625 0.5875 0.109375 0.08125
0 0.40546875 0.8375 0.10625 0.08125
0 0.3015625 0.83515625 0.10625 0.078125
0 0.7328125 0.53125 0.121875 0.084375
0 0.07578125 0.0578125 0.1109375 0.0921875
0 0.6296875 0.34609375 0.11875 0.0875
0 0.29765625 0.06484375 0.115625 0.09375
0 0.18515625 0.06015625 0.1125 0.09375
0 0.63203125 0.2546875 0.11875 0.090625
0 0.515625 0.2453125 0.1140625 0.0875
0 0.18828125 0.4234375 0.10625 0.08125
0 0.62734375 0.43515625 0.115625 0.084375
0 0.40703125 0.25078125 0.115625 0.0875
0 0.18984375 0.5046875 0.1078125 0.08125
0 0.5265625 0.0625 0.121875 0.09375
0 0.50546875 0.6765625 0.1078125 0.08125
0 0.51328125 0.3375 0.1140625 0.0875
0 0.6109375 0.86015625 0.109375 0.0796875
0 0.734375 0.61015625 0.1171875 0.08125
0 0.1859375 0.15234375 0.1125 0.0890625
0 0.30234375 0.5109375 0.1125 0.08125
0 0.61484375 0.771875 0.1125 0.084375
0 0.18828125 0.334375 0.109375 0.084375
0 0.409375 0.340625 0.1125 0.0875
0 0.090625 0.58125 0.1046875 0.08125
0 0.503125 0.9328125 0.109375 0.0796875
0 0.1890625 0.24765625 0.109375 0.0875
0 0.75546875 0.1671875 0.1265625 0.090625
0 0.51015625 0.759375 0.1109375 0.084375
0 0.61640625 0.93828125 0.1078125 0.0828125
0 0.51328125 0.59375 0.10625 0.084375
0 0.190625 0.75546875 0.1046875 0.078125
0 0.409375 0.06328125 0.115625 0.0953125
0 0.40625 0.7625 0.1078125 0.078125
0 0.61484375 0.6828125 0.1125 0.084375
0 0.728125 0.69609375 0.11875 0.08125
0 0.40859375 0.4234375 0.1078125 0.08125
0 0.19921875 0.91171875 0.103125 0.08125
0 0.40390625 0.596875 0.1078125 0.078125
0 0.196875 0.8296875 0.103125 0.078125
0 0.50703125 0.85546875 0.109375 0.08125
0 0.19140625 0.67265625 0.1046875 0.08125
0 0.29921875 0.7609375 0.10625 0.08125
0 0.08359375 0.2375 0.10625 0.0859375
0 0.403125 0.6765625 0.109375 0.0796875
0 0.728125 0.7796875 0.1171875 0.08125
0 0.09375 0.6640625 0.1046875 0.078125
0 0.0890625 0.49453125 0.103125 0.0796875
0 0.084375 0.3265625 0.109375 0.08125
0 0.09140625 0.40625 0.103125 0.08125
0 0.7640625 0.07109375 0.13125 0.09375
0 0.40625 0.91640625 0.10625 0.078125
0 0.08125 0.14765625 0.109375 0.0875
0 0.64375 0.06875 0.121875 0.09375
0 0.09765625 0.74375 0.103125 0.078125
0 0.30234375 0.59296875 0.109375 0.078125
0 0.0953125 0.821875 0.1015625 0.0765625
0 0.3 0.678125 0.10625 0.0796875
0 0.3015625 0.9140625 0.1078125 0.0765625
0 0.51015625 0.50703125 0.11875 0.084375
0 0.403125 0.50625 0.096875 0.0828125
0 0.09453125 0.90234375 0.103125 0.0828125