0 0.40703125 0.78046875 0.075 0.071875
0 0.75859375 0.77421875 0.059375 0.0703125
0 0.5484375 0.846875 0.075 0.071875
0 0.74921875 0.57421875 0.0546875 0.0625
0 0.47734375 0.70859375 0.0734375 0.06875
0 0.4765625 0.57890625 0.071875 0.065625
0 0.54375 0.71015625 0.06875 0.06875
0 0.47890625 0.8484375 0.075 0.071875
0 0.621875 0.92109375 0.075 0.0765625
0 0.409375 0.57890625 0.071875 0.065625
0 0.7328125 0.3375 0.05 0.05625
0 0.259375 0.92578125 0.0765625 0.0796875
0 0.603125 0.33984375 0.06875 0.0625
0 0.334375 0.84765625 0.0796875 0.0765625
0 0.68203125 0.709375 0.075 0.0671875
0 0.33125 0.9234375 0.08125 0.0796875
0 0.6953125 0.921875 0.078125 0.0734375
0 0.6171875 0.71015625 0.071875 0.06875
0 0.60078125 0.2828125 0.0640625 0.059375
0 0.7265625 0.45390625 0.053125 0.059375
0 0.33671875 0.7765625 0.078125 0.075
0 0.60546875 0.4578125 0.071875 0.0625
0 0.6046875 0.39921875 0.06875 0.059375
0 0.409375 0.64609375 0.071875 0.06875
0 0.6625 0.28203125 0.0625 0.059375
0 0.75 0.70703125 0.065625 0.065625
0 0.47578125 0.6453125 0.075 0.065625
0 0.47734375 0.515625 0.06875 0.0625
0 0.77421875 0.91875 0.05625 0.071875
0 0.53828125 0.2265625 0.065625 0.0609375
0 0.734375 0.3953125 0.0546875 0.05625
0 0.47578125 0.77734375 0.071875 0.0703125
0 0.41328125 0.39765625 0.065625 0.0625
0 0.4109375 0.5171875 0.071875 0.0625
0 0.22109375 0.3984375 0.06875 0.0625
0 0.4765625 0.39609375 0.06875 0.0609375
0 0.14453125 0.1328125 0.065625 0.059375
0 0.53984375 0.39765625 0.065625 0.0609375
0 0.6859375 0.7765625 0.075 0.0703125
0 0.6765625 0.57890625 0.06875 0.0625
0 0.5984375 0.22578125 0.0640625 0.05625
0 0.109375 0.56328125 0.08125 0.0703125
0 0.68125 0.64453125 0.071875 0.0640625
0 0.66953125 0.5171875 0.0625 0.0625
0 0.76875 0.84453125 0.05625 0.071875
0 0.5375 0.17265625 0.0609375 0.053125
0 0.134375 0.24765625 0.0671875 0.0640625
0 0.55078125 0.921875 0.078125 0.0734375
0 0.5421875 0.4578125 0.065625 0.059375
0 0.609375 0.5171875 0.059375 0.0625
0 0.6109375 0.57890625 0.0625 0.0625
0 0.66875 0.45625 0.065625 0.0609375
0 0.26171875 0.8515625 0.0796875 0.071875
0 0.73671875 0.5140625 0.0640625 0.0609375
0 0.4765625 0.171875 0.0640625 0.05625
0 0.34609375 0.45390625 0.06875 0.0625
0 0.40625 0.85 0.075 0.071875
0 0.546875 0.7765625 0.06875 0.071875
0 0.21875 0.45703125 0.06875 0.0625
0 0.475 0.4546875 0.071875 0.0640625
0 0.7453125 0.64140625 0.0625 0.0625
0 0.26484375 0.77890625 0.08125 0.071875
0 0.4765625 0.33828125 0.06875 0.059375
0 0.540625 0.3390625 0.065625 0.0625
0 0.5390625 0.2828125 0.065625 0.059375
0 0.340625 0.578125 0.06875 0.065625
0 0.2171875 0.51796875 0.0703125 0.0625
0 0.35078125 0.33828125 0.065625 0.05625
0 0.40546875 0.925 0.075 0.078125
0 0.29296875 0.1734375 0.06875 0.059375
0 0.13984375 0.19140625 0.071875 0.059375
0 0.4140625 0.33984375 0.0671875 0.0625
0 0.59609375 0.17109375 0.0625 0.05625
0 0.3515625 0.28203125 0.06875 0.05625
0 0.61796875 0.846875 0.06875 0.071875
0 0.07578125 0.9375 0.0796875 0.08125
0 0.6671875 0.39609375 0.0671875 0.0578125
0 0.284375 0.3953125 0.071875 0.059375
0 0.23828125 0.12109375 0.0671875 0.059375
0 0.47734375 0.925 0.078125 0.0765625
0 0.409375 0.7109375 0.075 0.071875
0 0.22890625 0.28515625 0.0671875 0.059375
0 0.66015625 0.22578125 0.0640625 0.059375
0 0.4140625 0.2828125 0.0671875 0.0609375
0 0.21015625 0.578125 0.0671875 0.0625
0 0.41171875 0.4578125 0.071875 0.0625
0 0.7265625 0.225 0.05 0.0546875
0 0.1171875 0.43359375 0.071875 0.065625
0 0.6578125 0.171875 0.0609375 0.05625
0 0.72890625 0.28046875 0.046875 0.05625
0 0.27265625 0.64140625 0.0765625 0.0703125
0 0.34921875 0.39453125 0.0671875 0.059375
0 0.22578125 0.33984375 0.06875 0.0609375
0 0.28984375 0.28203125 0.0671875 0.0609375
0 0.3390625 0.6453125 0.071875 0.0671875
0 0.54375 0.51640625 0.065625 0.0609375
0 0.28125 0.453125 0.071875 0.059375
0 0.415625 0.225 0.0609375 0.0546875
0 0.08125 0.85625 0.078125 0.0796875
0 0.2734375 0.57578125 0.0703125 0.0671875
0 0.47734375 0.22734375 0.065625 0.0578125
0 0.29609375 0.1203125 0.06875 0.0578125
0 0.6859375 0.84765625 0.075 0.071875
0 0.415625 0.1703125 0.0625 0.05625
0 0.61796875 0.778125 0.0734375 0.06875
0 0.66484375 0.33984375 0.0640625 0.05625
0 0.23203125 0.23203125 0.0640625 0.059375
0 0.09140625 0.70859375 0.08125 0.075
0 0.18984375 0.85078125 0.071875 0.075
0 0.20703125 0.64609375 0.071875 0.06875
0 0.278125 0.5125 0.071875 0.0625
0 0.0859375 0.78203125 0.078125 0.0765625
0 0.54453125 0.578125 0.06875 0.065625
0 0.26953125 0.71015625 0.0765625 0.071875
0 0.09921875 0.63359375 0.078125 0.071875
0 0.41640625 0.115625 0.0671875 0.059375
0 0.34375 0.51484375 0.065625 0.0625
0 0.12734375 0.3078125 0.071875 0.0625
0 0.54375 0.64453125 0.06875 0.065625
0 0.1640625 0.9390625 0.0765625 0.084375
0 0.53515625 0.115625 0.0609375 0.05625
0 0.290625 0.22734375 0.06875 0.059375
0 0.47578125 0.2828125 0.0671875 0.059375
0 0.4765625 0.1171875 0.0625 0.05625
0 0.23515625 0.1765625 0.0671875 0.059375
0 0.659375 0.11484375 0.065625 0.0609375
0 0.196875 0.78046875 0.078125 0.071875
0 0.28671875 0.3375 0.06875 0.0609375
0 0.203125 0.7109375 0.071875 0.071875
0 0.6109375 0.6453125 0.0625 0.065625
0 0.35390625 0.1703125 0.06875 0.0546875
0 0.11484375 0.4984375 0.075 0.06875
0 0.3375 0.70859375 0.0796875 0.0703125
0 0.725 0.16875 0.046875 0.05625
0 0.3546875 0.11640625 0.0671875 0.059375
0 0.15546875 0.6359375 0.0375 0.071875
0 0.725 0.1109375 0.046875 0.053125
0 0.35546875 0.2265625 0.0625 0.05625
0 0.13515625 0.86015625 0.0375 0.08125
0 0.5984375 0.115625 0.065625 0.05625
0 0.15 0.0765625 0.06875 0.0625
0 0.14609375 0.70625 0.034375 0.0703125
0 0.12421875 0.36953125 0.078125 0.065625
0 0.13984375 0.7796875 0.0375 0.071875