0 0.53359375 0.74921875 0.1078125 0.071875
0 0.43046875 0.75234375 0.0984375 0.08359375
0 0.32890625 0.496875 0.10859375 0.090625
0 0.2140625 0.50234375 0.11875 0.09453125
0 0.21875 0.68046875 0.115625 0.09296875
0 0.32890625 0.5859375 0.10859375 0.09140625
0 0.43203125 0.584375 0.09921875 0.0890625
0 0.221875 0.76875 0.115625 0.09453125
0 0.43125 0.49609375 0.0984375 0.0875
0 0.2171875 0.58984375 0.11953125 0.09609375
0 0.33046875 0.76171875 0.10703125 0.08984375
0 0.53203125 0.6765625 0.109375 0.0671875
0 0.32890625 0.67421875 0.10625 0.08984375
0 0.21875 0.41015625 0.1171875 0.09609375
0 0.4296875 0.66875 0.10078125 0.0875
0 0.32890625 0.4125 0.10625 0.0921875
0 0.63671875 0.60546875 0.0984375 0.0640625
0 0.5328125 0.60703125 0.11171875 0.07421875
0 0.72734375 0.7265625 0.09375 0.0640625
0 0.63203125 0.7359375 0.0984375 0.075
0 0.63515625 0.5421875 0.10078125 0.06484375
0 0.81796875 0.71953125 0.08515625 0.0640625
0 0.634375 0.6671875 0.09921875 0.0640625
0 0.53046875 0.540625 0.1109375 0.06875
0 0.81796875 0.59765625 0.0859375 0.0625
0 0.43046875 0.415625 0.0953125 0.0875
0 0.72734375 0.6 0.0921875 0.0625
0 0.73046875 0.66328125 0.09296875 0.06328125
0 0.53125 0.4734375 0.10703125 0.06484375
0 0.728125 0.47421875 0.1015625 0.065625
0 0.6328125 0.47421875 0.1 0.07265625
0 0.73203125 0.53984375 0.09375 0.065625
0 0.81484375 0.47421875 0.0875 0.06640625
0 0.815625 0.5359375 0.08515625 0.0625
0 0.81171875 0.65859375 0.08515625 0.06875