0 0.565625 0.628125 0.13203125 0.0859375
0 0.12734375 0.8390625 0.14921875 0.13671875
0 0.5828125 0.815625 0.13671875 0.09453125
0 0.6921875 0.62734375 0.125 0.08125
0 0.44453125 0.834375 0.146875 0.09375
0 0.43203125 0.62890625 0.1421875 0.0921875
0 0.68125 0.54921875 0.12265625 0.07578125
0 0.42890625 0.72578125 0.1453125 0.09765625
0 0.4296875 0.54921875 0.1328125 0.07421875
0 0.71171875 0.809375 0.13046875 0.08984375
0 0.41484375 0.39453125 0.1296875 0.075
0 0.57421875 0.7265625 0.1390625 0.0875
0 0.559375 0.55 0.128125 0.0734375
0 0.66953125 0.46953125 0.1203125 0.0671875
0 0.2859375 0.83984375 0.16171875 0.10546875
0 0.95 0.790625 0.1 0.084375
0 0.79765625 0.55078125 0.11875 0.0734375
0 0.5515625 0.46875 0.12421875 0.071875
0 0.82265625 0.7125 0.1234375 0.08125
0 0.41953125 0.4671875 0.13203125 0.075
0 0.66328125 0.40234375 0.115625 0.07109375
0 0.2859375 0.46328125 0.146875 0.07890625
0 0.546875 0.396875 0.121875 0.07109375
0 0.76171875 0.334375 0.11015625 0.06328125
0 0.775 0.3984375 0.11484375 0.06484375
0 0.75234375 0.2734375 0.11171875 0.0640625
0 0.6984375 0.72109375 0.1265625 0.0859375
0 0.84140625 0.8 0.125 0.08125
0 0.12734375 0.70625 0.13828125 0.121875
0 0.78203125 0.47109375 0.1125 0.07109375
0 0.28046875 0.73671875 0.1609375 0.09921875
0 0.9359375 0.70234375 0.1203125 0.0765625
0 0.9234375 0.628125 0.115625 0.0734375
0 0.2828125 0.38828125 0.14296875 0.08046875
0 0.81015625 0.62578125 0.1203125 0.07734375
0 0.884375 0.4 0.1140625 0.06484375
0 0.64765625 0.33046875 0.12109375 0.065625
0 0.89296875 0.46953125 0.1140625 0.07109375
0 0.2859375 0.5515625 0.15 0.0796875
0 0.90859375 0.55 0.1140625 0.0734375
0 0.2703125 0.28203125 0.11875 0.06640625
0 0.86796875 0.33671875 0.109375 0.06484375
0 0.38515625 0.296875 0.11171875 0.05625
0 0.28125 0.63671875 0.153125 0.0875
0 0.1421875 0.384375 0.1234375 0.09921875
0 0.6359375 0.26328125 0.11796875 0.0640625
0 0.1375 0.4875 0.12578125 0.10546875
0 0.140625 0.29765625 0.125 0.090625
0 0.85390625 0.2640625 0.11015625 0.065625
0 0.28671875 0.2171875 0.1 0.08359375
0 0.73359375 0.20078125 0.1125 0.07578125
0 0.13359375 0.590625 0.128125 0.11484375
0 0.16015625 0.1296875 0.13984375 0.08515625
0 0.13828125 0.20546875 0.11953125 0.09453125
0 0.3875 0.2296875 0.11015625 0.0625
0 0.490625 0.2375 0.10859375 0.06015625
0 0.62265625 0.19609375 0.11171875 0.06171875
0 0.8390625 0.20390625 0.10390625 0.06484375
0 0.49921875 0.29453125 0.11484375 0.0609375