0 0.28359375 0.796875 0.1875 0.065625
0 0.109375 0.6203125 0.1875 0.059375
0 0.4703125 0.79296875 0.18125 0.065625
0 0.103125 0.74296875 0.184375 0.0625
0 0.12265625 0.35234375 0.16875 0.05
0 0.125 0.30546875 0.165625 0.05
0 0.1203125 0.3984375 0.171875 0.05
0 0.46640625 0.72734375 0.178125 0.0625
0 0.10546875 0.67734375 0.1875 0.0609375
0 0.5953125 0.659375 0.1 0.1
0 0.28359375 0.73046875 0.184375 0.0625
0 0.1 0.803125 0.190625 0.0703125
0 0.46328125 0.66875 0.175 0.059375
0 0.28828125 0.6734375 0.18125 0.059375
0 0.5859375 0.5609375 0.09375 0.090625
0 0.4515625 0.4484375 0.15625 0.0484375
0 0.453125 0.496875 0.15625 0.053125
0 0.45546875 0.55546875 0.1609375 0.053125
0 0.44921875 0.40390625 0.153125 0.046875
0 0.1171875 0.50234375 0.178125 0.053125
0 0.5703125 0.390625 0.0859375 0.078125
0 0.11875 0.45234375 0.175 0.05
0 0.29296875 0.6125 0.175 0.05625
0 0.29296875 0.35546875 0.1578125 0.046875
0 0.61015625 0.76640625 0.103125 0.1078125
0 0.29296875 0.40859375 0.159375 0.046875
0 0.29296875 0.5109375 0.165625 0.05
0 0.46015625 0.609375 0.165625 0.05625
0 0.44765625 0.3515625 0.153125 0.04375
0 0.29296875 0.31015625 0.15625 0.046875
0 0.5765625 0.47265625 0.090625 0.084375
0 0.12734375 0.25234375 0.165625 0.046875
0 0.29296875 0.45546875 0.1625 0.05
0 0.565625 0.31015625 0.0859375 0.08125
0 0.290625 0.5609375 0.1703125 0.05625
0 0.11875 0.5609375 0.178125 0.05625
0 0.44375 0.30703125 0.15 0.0453125
0 0.44296875 0.25546875 0.146875 0.04375
0 0.29140625 0.25625 0.153125 0.046875