0 0.425 0.11328125 0.2546875 0.121875
0 0.6578125 0.2390625 0.2375 0.1125
0 0.40546875 0.72578125 0.21875 0.096875
0 0.6171875 0.6421875 0.209375 0.09375
0 0.61875 0.72421875 0.20625 0.0921875
0 0.4046875 0.63828125 0.221875 0.096875
0 0.59921875 0.903125 0.209375 0.0953125
0 0.41640625 0.23203125 0.253125 0.115625
0 0.60546875 0.815625 0.20625 0.090625
0 0.64921875 0.34921875 0.23125 0.103125
0 0.38828125 0.9046875 0.2125 0.09375
0 0.39921875 0.82109375 0.221875 0.1
0 0.41328125 0.4453125 0.2296875 0.103125
0 0.6671875 0.1234375 0.240625 0.11875
0 0.4078125 0.54375 0.221875 0.1
0 0.41640625 0.3453125 0.23125 0.096875
0 0.63359375 0.54921875 0.215625 0.096875
0 0.640625 0.44921875 0.2234375 0.096875