0 0.2828125 0.66640625 0.09921875 0.121875
0 0.3875 0.76484375 0.0890625 0.11484375
0 0.2328125 0.3 0.11875 0.134375
0 0.35 0.428125 0.09765625 0.1203125
0 0.5921875 0.203125 0.078125 0.1234375
0 0.125 0.296875 0.13359375 0.14140625
0 0.16328125 0.55625 0.12109375 0.12421875
0 0.20859375 0.9015625 0.1015625 0.125
0 0.2515625 0.42890625 0.11328125 0.1265625
0 0.22109375 0.16953125 0.11953125 0.146875
0 0.140625 0.43203125 0.12421875 0.134375
0 0.32734375 0.18125 0.1046875 0.1421875
0 0.6703125 0.2109375 0.071875 0.11875
0 0.1046875 0.146875 0.134375 0.16015625
0 0.29765625 0.771875 0.096875 0.11875
0 0.5140625 0.196875 0.0859375 0.128125
0 0.340625 0.31328125 0.1046875 0.1296875
0 0.26875 0.54765625 0.10390625 0.12109375
0 0.55 0.73671875 0.0765625 0.10546875
0 0.86796875 0.3234375 0.06796875 0.10078125
0 0.36953125 0.659375 0.09140625 0.1171875
0 0.45234375 0.54296875 0.08515625 0.1109375
0 0.4234375 0.19140625 0.09453125 0.13515625
0 0.36171875 0.54609375 0.09453125 0.11640625
0 0.54140625 0.6328125 0.07578125 0.10859375
0 0.69296875 0.80546875 0.06796875 0.1046875
0 0.43359375 0.31875 0.09140625 0.1234375
0 0.196875 0.78984375 0.10546875 0.12578125
0 0.5140625 0.31875 0.0859375 0.11640625
0 0.45703125 0.64921875 0.084375 0.11640625
0 0.8640625 0.5078125 0.05859375 0.09140625
0 0.30546875 0.8859375 0.09375 0.121875
0 0.8671875 0.41953125 0.059375 0.09296875
0 0.53359375 0.534375 0.07734375 0.103125
0 0.6171875 0.62421875 0.07421875 0.10859375
0 0.3953125 0.8703125 0.0859375 0.11796875
0 0.5953125 0.3234375 0.075 0.11328125
0 0.18125 0.67578125 0.1109375 0.128125
0 0.66953125 0.3203125 0.07109375 0.11015625
0 0.69296875 0.71640625 0.065625 0.10234375
0 0.55390625 0.83125 0.07578125 0.10546875
0 0.80390625 0.32421875 0.065625 0.10234375
0 0.815625 0.68671875 0.0578125 0.090625
0 0.74140625 0.21796875 0.06953125 0.11015625
0 0.75546875 0.6140625 0.0625 0.09609375
0 0.86953125 0.22421875 0.06875 0.1125
0 0.47265625 0.85 0.07890625 0.115625
0 0.9203125 0.41796875 0.0546875 0.09140625
0 0.46796875 0.75 0.08203125 0.1140625
0 0.74375 0.4234375 0.06484375 0.1
0 0.60625 0.53046875 0.0734375 0.10546875
0 0.8046875 0.42109375 0.06328125 0.09765625
0 0.628125 0.821875 0.0703125 0.10703125
0 0.81328125 0.60390625 0.0625 0.09375
0 0.7421875 0.321875 0.06640625 0.10859375
0 0.759375 0.70234375 0.0640625 0.09375
0 0.921875 0.50546875 0.0578125 0.08828125
0 0.68515625 0.621875 0.06875 0.10234375
0 0.43984375 0.4296875 0.0875 0.11640625
0 0.62265625 0.7234375 0.071875 0.103125
0 0.6734375 0.4265625 0.06640625 0.103125
0 0.87265625 0.5921875 0.0515625 0.0890625
0 0.67734375 0.52109375 0.0703125 0.10078125
0 0.746875 0.51953125 0.05859375 0.096875
0 0.87109375 0.76484375 0.065625 0.09375
0 0.60078125 0.428125 0.07421875 0.1078125
0 0.8859375 0.6796875 0.07890625 0.09296875
0 0.8015625 0.5171875 0.059375 0.09453125
0 0.80703125 0.221875 0.06484375 0.11015625
0 0.52890625 0.43046875 0.08046875 0.1140625
0 0.921875 0.5875 0.05546875 0.08671875
0 0.75859375 0.7890625 0.0609375 0.0984375
0 0.8140625 0.784375 0.05703125 0.0921875
0 0.9203125 0.6734375 0.05390625 0.09375
0 0.92734375 0.75390625 0.06015625 0.08984375
0 0.92109375 0.23125 0.06875 0.10625
0 0.921875 0.32578125 0.06640625 0.09609375