0 0.51328125 0.7703125 0.1265625 0.0703125
0 0.390625 0.8453125 0.13046875 0.071875
0 0.14921875 0.61171875 0.1546875 0.0890625
0 0.1453125 0.5265625 0.1546875 0.08671875
0 0.2953125 0.5265625 0.15 0.084375
0 0.2921875 0.44296875 0.153125 0.08359375
0 0.2984375 0.603125 0.15078125 0.0875
0 0.26015625 0.77109375 0.12109375 0.07421875
0 0.70703125 0.36328125 0.134375 0.08515625
0 0.8703125 0.684375 0.14453125 0.0890625
0 0.44140625 0.53125 0.14140625 0.08359375
0 0.84921875 0.44453125 0.1390625 0.08046875
0 0.26328125 0.84765625 0.1203125 0.07890625
0 0.6390625 0.76640625 0.12578125 0.0703125
0 0.571875 0.4484375 0.1390625 0.08203125
0 0.44921875 0.6125 0.14609375 0.08671875
0 0.578125 0.52890625 0.14296875 0.08359375
0 0.72109375 0.52734375 0.140625 0.08203125
0 0.30625 0.6890625 0.15234375 0.08984375
0 0.43828125 0.44765625 0.1390625 0.084375
0 0.72890625 0.6015625 0.14375 0.08515625
0 0.8625 0.6 0.13828125 0.084375
0 0.71640625 0.44453125 0.1375 0.08046875
0 0.84453125 0.36171875 0.1328125 0.084375
0 0.2953125 0.359375 0.1421875 0.0921875
0 0.58125 0.60390625 0.1421875 0.0859375
0 0.57265625 0.3640625 0.13515625 0.0859375
0 0.13125 0.77421875 0.12578125 0.0734375
0 0.3859375 0.7734375 0.12890625 0.0734375
0 0.7328125 0.6875 0.13671875 0.08984375
0 0.58984375 0.69296875 0.14375 0.090625
0 0.85546875 0.52734375 0.140625 0.08203125
0 0.14375 0.440625 0.15078125 0.0875
0 0.440625 0.36328125 0.13828125 0.0875
0 0.4484375 0.690625 0.146875 0.0921875
0 0.15 0.69375 0.15390625 0.09140625
0 0.5203125 0.840625 0.1265625 0.07109375
0 0.7703125 0.76484375 0.1234375 0.07265625
0 0.76875 0.83515625 0.121875 0.07265625
0 0.89140625 0.8296875 0.11953125 0.071875
0 0.14375 0.35546875 0.1671875 0.08828125
0 0.88984375 0.76015625 0.11875 0.07109375
0 0.64453125 0.83828125 0.12265625 0.0734375
0 0.13203125 0.85078125 0.13203125 0.08046875