0 0.4109375 0.1578125 0.08671875 0.1765625
0 0.596875 0.1578125 0.09921875 0.1875
0 0.49921875 0.1578125 0.0859375 0.178125
0 0.3171875 0.1671875 0.09609375 0.1609375
0 0.31328125 0.046875 0.10234375 0.0921875
0 0.6484375 0.028125 0.0765625 0.05625
0 0.41015625 0.0359375 0.0921875 0.07109375
0 0.86953125 0.76953125 0.11640625 0.27265625
0 0.70390625 0.1453125 0.10390625 0.19296875
0 0.571875 0.0328125 0.0734375 0.06484375
0 0.4984375 0.03671875 0.07578125 0.07265625
0 0.46171875 0.7625 0.0265625 0.26640625
0 0.49453125 0.7640625 0.0484375 0.26796875
0 0.4171875 0.75625 0.0296875 0.259375
0 0.4375 0.75703125 0.034375 0.259375
0 0.759375 0.77109375 0.03046875 0.2796875
0 0.67421875 0.765625 0.04765625 0.26953125
0 0.590625 0.7625 0.02421875 0.26640625
0 0.375 0.75546875 0.0484375 0.2625
0 0.2890625 0.75546875 0.02734375 0.26171875
0 0.7296875 0.02734375 0.0828125 0.05390625
0 0.5421875 0.76484375 0.0453125 0.2703125
0 0.640625 0.7640625 0.0265625 0.2671875
0 0.2484375 0.76015625 0.05390625 0.26171875
0 0.61328125 0.7640625 0.02578125 0.26875
0 0.70625 0.76796875 0.025 0.27265625
0 0.965625 0.11640625 0.06796875 0.228125
0 0.315625 0.7609375 0.03984375 0.265625
0 0.871875 0.4703125 0.16796875 0.325
0 0.33359375 0.46640625 0.1109375 0.30859375
0 0.734375 0.76953125 0.028125 0.2765625
0 0.159375 0.46328125 0.26953125 0.31015625