0 0.153125 0.46640625 0.08046875 0.09453125
0 0.62578125 0.7234375 0.06953125 0.0921875
0 0.25078125 0.83671875 0.08046875 0.0953125
0 0.25234375 0.74375 0.07890625 0.09296875
0 0.8921875 0.46640625 0.06328125 0.0796875
0 0.175 0.840625 0.08125 0.09609375
0 0.55546875 0.46484375 0.0734375 0.0859375
0 0.2390625 0.371875 0.08046875 0.0953125
0 0.63046875 0.815625 0.0703125 0.090625
0 0.55546875 0.38359375 0.07109375 0.08671875
0 0.628125 0.5515625 0.06875 0.08671875
0 0.3328125 0.7390625 0.0765625 0.09453125
0 0.89453125 0.55078125 0.0640625 0.084375
0 0.76171875 0.38359375 0.0671875 0.0828125
0 0.15546875 0.36875 0.08203125 0.096875
0 0.63046875 0.46484375 0.06796875 0.08515625
0 0.3171875 0.465625 0.078125 0.0921875
0 0.4125 0.73203125 0.0734375 0.0921875
0 0.3421875 0.5578125 0.07578125 0.090625
0 0.1640625 0.65625 0.08359375 0.096875
0 0.83046875 0.634375 0.065625 0.08671875
0 0.6953125 0.46484375 0.065625 0.08359375
0 0.76640625 0.55078125 0.06484375 0.08515625
0 0.26328125 0.5578125 0.08125 0.09375
0 0.1671875 0.5578125 0.08515625 0.09609375
0 0.40078125 0.38125 0.07578125 0.0890625
0 0.31796875 0.3 0.06875 0.0703125
0 0.7640625 0.465625 0.065625 0.0828125
0 0.48046875 0.38046875 0.07265625 0.0875
0 0.634375 0.6328125 0.0671875 0.08828125
0 0.83046875 0.55 0.06640625 0.08203125
0 0.48359375 0.7359375 0.0734375 0.09296875
0 0.896875 0.63046875 0.0625 0.08515625
0 0.56171875 0.55390625 0.06953125 0.08828125
0 0.5765625 0.31171875 0.0625 0.0625
0 0.6953125 0.7234375 0.0640625 0.08671875
0 0.2609375 0.653125 0.084375 0.0953125
0 0.83515625 0.71875 0.0640625 0.084375
0 0.48359375 0.82578125 0.07265625 0.09140625
0 0.70078125 0.31640625 0.0578125 0.06015625
0 0.3390625 0.64765625 0.07734375 0.0921875
0 0.696875 0.5515625 0.065625 0.084375
0 0.41796875 0.55546875 0.07421875 0.090625
0 0.76640625 0.63515625 0.065625 0.08671875
0 0.234375 0.46640625 0.08046875 0.09296875
0 0.8265625 0.465625 0.06484375 0.0828125
0 0.38203125 0.30546875 0.0671875 0.06875
0 0.76640625 0.72109375 0.0671875 0.0859375
0 0.38828125 0.46328125 0.0734375 0.0890625
0 0.40625 0.82890625 0.075 0.09453125
0 0.31796875 0.37578125 0.078125 0.09375
0 0.24296875 0.2984375 0.06953125 0.06796875
0 0.4671875 0.4640625 0.07578125 0.090625
0 0.55625 0.82109375 0.07109375 0.0890625
0 0.33359375 0.828125 0.07578125 0.096875
0 0.41875 0.64453125 0.07421875 0.09140625
0 0.55703125 0.72578125 0.06953125 0.0921875
0 0.62421875 0.38359375 0.06875 0.084375
0 0.6921875 0.38125 0.06328125 0.08515625
0 0.16953125 0.74453125 0.0828125 0.09609375
0 0.4875 0.64296875 0.07109375 0.0890625
0 0.4875 0.55546875 0.06953125 0.0890625
0 0.6953125 0.80703125 0.06484375 0.090625
0 0.5625 0.63984375 0.06953125 0.08828125
0 0.82421875 0.3890625 0.06484375 0.08359375
0 0.8859375 0.3875 0.0625 0.08203125
0 0.82734375 0.79765625 0.065625 0.08671875
0 0.76484375 0.803125 0.06484375 0.0875
0 0.69765625 0.63046875 0.06640625 0.0875
0 0.8953125 0.71328125 0.0640625 0.08515625
0 0.64296875 0.31484375 0.059375 0.0625
0 0.89296875 0.7953125 0.06484375 0.08515625
0 0.1703125 0.29453125 0.071875 0.06640625
0 0.76015625 0.31640625 0.05859375 0.06015625
0 0.45078125 0.30703125 0.0625 0.0671875
0 0.51328125 0.309375 0.06484375 0.06640625
0 0.81796875 0.32109375 0.06171875 0.0609375