0 0.41875 0.40859375 0.06484375 0.2
0 0.5984375 0.4171875 0.053125 0.18359375
0 0.48046875 0.41015625 0.0609375 0.19765625
0 0.46796875 0.2609375 0.109375 0.12265625
0 0.49453125 0.815625 0.0609375 0.20703125
0 0.5421875 0.41328125 0.0625 0.1890625
0 0.484375 0.61171875 0.0609375 0.2
0 0.42109375 0.6140625 0.065625 0.2046875
0 0.20078125 0.3984375 0.07734375 0.22890625
0 0.6578125 0.4171875 0.0546875 0.18046875
0 0.353125 0.24921875 0.1203125 0.12890625
0 0.425 0.8296875 0.065625 0.22265625
0 0.57421875 0.27265625 0.0984375 0.11484375
0 0.55234375 0.81484375 0.0578125 0.2078125
0 0.67578125 0.2796875 0.0859375 0.10859375
0 0.5484375 0.6140625 0.05546875 0.19453125
0 0.22578125 0.22421875 0.1328125 0.14453125
0 0.27265625 0.625 0.07578125 0.225
0 0.27265625 0.40390625 0.075 0.22265625
0 0.603125 0.61015625 0.05625 0.19140625
0 0.3484375 0.41171875 0.0703125 0.20625
0 0.7828125 0.28984375 0.084375 0.10078125
0 0.196875 0.6328125 0.07890625 0.23203125
0 0.271875 0.85078125 0.07734375 0.23359375
0 0.34921875 0.62421875 0.071875 0.21640625
0 0.3515625 0.8390625 0.07265625 0.23046875
0 0.7140625 0.7890625 0.05234375 0.190625
0 0.76953125 0.7828125 0.05078125 0.184375
0 0.6078125 0.8015625 0.05625 0.20078125
0 0.66171875 0.60625 0.0546875 0.18359375
0 0.19765625 0.8671875 0.0796875 0.2359375
0 0.80546875 0.421875 0.04609375 0.17109375
0 0.66484375 0.7953125 0.053125 0.19453125
0 0.7078125 0.41875 0.05234375 0.178125
0 0.71015625 0.6 0.05234375 0.17734375
0 0.76640625 0.6015625 0.05078125 0.17734375
0 0.7625 0.41953125 0.046875 0.17421875
0 0.81484375 0.7765625 0.04765625 0.178125
0 0.8109375 0.59375 0.05 0.17421875