0 0.7625 0.35859375 0.23125 0.13125
0 0.92109375 0.69296875 0.1453125 0.171875
0 0.5484375 0.484375 0.18125 0.10625
0 0.93203125 0.5125 0.1359375 0.184375
0 0.92890625 0.3109375 0.128125 0.2078125
0 0.9046875 0.95546875 0.178125 0.0890625
0 0.93359375 0.10625 0.11875 0.20625
0 0.75390625 0.5015625 0.234375 0.1421875
0 0.75390625 0.76015625 0.2 0.13125
0 0.75078125 0.628125 0.2171875 0.134375
0 0.5328125 0.771875 0.2125 0.0875
0 0.54921875 0.68515625 0.184375 0.1125
0 0.53125 0.37265625 0.203125 0.115625
0 0.521875 0.246875 0.2125 0.134375
0 0.55234375 0.5859375 0.1734375 0.10625
0 0.915625 0.84921875 0.1609375 0.1578125
0 0.74453125 0.23359375 0.259375 0.146875
0 0.7578125 0.08203125 0.26875 0.15625
0 0.5234375 0.12578125 0.209375 0.1375
0 0.5484375 0.859375 0.175 0.0921875
0 0.72734375 0.8796875 0.20625 0.11875
0 0.71015625 0.965625 0.228125 0.06875