0 0.61015625 0.3796875 0.11953125 0.1171875
0 0.35078125 0.49375 0.08046875 0.10546875
0 0.36328125 0.60078125 0.10859375 0.109375
0 0.25859375 0.70703125 0.10390625 0.1109375
0 0.8390625 0.4890625 0.08515625 0.12265625
0 0.41796875 0.3875 0.1109375 0.1109375
0 0.73671875 0.37578125 0.12578125 0.121875
0 0.8390625 0.25859375 0.078125 0.11640625
0 0.50234375 0.83046875 0.1140625 0.1203125
0 0.7609375 0.25859375 0.078125 0.1203125
0 0.52421875 0.49296875 0.090625 0.11328125
0 0.16015625 0.59609375 0.09765625 0.1046875
0 0.3609375 0.7078125 0.10703125 0.1140625
0 0.51484375 0.38515625 0.08828125 0.1140625
0 0.76015625 0.846875 0.08046875 0.121875
0 0.8390625 0.3703125 0.08125 0.12265625
0 0.2625 0.49140625 0.103125 0.10625
0 0.3078125 0.38828125 0.10546875 0.10859375
0 0.1609375 0.2875 0.1015625 0.1046875
0 0.1453125 0.39140625 0.06328125 0.10625
0 0.68125 0.2625 0.078125 0.12265625
0 0.48203125 0.6 0.1125 0.11328125
0 0.59609375 0.6078125 0.1203125 0.11796875
0 0.25859375 0.5953125 0.1046875 0.1078125
0 0.58359375 0.26640625 0.1140625 0.121875
0 0.20625 0.8109375 0.065625 0.109375
0 0.1609375 0.70078125 0.1015625 0.1078125
0 0.8421875 0.6078125 0.08671875 0.12421875
0 0.72265625 0.490625 0.128125 0.11796875
0 0.84765625 0.8484375 0.084375 0.1234375
0 0.728125 0.60703125 0.13046875 0.12421875
0 0.159375 0.49609375 0.08203125 0.10234375
0 0.4375 0.490625 0.0828125 0.1078125
0 0.67578125 0.83984375 0.07890625 0.121875
0 0.21796875 0.39140625 0.0671875 0.10703125
0 0.40703125 0.821875 0.0703125 0.11796875
0 0.47421875 0.715625 0.11328125 0.1203125
0 0.2703125 0.28984375 0.10390625 0.10546875
0 0.13984375 0.80859375 0.0625 0.10859375
0 0.58984375 0.72578125 0.12109375 0.121875
0 0.27578125 0.8140625 0.06328125 0.11015625
0 0.59140625 0.83515625 0.075 0.11796875
0 0.3359375 0.82109375 0.0671875 0.11171875
0 0.73125 0.725 0.13203125 0.12578125
0 0.6109375 0.4921875 0.0953125 0.11796875
0 0.84375 0.728125 0.0875 0.125
0 0.4765625 0.28203125 0.10078125 0.1125
0 0.36875 0.28359375 0.10390625 0.1109375