0 0.4875 0.2484375 0.1640625 0.078125
0 0.65703125 0.17421875 0.1765625 0.08125
0 0.81875 0.80625 0.1625 0.0625
0 0.8390625 0.17578125 0.184375 0.08125
0 0.8296875 0.40859375 0.1765625 0.071875
0 0.35703125 0.24765625 0.096875 0.134375
0 0.83515625 0.25 0.18125 0.075
0 0.48984375 0.17421875 0.171875 0.078125
0 0.490625 0.3359375 0.1625 0.075
0 0.38203125 0.73203125 0.0859375 0.103125
0 0.6609375 0.61484375 0.15625 0.0625
0 0.49921875 0.6125 0.153125 0.0625
0 0.4921875 0.41171875 0.159375 0.065625
0 0.6625 0.80078125 0.153125 0.0625
0 0.6609375 0.73984375 0.15625 0.0625
0 0.828125 0.475 0.1734375 0.06875
0 0.65546875 0.46796875 0.165625 0.06875
0 0.65546875 0.3265625 0.16875 0.071875
0 0.8234375 0.6171875 0.16875 0.065625
0 0.82734375 0.54765625 0.175 0.06875
0 0.65625 0.24765625 0.175 0.0765625
0 0.5015625 0.7390625 0.15 0.0609375
0 0.503125 0.79921875 0.15 0.059375
0 0.49453125 0.4765625 0.1578125 0.065625
0 0.82421875 0.74609375 0.1609375 0.065625
0 0.3875 0.8390625 0.0828125 0.103125
0 0.65546875 0.4015625 0.165625 0.071875
0 0.82890625 0.33203125 0.175 0.071875
0 0.5015625 0.546875 0.15625 0.065625
0 0.66015625 0.6734375 0.15625 0.0625
0 0.82109375 0.67734375 0.16875 0.0625
0 0.5015625 0.67421875 0.153125 0.0609375
0 0.3625 0.390625 0.09375 0.11875
0 0.6609375 0.54296875 0.159375 0.06875
0 0.3765625 0.61875 0.0859375 0.1125
0 0.51015625 0.86328125 0.1484375 0.059375
0 0.66171875 0.8671875 0.153125 0.0640625
0 0.371875 0.5078125 0.090625 0.1140625
0 0.81953125 0.871875 0.1640625 0.0609375