0 0.3140625 0.3921875 0.0265625 0.05546875
0 0.14453125 0.7890625 0.028125 0.059375
0 0.33671875 0.39140625 0.02734375 0.05546875
0 0.29296875 0.55703125 0.02734375 0.05390625
0 0.09453125 0.61484375 0.028125 0.05859375
0 0.28671875 0.39140625 0.02890625 0.05625
0 0.11640625 0.7890625 0.02890625 0.059375
0 0.2203125 0.55625 0.025 0.05546875
0 0.23828125 0.6109375 0.02890625 0.0546875
0 0.60078125 0.809375 0.14765625 0.27109375
0 0.09140625 0.78984375 0.02734375 0.0609375
0 0.09453125 0.38984375 0.028125 0.05703125
0 0.2640625 0.38984375 0.02578125 0.05625
0 0.32890625 0.840625 0.0265625 0.0484375
0 0.1671875 0.78828125 0.0234375 0.05859375
0 0.2421875 0.55546875 0.02734375 0.0546875
0 0.3234375 0.3390625 0.02265625 0.05390625
0 0.18984375 0.671875 0.02734375 0.0578125
0 0.28046875 0.33828125 0.02265625 0.053125
0 0.26953125 0.55703125 0.02578125 0.05546875
0 0.390625 0.55625 0.02734375 0.0546875
0 0.2390625 0.7859375 0.02578125 0.05859375
0 0.11328125 0.33359375 0.02734375 0.05546875
0 0.1453125 0.72890625 0.02734375 0.0578125
0 0.18828125 0.78828125 0.0296875 0.05859375
0 0.3671875 0.33671875 0.0234375 0.05234375
0 0.3515625 0.840625 0.028125 0.04921875
0 0.17109375 0.55703125 0.0265625 0.05546875
0 0.26015625 0.334375 0.0234375 0.05390625
0 0.265625 0.6109375 0.02890625 0.05546875
0 0.3 0.3390625 0.021875 0.05390625
0 0.34296875 0.33828125 0.02265625 0.053125
0 0.2140625 0.33125 0.0265625 0.05703125
0 0.16796875 0.390625 0.02734375 0.05703125
0 0.34375 0.5546875 0.025 0.0546875
0 0.23984375 0.38828125 0.0265625 0.05703125
0 0.16875 0.728125 0.02734375 0.05859375
0 0.16640625 0.671875 0.0265625 0.05703125
0 0.19453125 0.55703125 0.0265625 0.05546875
0 0.21640625 0.390625 0.02734375 0.0578125
0 0.2375 0.44453125 0.02734375 0.05546875
0 0.1421875 0.33515625 0.028125 0.05546875
0 0.303125 0.840625 0.02734375 0.05
0 0.19296875 0.72734375 0.028125 0.0578125
0 0.2890625 0.61328125 0.02734375 0.05625
0 0.165625 0.334375 0.02578125 0.0546875
0 0.28984375 0.72578125 0.028125 0.059375
0 0.3828125 0.39140625 0.0265625 0.05390625
0 0.3203125 0.503125 0.02578125 0.0546875
0 0.36171875 0.390625 0.025 0.0546875
0 0.21953125 0.503125 0.02734375 0.05546875
0 0.26484375 0.4453125 0.028125 0.0546875
0 0.215625 0.66875 0.02421875 0.05859375
0 0.259375 0.840625 0.02578125 0.05703125
0 0.0953125 0.55859375 0.028125 0.05546875
0 0.11796875 0.73046875 0.0265625 0.05703125
0 0.2640625 0.78671875 0.02421875 0.05859375
0 0.1453125 0.615625 0.028125 0.05703125
0 0.1421875 0.67265625 0.0265625 0.05859375
0 0.4109375 0.390625 0.028125 0.05390625
0 0.2203125 0.7265625 0.02734375 0.0578125
0 0.121875 0.44296875 0.02734375 0.05546875
0 0.18671875 0.84296875 0.028125 0.05859375
0 0.24296875 0.72734375 0.0265625 0.0578125
0 0.1203125 0.55703125 0.028125 0.05703125
0 0.3578125 0.6078125 0.02734375 0.05625
0 0.271875 0.49921875 0.0265625 0.05390625
0 0.2375 0.66953125 0.02734375 0.0578125
0 0.190625 0.38984375 0.02421875 0.0578125
0 0.24375 0.50234375 0.02734375 0.05546875
0 0.19375 0.50390625 0.02578125 0.05625
0 0.14921875 0.503125 0.02734375 0.05546875
0 0.2859375 0.78671875 0.0265625 0.0578125
0 0.23671875 0.33203125 0.021875 0.05625
0 0.08671875 0.33125 0.02578125 0.05625
0 0.1453125 0.390625 0.02578125 0.05703125
0 0.2640625 0.6671875 0.02578125 0.05859375
0 0.19609375 0.4453125 0.02421875 0.05625
0 0.5875 0.35625 0.140625 0.2109375
0 0.3578125 0.72890625 0.028125 0.0609375
0 0.36796875 0.55390625 0.02578125 0.05546875
0 0.21796875 0.44453125 0.02578125 0.05703125
0 0.31484375 0.61015625 0.02578125 0.05625
0 0.11953125 0.61171875 0.028125 0.0578125
0 0.17265625 0.50390625 0.025 0.05625
0 0.36796875 0.66796875 0.0421875 0.05625
0 0.1484375 0.55703125 0.0265625 0.05703125
0 0.33671875 0.6078125 0.02421875 0.05625
0 0.72734375 0.446875 0.14609375 0.38125
0 0.31328125 0.66953125 0.025 0.05859375
0 0.3421875 0.5 0.02578125 0.05703125
0 0.11640625 0.67265625 0.02578125 0.05859375
0 0.21640625 0.78671875 0.028125 0.059375
0 0.29453125 0.5 0.0265625 0.053125
0 0.1859375 0.3359375 0.02890625 0.05390625
0 0.16875 0.61328125 0.02734375 0.0578125
0 0.334375 0.66875 0.025 0.05859375
0 0.1984375 0.6109375 0.02890625 0.05703125
0 0.40546875 0.63046875 0.0296875 0.09921875
0 0.315625 0.44609375 0.02734375 0.05625
0 0.11875 0.38984375 0.0265625 0.0578125
0 0.096875 0.44375 0.02734375 0.05546875
0 0.31171875 0.78515625 0.0265625 0.05859375
0 0.2875 0.446875 0.0296875 0.053125
0 0.09609375 0.5015625 0.02734375 0.05703125
0 0.32109375 0.55546875 0.0265625 0.05703125
0 0.21328125 0.8421875 0.0265625 0.0578125
0 0.28046875 0.84140625 0.02578125 0.05234375
0 0.29140625 0.66953125 0.02734375 0.059375
0 0.12109375 0.50234375 0.02734375 0.0578125
0 0.41875 0.55625 0.02734375 0.05390625
0 0.33359375 0.72890625 0.02890625 0.0609375
0 0.35625 0.7859375 0.0265625 0.059375
0 0.3390625 0.4453125 0.028125 0.05546875
0 0.33359375 0.7859375 0.02734375 0.059375
0 0.37890625 0.84140625 0.02734375 0.04921875
0 0.26796875 0.72734375 0.025 0.05859375
0 0.23359375 0.84140625 0.02265625 0.0578125
0 0.39453125 0.784375 0.0484375 0.06015625
0 0.14765625 0.44765625 0.02734375 0.0546875
0 0.09296875 0.69140625 0.03046875 0.10078125
0 0.21875 0.6109375 0.025 0.05625