0 0.4078125 0.303125 0.10078125 0.10703125
0 0.590625 0.4484375 0.0625 0.18203125
0 0.51171875 0.30234375 0.1015625 0.11015625
0 0.4640625 0.81328125 0.05859375 0.1875
0 0.2953125 0.44765625 0.05859375 0.17890625
0 0.303125 0.303125 0.1015625 0.10625
0 0.71171875 0.8234375 0.06171875 0.1890625
0 0.175 0.8015625 0.05625 0.17890625
0 0.17421875 0.44453125 0.05546875 0.18125
0 0.5296875 0.81484375 0.05859375 0.1890625
0 0.40546875 0.446875 0.059375 0.18125
0 0.65234375 0.8203125 0.06171875 0.1921875
0 0.66015625 0.44609375 0.0640625 0.18671875
0 0.35 0.4484375 0.05703125 0.1796875
0 0.23515625 0.44453125 0.0578125 0.1828125
0 0.53046875 0.45 0.059375 0.1796875
0 0.4046875 0.62265625 0.0578125 0.17890625
0 0.2953125 0.62265625 0.0578125 0.17734375
0 0.79140625 0.44296875 0.0640625 0.1921875
0 0.65546875 0.63359375 0.06484375 0.1890625
0 0.465625 0.4484375 0.05703125 0.1796875
0 0.17578125 0.6203125 0.0546875 0.17734375
0 0.58671875 0.81640625 0.0609375 0.18984375
0 0.34921875 0.62421875 0.05703125 0.17734375
0 0.72890625 0.63515625 0.06484375 0.1921875
0 0.40546875 0.809375 0.0578125 0.1875
0 0.7859375 0.83046875 0.065625 0.19453125
0 0.23515625 0.6203125 0.0578125 0.1765625
0 0.46484375 0.62578125 0.0578125 0.17890625
0 0.1984375 0.3046875 0.09609375 0.10546875
0 0.7234375 0.44453125 0.0625 0.18984375
0 0.528125 0.62890625 0.0578125 0.1828125
0 0.5859375 0.62734375 0.06015625 0.1859375
0 0.79140625 0.63515625 0.06796875 0.1921875
0 0.29453125 0.80625 0.05625 0.18359375
0 0.35 0.8109375 0.05546875 0.18671875
0 0.1765625 0.94609375 0.075 0.1078125
0 0.24375 0.9515625 0.071875 0.096875
0 0.2359375 0.80625 0.05703125 0.1796875
0 0.31796875 0.95625 0.0734375 0.0875
0 0.759375 0.28984375 0.11171875 0.1109375
0 0.621875 0.29609375 0.10703125 0.11171875
0 0.3953125 0.95859375 0.075 0.08203125
0 0.546875 0.96328125 0.07734375 0.0734375
0 0.4671875 0.95859375 0.078125 0.0828125
0 0.79453125 0.96875 0.0890625 0.0625
0 0.62734375 0.96640625 0.08125 0.06640625
0 0.70625 0.9671875 0.08203125 0.06484375