0 0.08203125 0.41171875 0.121875 0.1453125
0 0.2015625 0.265625 0.1140625 0.146875
0 0.06875 0.10546875 0.128125 0.16875
0 0.68671875 0.1703125 0.0921875 0.134375
0 0.09375 0.55078125 0.125 0.1359375
0 0.51484375 0.40703125 0.090625 0.125
0 0.3140625 0.13046875 0.109375 0.15625
0 0.31953125 0.2796875 0.109375 0.140625
0 0.4234375 0.28203125 0.1 0.1390625
0 0.07578125 0.2609375 0.128125 0.1515625
0 0.60234375 0.28515625 0.0875 0.1296875
0 0.41875 0.65625 0.09375 0.121875
0 0.43046875 0.8890625 0.090625 0.128125
0 0.6 0.1625 0.0875 0.134375
0 0.68828125 0.29375 0.0921875 0.128125
0 0.2 0.11796875 0.1171875 0.1625
0 0.5203125 0.5296875 0.0875 0.121875
0 0.21484375 0.54453125 0.1078125 0.134375
0 0.8484375 0.1859375 0.08125 0.125
0 0.3359375 0.90234375 0.096875 0.13125
0 0.67578125 0.634375 0.08125 0.1125
0 0.20859375 0.4046875 0.11875 0.140625
0 0.5140625 0.65 0.0875 0.11875
0 0.51796875 0.28671875 0.09375 0.13125
0 0.60234375 0.41015625 0.084375 0.1203125
0 0.321875 0.5421875 0.1015625 0.13125
0 0.76640625 0.41171875 0.075 0.115625
0 0.42109375 0.41328125 0.0953125 0.128125
0 0.32890625 0.665625 0.096875 0.13125
0 0.97265625 0.41171875 0.0546875 0.1046875
0 0.33046875 0.78671875 0.096875 0.128125
0 0.8484375 0.3 0.075 0.11875
0 0.5203125 0.76484375 0.0875 0.121875
0 0.428125 0.7765625 0.090625 0.125
0 0.23515625 0.91875 0.103125 0.1328125
0 0.325 0.40703125 0.103125 0.1359375
0 0.43046875 0.5390625 0.090625 0.128125
0 0.1046875 0.68359375 0.121875 0.1375
0 0.83125 0.521875 0.071875 0.10625
0 0.5953125 0.63671875 0.08125 0.115625
0 0.22265625 0.66953125 0.1078125 0.134375
0 0.68359375 0.4140625 0.0796875 0.1171875
0 0.90390625 0.5171875 0.06875 0.1046875
0 0.4171875 0.13671875 0.1015625 0.153125
0 0.60078125 0.85859375 0.08125 0.1140625
0 0.51484375 0.15703125 0.090625 0.140625
0 0.64296875 0.5265625 0.1640625 0.11875
0 0.83671875 0.41328125 0.0734375 0.109375
0 0.89453125 0.61953125 0.071875 0.1015625
0 0.225 0.79921875 0.1078125 0.134375
0 0.515625 0.8734375 0.0875 0.121875
0 0.7609375 0.51796875 0.078125 0.109375
0 0.11328125 0.81796875 0.1171875 0.1375
0 0.90703125 0.41328125 0.06875 0.10625
0 0.921875 0.190625 0.075 0.1171875
0 0.96953125 0.5140625 0.0609375 0.1
0 0.59609375 0.75078125 0.0796875 0.11875
0 0.92890625 0.303125 0.10625 0.1140625
0 0.75546875 0.62421875 0.075 0.109375
0 0.6796875 0.740625 0.078125 0.115625
0 0.1265625 0.93203125 0.1140625 0.128125
0 0.95390625 0.7078125 0.06875 0.096875
0 0.82265625 0.61953125 0.06875 0.1046875
0 0.96484375 0.61015625 0.0703125 0.0984375
0 0.8890625 0.7078125 0.06875 0.090625
0 0.828125 0.82265625 0.071875 0.109375
0 0.978125 0.31015625 0.04375 0.1078125
0 0.83125 0.71796875 0.0625 0.0890625
0 0.68203125 0.84921875 0.08125 0.1109375
0 0.76796875 0.17421875 0.078125 0.125
0 0.76015625 0.73203125 0.0890625 0.115625
0 0.75546875 0.83046875 0.08125 0.1171875
0 0.88828125 0.8140625 0.071875 0.1125
0 0.94921875 0.80234375 0.071875 0.10625
0 0.76484375 0.296875 0.0890625 0.13125