0 0.49296875 0.57109375 0.0671875 0.06640625
0 0.55703125 0.634375 0.0671875 0.06796875
0 0.66953125 0.453125 0.06171875 0.0625
0 0.37265625 0.709375 0.06875 0.07421875
0 0.74609375 0.63359375 0.06875 0.07109375
0 0.61875 0.56875 0.0640625 0.0671875
0 0.49765625 0.4546875 0.0640625 0.0625
0 0.5546875 0.45390625 0.06015625 0.06171875
0 0.55703125 0.56875 0.06640625 0.0671875
0 0.61953125 0.634375 0.06796875 0.06796875
0 0.303125 0.5765625 0.0640625 0.06875
0 0.36875 0.57265625 0.06640625 0.06796875
0 0.62578125 0.70234375 0.065625 0.07109375
0 0.4953125 0.63671875 0.06640625 0.06796875
0 0.6296875 0.7703125 0.0671875 0.071875
0 0.30546875 0.77890625 0.06953125 0.06953125
0 0.7515625 0.7 0.06796875 0.071875
0 0.565625 0.77109375 0.06640625 0.07265625
0 0.4390625 0.45703125 0.06328125 0.06171875
0 0.54609375 0.23046875 0.06015625 0.0625
0 0.82578125 0.765625 0.07109375 0.06953125
0 0.32421875 0.45859375 0.0640625 0.06328125
0 0.14453125 0.33984375 0.06171875 0.0625
0 0.43125 0.571875 0.0671875 0.0671875
0 0.7578125 0.76640625 0.06953125 0.0703125
0 0.3015625 0.64140625 0.06640625 0.06953125
0 0.50234375 0.771875 0.0671875 0.06796875
0 0.32109375 0.28515625 0.059375 0.06171875
0 0.20703125 0.284375 0.06015625 0.06171875
0 0.609375 0.39765625 0.0609375 0.06171875
0 0.20625 0.22578125 0.05859375 0.0625
0 0.38203125 0.4578125 0.0625 0.06171875
0 0.6796875 0.56640625 0.06640625 0.06796875
0 0.69609375 0.76875 0.06953125 0.07109375
0 0.26640625 0.2859375 0.06015625 0.0609375
0 0.4359375 0.28515625 0.0625 0.06015625
0 0.5625 0.7046875 0.065625 0.07421875
0 0.14609375 0.2828125 0.0640625 0.06484375
0 0.9375 0.62890625 0.071875 0.07109375
0 0.65859375 0.284375 0.0625 0.06015625
0 0.71796875 0.33984375 0.06328125 0.06015625
0 0.37421875 0.778125 0.06953125 0.0703125
0 0.8921875 0.765625 0.07578125 0.071875
0 0.55625 0.5109375 0.0609375 0.05546875
0 0.49453125 0.4 0.0625 0.0625
0 0.2421875 0.78125 0.06640625 0.06953125
0 0.7140625 0.284375 0.06171875 0.06015625
0 0.3046875 0.71171875 0.0671875 0.0734375
0 0.38046875 0.3421875 0.0640625 0.0625
0 0.87890625 0.22890625 0.065625 0.06171875
0 0.7828125 0.45078125 0.0640625 0.06015625
0 0.4921875 0.28515625 0.06015625 0.059375
0 0.49765625 0.5125 0.06171875 0.05703125
0 0.43671875 0.39921875 0.0640625 0.06328125
0 0.72109375 0.39765625 0.0625 0.0640625
0 0.8265625 0.2828125 0.06484375 0.0625
0 0.1421875 0.40078125 0.065625 0.0640625
0 0.92578125 0.49921875 0.0703125 0.06484375
0 0.2046875 0.34140625 0.0609375 0.0625
0 0.5 0.70703125 0.06796875 0.07421875
0 0.884375 0.2875 0.0640625 0.0546875
0 0.3671875 0.63984375 0.06953125 0.071875
0 0.81953125 0.22734375 0.059375 0.0640625
0 0.60703125 0.340625 0.06015625 0.059375
0 0.54765625 0.2859375 0.06171875 0.05859375
0 0.76796875 0.228125 0.05546875 0.06171875
0 0.14921875 0.22109375 0.0609375 0.06328125
0 0.490625 0.23046875 0.053125 0.06171875
0 0.61171875 0.45390625 0.0640625 0.06171875
0 0.81875 0.69921875 0.07109375 0.07421875
0 0.23671875 0.578125 0.06796875 0.06796875
0 0.43671875 0.7078125 0.06875 0.07265625
0 0.38046875 0.2859375 0.0640625 0.0609375
0 0.65546875 0.22890625 0.06328125 0.0609375
0 0.31875 0.5171875 0.059375 0.0625
0 0.88828125 0.3375 0.0671875 0.06015625
0 0.3234375 0.3421875 0.0625 0.06171875
0 0.7703125 0.2859375 0.059375 0.0671875
0 0.265625 0.34140625 0.06328125 0.06328125
0 0.86484375 0.56328125 0.06875 0.0703125
0 0.5515625 0.4 0.0625 0.06484375
0 0.55078125 0.3421875 0.06171875 0.0609375
0 0.49609375 0.34296875 0.0640625 0.0625
0 0.32109375 0.40078125 0.06171875 0.0640625
0 0.2390625 0.715625 0.06796875 0.07578125
0 0.7265625 0.4515625 0.06484375 0.06171875
0 0.740625 0.56640625 0.0671875 0.06640625
0 0.175 0.78203125 0.0703125 0.0703125
0 0.77421875 0.3390625 0.0640625 0.06171875
0 0.60234375 0.2875 0.05625 0.0625
0 0.61328125 0.5109375 0.06015625 0.0609375
0 0.665625 0.396875 0.0609375 0.0625
0 0.68984375 0.70078125 0.071875 0.07265625
0 0.17109375 0.57734375 0.0671875 0.06953125
0 0.66171875 0.340625 0.06171875 0.0609375
0 0.803125 0.56640625 0.06640625 0.06640625
0 0.43203125 0.6390625 0.06875 0.0734375
0 0.9453125 0.69609375 0.07890625 0.07265625
0 0.26640625 0.23046875 0.0609375 0.06015625
0 0.88203125 0.69765625 0.071875 0.07265625
0 0.871875 0.63203125 0.06953125 0.0703125
0 0.7109375 0.22890625 0.06015625 0.0625
0 0.2640625 0.4 0.0640625 0.06328125
0 0.16640625 0.64453125 0.07265625 0.0703125
0 0.93046875 0.56171875 0.06953125 0.06875
0 0.6 0.22890625 0.05625 0.0609375
0 0.86015625 0.5 0.0703125 0.0671875
0 0.7796875 0.3953125 0.0625 0.0625
0 0.234375 0.64375 0.0703125 0.071875
0 0.38046875 0.3984375 0.06015625 0.06328125
0 0.89453125 0.39375 0.0671875 0.0625
0 0.4375 0.5125 0.06171875 0.05703125
0 0.43671875 0.775 0.06796875 0.06875
0 0.6828125 0.63515625 0.06796875 0.07109375
0 0.20234375 0.39921875 0.0609375 0.0640625
0 0.265625 0.45859375 0.06484375 0.06328125
0 0.4375 0.34296875 0.0640625 0.06328125
0 0.8078125 0.63359375 0.06640625 0.071875
0 0.203125 0.45859375 0.0609375 0.06171875
0 0.434375 0.23046875 0.059375 0.0609375
0 0.1734375 0.71328125 0.07109375 0.07109375
0 0.140625 0.4609375 0.0640625 0.06640625
0 0.7859375 0.50859375 0.05625 0.0609375
0 0.83125 0.3375 0.06484375 0.06171875
0 0.6734375 0.51015625 0.0609375 0.05703125
0 0.73125 0.509375 0.0640625 0.059375
0 0.96015625 0.76328125 0.0734375 0.0703125
0 0.38046875 0.5171875 0.06328125 0.06328125
0 0.378125 0.2296875 0.05625 0.05546875
0 0.32265625 0.23046875 0.05859375 0.0578125
0 0.8359375 0.3921875 0.0640625 0.059375
0 0.83984375 0.44453125 0.0578125 0.05234375
0 0.89765625 0.44296875 0.0640625 0.0484375
0 0.259375 0.51484375 0.0609375 0.0578125
0 0.196875 0.515625 0.06171875 0.0578125