0 0.24921875 0.50234375 0.06875 0.0625
0 0.178125 0.5640625 0.078125 0.0640625
0 0.17421875 0.50234375 0.08125 0.0625
0 0.18046875 0.625 0.075 0.065625
0 0.25625 0.6734375 0.065625 0.0625
0 0.25234375 0.56328125 0.0625 0.059375
0 0.1859375 0.3828125 0.0671875 0.065625
0 0.2515625 0.61953125 0.065625 0.059375
0 0.39921875 0.2640625 0.06875 0.04375
0 0.2453125 0.21015625 0.065625 0.071875
0 0.24765625 0.271875 0.065625 0.065625
0 0.5203125 0.51796875 0.05625 0.0359375
0 0.246875 0.33203125 0.0640625 0.059375
0 0.4015625 0.6140625 0.075 0.040625
0 0.25234375 0.3890625 0.059375 0.05625
0 0.25390625 0.44375 0.059375 0.05625
0 0.325 0.621875 0.0796875 0.04375
0 0.1890625 0.44140625 0.0671875 0.0625
0 0.57734375 0.3578125 0.0515625 0.034375
0 0.19296875 0.73671875 0.078125 0.065625
0 0.5234375 0.31953125 0.05625 0.040625
0 0.47265625 0.6078125 0.065625 0.0375
0 0.67421875 0.33359375 0.046875 0.034375
0 0.47109375 0.6421875 0.065625 0.040625
0 0.62734375 0.3640625 0.05 0.034375
0 0.52265625 0.35234375 0.0546875 0.0375
0 0.5203125 0.28125 0.05625 0.040625
0 0.62578125 0.3953125 0.046875 0.034375
0 0.57890625 0.325 0.053125 0.0375
0 0.40546875 0.653125 0.071875 0.0421875
0 0.39609375 0.3015625 0.0703125 0.04375
0 0.46171875 0.27109375 0.0625 0.0421875
0 0.62890625 0.32890625 0.0484375 0.0359375
0 0.578125 0.3921875 0.053125 0.034375
0 0.465625 0.30703125 0.065625 0.040625
0 0.525 0.3890625 0.053125 0.034375
0 0.46328125 0.34921875 0.0640625 0.040625
0 0.32734375 0.65625 0.078125 0.053125
0 0.26875 0.77578125 0.065625 0.065625
0 0.40546875 0.521875 0.0625 0.0375
0 0.6734375 0.36484375 0.0453125 0.034375
0 0.259375 0.72578125 0.06875 0.0625
0 0.32265625 0.25078125 0.0796875 0.053125
0 0.3359375 0.378125 0.075 0.040625
0 0.57421875 0.45625 0.0515625 0.034375
0 0.4671875 0.38046875 0.059375 0.04375
0 0.39375 0.3421875 0.06875 0.0421875
0 0.5234375 0.41875 0.05625 0.0390625
0 0.57578125 0.28828125 0.0546875 0.040625
0 0.17734375 0.1984375 0.06875 0.071875
0 0.671875 0.39765625 0.04375 0.03125
0 0.18203125 0.3234375 0.0625 0.065625
0 0.1765625 0.259375 0.0734375 0.071875
0 0.3203125 0.33515625 0.078125 0.04375
0 0.3375 0.525 0.071875 0.040625
0 0.18828125 0.68203125 0.0796875 0.065625
0 0.57578125 0.42109375 0.053125 0.0359375
0 0.3203125 0.4921875 0.071875 0.0375
0 0.71875 0.33515625 0.04375 0.034375
0 0.40546875 0.41328125 0.0671875 0.040625
0 0.62578125 0.29453125 0.05 0.0390625
0 0.32265625 0.2921875 0.0796875 0.0453125
0 0.4671875 0.4171875 0.059375 0.0421875
0 0.3390625 0.56015625 0.071875 0.040625
0 0.61796875 0.484375 0.046875 0.03125
0 0.40859375 0.37890625 0.065625 0.040625
0 0.3359375 0.415625 0.075 0.040625
0 0.20078125 0.79140625 0.078125 0.065625
0 0.66953125 0.425 0.04375 0.03125
0 0.403125 0.6859375 0.065625 0.05
0 0.57109375 0.48515625 0.0515625 0.0328125
0 0.67421875 0.303125 0.046875 0.034375
0 0.625 0.4234375 0.046875 0.0328125
0 0.4640625 0.51875 0.059375 0.034375
0 0.34140625 0.73125 0.0796875 0.0515625
0 0.40546875 0.55625 0.0625 0.040625
0 0.71640625 0.30859375 0.04375 0.034375
0 0.3375 0.45390625 0.0734375 0.0375
0 0.5359375 0.60234375 0.0625 0.0375
0 0.525 0.45625 0.053125 0.034375
0 0.34140625 0.76796875 0.078125 0.05
0 0.46640625 0.55234375 0.0578125 0.0375
0 0.51953125 0.54921875 0.0546875 0.0359375
0 0.715625 0.36484375 0.04375 0.0375
0 0.71328125 0.396875 0.046875 0.03125
0 0.71171875 0.425 0.0421875 0.0296875
0 0.621875 0.45546875 0.046875 0.03125
0 0.6671875 0.45546875 0.046875 0.0328125
0 0.7078125 0.45390625 0.04375 0.03125
0 0.6640625 0.484375 0.046875 0.0296875
0 0.70546875 0.48359375 0.0421875 0.028125
0 0.40546875 0.45078125 0.065625 0.0375
0 0.465625 0.45234375 0.059375 0.0375
0 0.521875 0.45234375 0.05625 0.0375
0 0.3859375 0.4875 0.0671875 0.0359375
0 0.4484375 0.4859375 0.0625 0.034375
0 0.503125 0.4859375 0.05625 0.03125
0 0.57109375 0.5171875 0.05 0.034375
0 0.61796875 0.5140625 0.0484375 0.0328125
0 0.66171875 0.5125 0.0453125 0.03125
0 0.7046875 0.51015625 0.040625 0.025
0 0.6046875 0.55625 0.05625 0.0375
0 0.65625 0.5546875 0.0484375 0.0390625
0 0.7015625 0.55 0.046875 0.0375
0 0.7453125 0.546875 0.046875 0.034375
0 0.6 0.590625 0.053125 0.034375
0 0.65078125 0.58671875 0.05 0.0375
0 0.696875 0.58125 0.046875 0.0359375
0 0.7421875 0.578125 0.046875 0.0328125
0 0.596875 0.62421875 0.05625 0.040625
0 0.64921875 0.61875 0.046875 0.04375
0 0.6953125 0.6125 0.0453125 0.0390625
0 0.7390625 0.60703125 0.04375 0.0359375
0 0.5328125 0.63203125 0.0609375 0.040625
0 0.5328125 0.66796875 0.05625 0.040625
0 0.4703125 0.6734375 0.0640625 0.0453125
0 0.415625 0.71953125 0.0671875 0.046875
0 0.47890625 0.709375 0.065625 0.04375
0 0.5375 0.7 0.0578125 0.0453125
0 0.5953125 0.65546875 0.053125 0.040625
0 0.64609375 0.64921875 0.0484375 0.040625
0 0.69375 0.6421875 0.046875 0.040625
0 0.7375 0.6359375 0.04375 0.0375
0 0.41171875 0.75546875 0.0671875 0.05
0 0.4765625 0.7421875 0.0625 0.046875
0 0.53671875 0.7328125 0.05625 0.04375
0 0.590625 0.721875 0.05 0.040625
0 0.640625 0.7109375 0.046875 0.0375
0 0.32890625 0.6953125 0.0796875 0.0515625
0 0.59296875 0.68984375 0.0546875 0.04375
0 0.64296875 0.68203125 0.05 0.040625
0 0.69140625 0.67578125 0.046875 0.0375
0 0.734375 0.66484375 0.04375 0.0375
0 0.68828125 0.70234375 0.05 0.0375
0 0.7296875 0.69375 0.040625 0.034375