0 0.4890625 0.88125 0.05859375 0.196875
0 0.55234375 0.875 0.0578125 0.19453125
0 0.47109375 0.353125 0.10078125 0.10390625
0 0.2953125 0.4875 0.06484375 0.19140625
0 0.54296875 0.4984375 0.05625 0.17421875
0 0.4203125 0.49453125 0.06015625 0.178125
0 0.434375 0.684375 0.059375 0.19375
0 0.59921875 0.49921875 0.0578125 0.17265625
0 0.30546875 0.68671875 0.06484375 0.19921875
0 0.4765625 0.4984375 0.05703125 0.17421875
0 0.56953125 0.36015625 0.0953125 0.09921875
0 0.43203125 0.8859375 0.06171875 0.19921875
0 0.36640625 0.68828125 0.0640625 0.1984375
0 0.30234375 0.890625 0.06640625 0.20234375
0 0.22734375 0.88984375 0.06875 0.209375
0 0.3640625 0.89140625 0.06171875 0.20234375
0 0.25390625 0.33359375 0.115625 0.115625
0 0.8234375 0.68203125 0.0546875 0.17578125
0 0.35703125 0.48984375 0.0625 0.18828125
0 0.21953125 0.6828125 0.06953125 0.20234375
0 0.6703125 0.36796875 0.09453125 0.0953125
0 0.728125 0.86875 0.05390625 0.18671875
0 0.225 0.48828125 0.06796875 0.19375
0 0.82734375 0.865625 0.04921875 0.1859375
0 0.771875 0.68203125 0.05546875 0.17734375
0 0.365625 0.35234375 0.10859375 0.10859375
0 0.48984375 0.67890625 0.059375 0.1890625
0 0.66015625 0.49921875 0.05625 0.1734375
0 0.603125 0.67578125 0.05625 0.18203125
0 0.778125 0.8671875 0.0515625 0.1859375
0 0.60859375 0.86953125 0.0578125 0.19453125
0 0.81640625 0.5109375 0.05390625 0.1703125
0 0.6671875 0.86875 0.05703125 0.1890625
0 0.76015625 0.3734375 0.0921875 0.1
0 0.7109375 0.50390625 0.0546875 0.17109375
0 0.55078125 0.68125 0.05625 0.18671875
0 0.71328125 0.68125 0.05234375 0.17734375
0 0.66328125 0.6765625 0.05703125 0.18046875
0 0.76796875 0.50546875 0.05234375 0.16953125