0 0.17890625 0.671875 0.128125 0.075
0 0.81953125 0.2109375 0.1484375 0.109375
0 0.67734375 0.31484375 0.140625 0.103125
0 0.68515625 0.2125 0.15 0.109375
0 0.5484375 0.203125 0.14375 0.1125
0 0.54375 0.409375 0.128125 0.09375
0 0.54921875 0.08828125 0.1515625 0.1203125
0 0.1046875 0.19375 0.1625 0.1125
0 0.15859375 0.50078125 0.1375 0.0875
0 0.26484375 0.30625 0.1421875 0.103125
0 0.2578125 0.1953125 0.15 0.1125
0 0.24921875 0.07578125 0.1625 0.1234375
0 0.653125 0.590625 0.121875 0.08125
0 0.27734375 0.409375 0.134375 0.0953125
0 0.753125 0.6671875 0.11875 0.075
0 0.29921875 0.6703125 0.1203125 0.071875
0 0.80625 0.31953125 0.14375 0.0984375
0 0.1359375 0.41015625 0.1484375 0.0953125
0 0.5453125 0.31015625 0.1375 0.103125
0 0.79296875 0.42265625 0.1359375 0.090625
0 0.4015625 0.30859375 0.140625 0.1046875
0 0.7796875 0.51015625 0.128125 0.084375
0 0.69609375 0.0953125 0.15625 0.1234375
0 0.915625 0.41953125 0.1390625 0.0921875
0 0.53515625 0.5015625 0.125 0.084375
0 0.09375 0.07265625 0.16875 0.11875
0 0.41875 0.66953125 0.1140625 0.0734375
0 0.9359375 0.21484375 0.1203125 0.10625
0 0.4015625 0.08359375 0.15625 0.121875
0 0.4078125 0.409375 0.13125 0.09375
0 0.16953125 0.58671875 0.13125 0.084375
0 0.65703125 0.5 0.13125 0.084375
0 0.53046875 0.740625 0.1109375 0.06875
0 0.93203125 0.3234375 0.1359375 0.1
0 0.73671875 0.8015625 0.109375 0.0609375
0 0.2875 0.49921875 0.13125 0.0875
0 0.5359375 0.5890625 0.11875 0.084375
0 0.8546875 0.73984375 0.11875 0.0703125
0 0.83671875 0.09609375 0.146875 0.121875
0 0.3046875 0.74765625 0.115625 0.06875
0 0.40078125 0.2 0.146875 0.1125
0 0.28984375 0.59765625 0.125 0.0828125
0 0.66484375 0.41484375 0.1375 0.09375
0 0.5328125 0.66640625 0.115625 0.0765625
0 0.87890625 0.59140625 0.13125 0.078125
0 0.12421875 0.30234375 0.153125 0.1015625
0 0.8359375 0.8046875 0.109375 0.0671875
0 0.4140625 0.50390625 0.1265625 0.084375
0 0.6453125 0.6609375 0.115625 0.078125
0 0.7484375 0.74140625 0.1140625 0.06875
0 0.528125 0.8078125 0.109375 0.0640625
0 0.21015625 0.878125 0.1125 0.053125
0 0.94921875 0.10390625 0.1015625 0.11875
0 0.77109375 0.5921875 0.11875 0.08125
0 0.190625 0.75078125 0.125 0.06875
0 0.41171875 0.5953125 0.121875 0.084375
0 0.8984375 0.51171875 0.134375 0.084375
0 0.87109375 0.665625 0.121875 0.0734375
0 0.31953125 0.875 0.10625 0.059375
0 0.6390625 0.73359375 0.109375 0.071875
0 0.721875 0.865625 0.10625 0.0625
0 0.2015625 0.81171875 0.121875 0.0640625
0 0.63359375 0.80078125 0.109375 0.0625
0 0.41484375 0.7453125 0.1140625 0.065625
0 0.42109375 0.8046875 0.109375 0.0625
0 0.31640625 0.8078125 0.109375 0.0609375
0 0.5265625 0.871875 0.10625 0.059375
0 0.42421875 0.9296875 0.1046875 0.0609375
0 0.42109375 0.87109375 0.10625 0.0609375
0 0.32265625 0.9359375 0.10625 0.0625
0 0.5203125 0.93203125 0.103125 0.0625
0 0.81640625 0.9171875 0.103125 0.05625
0 0.21640625 0.9359375 0.109375 0.059375
0 0.71953125 0.921875 0.103125 0.05625
0 0.628125 0.86953125 0.10625 0.0640625
0 0.62265625 0.925 0.103125 0.059375
0 0.8296875 0.8640625 0.1109375 0.0625