0 0.2265625 0.4 0.1140625 0.078125
0 0.5546875 0.709375 0.1125 0.0875
0 0.55 0.6265625 0.1125 0.084375
0 0.32890625 0.81484375 0.121875 0.096875
0 0.67734375 0.8984375 0.11875 0.0984375
0 0.22734375 0.32109375 0.1125 0.075
0 0.653125 0.54140625 0.109375 0.078125
0 0.78125 0.7921875 0.115625 0.0921875
0 0.659375 0.6234375 0.1078125 0.08125
0 0.228125 0.24296875 0.109375 0.075
0 0.33515625 0.54609375 0.1125 0.08125
0 0.22265625 0.5578125 0.11875 0.08125
0 0.33046875 0.72578125 0.11875 0.0890625
0 0.21171875 0.8265625 0.1265625 0.0984375
0 0.23125 0.16640625 0.1046875 0.071875
0 0.63671875 0.22421875 0.0984375 0.0734375
0 0.33125 0.91875 0.121875 0.103125
0 0.5375 0.22578125 0.1 0.0734375
0 0.7953125 0.89296875 0.11875 0.0984375
0 0.33125 0.63359375 0.11875 0.0875
0 0.22421875 0.47578125 0.1140625 0.078125
0 0.5609375 0.8 0.115625 0.096875
0 0.234375 0.09296875 0.1 0.065625
0 0.540625 0.30078125 0.1015625 0.075
0 0.44765625 0.715625 0.115625 0.090625
0 0.20625 0.91875 0.134375 0.103125
0 0.4484375 0.6296875 0.1125 0.0828125
0 0.4515625 0.9125 0.1203125 0.103125
0 0.853125 0.44609375 0.109375 0.078125
0 0.334375 0.4625 0.1109375 0.078125
0 0.44765625 0.81953125 0.11875 0.0953125
0 0.64609375 0.38046875 0.103125 0.0765625
0 0.7578125 0.53125 0.1078125 0.08125
0 0.4421875 0.38984375 0.103125 0.0765625
0 0.671875 0.70703125 0.115625 0.0875
0 0.56875 0.90234375 0.11875 0.096875
0 0.43671875 0.228125 0.103125 0.0734375
0 0.8390625 0.29375 0.103125 0.0703125
0 0.73828125 0.3015625 0.1 0.071875
0 0.334375 0.08671875 0.1 0.0703125
0 0.43515625 0.1453125 0.1 0.065625
0 0.334375 0.23046875 0.103125 0.071875
0 0.434375 0.084375 0.096875 0.0640625
0 0.2203125 0.734375 0.1234375 0.0890625
0 0.4453125 0.4640625 0.109375 0.0765625
0 0.43828125 0.30625 0.103125 0.075
0 0.221875 0.64375 0.121875 0.0859375
0 0.55390625 0.5421875 0.103125 0.08125
0 0.3375 0.38984375 0.10625 0.078125
0 0.53515625 0.1484375 0.0984375 0.06875
0 0.3375 0.153125 0.103125 0.0671875
0 0.640625 0.3015625 0.1 0.075
0 0.865625 0.52890625 0.10625 0.078125
0 0.89921875 0.87421875 0.115625 0.09375
0 0.65 0.4578125 0.10625 0.078125
0 0.45 0.54609375 0.1140625 0.08125
0 0.33828125 0.309375 0.10625 0.075
0 0.54296875 0.38203125 0.103125 0.075
0 0.89296875 0.77890625 0.1125 0.090625
0 0.54765625 0.45703125 0.1046875 0.075
0 0.77578125 0.6984375 0.1140625 0.0875
0 0.878125 0.69140625 0.1140625 0.0859375
0 0.76875 0.6203125 0.1078125 0.08125
0 0.87265625 0.6078125 0.1125 0.08125
0 0.74609375 0.3796875 0.103125 0.075
0 0.6734375 0.8015625 0.1171875 0.090625
0 0.72109375 0.0828125 0.1 0.06875
0 0.72734375 0.15546875 0.096875 0.06875
0 0.73046875 0.22421875 0.096875 0.071875
0 0.53515625 0.08515625 0.0984375 0.065625
0 0.753125 0.45234375 0.109375 0.075
0 0.84765625 0.3703125 0.109375 0.0734375
0 0.8234375 0.15 0.1 0.0640625
0 0.8265625 0.221875 0.103125 0.06875
0 0.8140625 0.0859375 0.096875 0.06875
0 0.62890625 0.15078125 0.1 0.065625
0 0.625 0.0859375 0.1 0.065625