0 0.53203125 0.56640625 0.08125 0.0921875
0 0.5328125 0.37734375 0.0890625 0.103125
0 0.69609375 0.37890625 0.0875 0.1046875
0 0.53359375 0.4703125 0.084375 0.1
0 0.61015625 0.38046875 0.0875 0.103125
0 0.609375 0.4703125 0.084375 0.096875
0 0.6125 0.27421875 0.0921875 0.1125
0 0.69375 0.47265625 0.084375 0.096875
0 0.7046875 0.271875 0.09375 0.1109375
0 0.6078125 0.56640625 0.084375 0.09375
0 0.50390625 0.6640625 0.06875 0.103125
0 0.44765625 0.5703125 0.0859375 0.090625
0 0.53125 0.2640625 0.090625 0.115625
0 0.76640625 0.565625 0.084375 0.09375
0 0.43984375 0.26640625 0.09375 0.11875
0 0.6859375 0.56484375 0.08125 0.090625
0 0.70078125 0.665625 0.06875 0.10625
0 0.5703125 0.66484375 0.06875 0.1046875
0 0.44296875 0.384375 0.0875 0.103125
0 0.36796875 0.51796875 0.075 0.1109375
0 0.56796875 0.7703125 0.0671875 0.0984375
0 0.4453125 0.47578125 0.0875 0.096875
0 0.5046875 0.86015625 0.0640625 0.0953125
0 0.50390625 0.76640625 0.065625 0.103125
0 0.3625 0.403125 0.078125 0.11875
0 0.69375 0.76328125 0.065625 0.09375
0 0.56640625 0.85703125 0.0640625 0.0890625
0 0.76484375 0.6671875 0.071875 0.1015625
0 0.4421875 0.8625 0.065625 0.0953125
0 0.75234375 0.85078125 0.0625 0.0921875
0 0.7828125 0.378125 0.090625 0.103125
0 0.43828125 0.665625 0.0703125 0.10625
0 0.62578125 0.85546875 0.0625 0.0890625
0 0.63125 0.665625 0.065625 0.1046875
0 0.6296875 0.76640625 0.0625 0.09375
0 0.75859375 0.7625 0.065625 0.09375
0 0.36484375 0.62734375 0.0734375 0.103125
0 0.77109375 0.471875 0.0875 0.0953125
0 0.7921875 0.275 0.096875 0.109375
0 0.37421875 0.7671875 0.06875 0.0984375
0 0.4390625 0.76875 0.06875 0.1015625
0 0.38046875 0.86953125 0.065625 0.0921875
0 0.690625 0.85234375 0.06875 0.09375
0 0.33828125 0.27890625 0.09375 0.1328125