0 0.27265625 0.30703125 0.1125 0.115625
0 0.38828125 0.51328125 0.1 0.096875
0 0.275 0.41796875 0.1078125 0.10625
0 0.375 0.31015625 0.10625 0.1125
0 0.384375 0.4171875 0.1046875 0.1046875
0 0.259375 0.18046875 0.1203125 0.128125
0 0.2875 0.51484375 0.10625 0.1
0 0.475 0.51171875 0.0921875 0.09375
0 0.3765625 0.19296875 0.109375 0.1203125
0 0.47578125 0.4140625 0.096875 0.103125
0 0.4765625 0.31484375 0.1 0.109375
0 0.38828125 0.6078125 0.0953125 0.0921875
0 0.4765625 0.60234375 0.090625 0.090625
0 0.29140625 0.60859375 0.1 0.090625
0 0.47578125 0.68984375 0.0875 0.084375
0 0.39296875 0.77265625 0.0875 0.075
0 0.47578125 0.771875 0.084375 0.078125
0 0.39375 0.690625 0.090625 0.0828125
0 0.56484375 0.6 0.084375 0.0875
0 0.29921875 0.696875 0.0953125 0.0828125
0 0.403125 0.97421875 0.078125 0.0515625
0 0.56171875 0.6828125 0.08125 0.078125
0 0.56953125 0.41796875 0.090625 0.1
0 0.56796875 0.51796875 0.0875 0.0875
0 0.65078125 0.30859375 0.059375 0.0890625
0 0.3234375 0.975 0.08125 0.05
0 0.4765625 0.1921875 0.10625 0.1234375
0 0.57109375 0.3203125 0.0953125 0.1078125
0 0.31640625 0.9171875 0.08125 0.0703125
0 0.4765625 0.96953125 0.078125 0.0609375
0 0.40078125 0.90859375 0.08125 0.071875
0 0.39609375 0.8421875 0.084375 0.065625
0 0.553125 0.95625 0.0703125 0.0625
0 0.478125 0.90546875 0.0765625 0.0625
0 0.30546875 0.7765625 0.09375 0.0765625
0 0.5515625 0.8953125 0.0703125 0.059375
0 0.31328125 0.84765625 0.084375 0.065625
0 0.61953125 0.7453125 0.05 0.05625
0 0.47578125 0.84453125 0.078125 0.071875
0 0.55859375 0.7609375 0.078125 0.0703125
0 0.6453125 0.3953125 0.05625 0.08125
0 0.6234375 0.6859375 0.0515625 0.06875
0 0.628125 0.6203125 0.0546875 0.0625
0 0.609375 0.85859375 0.0484375 0.05625
0 0.6078125 0.91015625 0.04375 0.0484375
0 0.64140625 0.471875 0.05625 0.071875
0 0.6140625 0.8046875 0.046875 0.059375
0 0.65703125 0.21796875 0.0625 0.090625
0 0.60546875 0.9609375 0.0421875 0.05
0 0.55546875 0.8296875 0.0734375 0.075
0 0.6359375 0.5515625 0.053125 0.071875
0 0.5765625 0.21015625 0.1046875 0.1171875
0 0.5515625 0.99140625 0.071875 0.0171875