0 0.59765625 0.353125 0.0828125 0.10703125
0 0.803125 0.7796875 0.096875 0.1125
0 0.8828125 0.3328125 0.1015625 0.11875
0 0.69375 0.34765625 0.0890625 0.11171875
0 0.49296875 0.28203125 0.1296875 0.071875
0 0.69921875 0.453125 0.0875 0.10859375
0 0.79140625 0.4484375 0.09375 0.1140625
0 0.7125 0.77265625 0.090625 0.11328125
0 0.10625 0.3875 0.0765625 0.09921875
0 0.88515625 0.446875 0.10078125 0.11640625
0 0.72890625 0.88125 0.08984375 0.11328125
0 0.9015625 0.784375 0.1 0.1171875
0 0.4 0.86171875 0.07890625 0.103125
0 0.359375 0.2921875 0.128125 0.07421875
0 0.52265625 0.3578125 0.078125 0.1015625
0 0.62421875 0.66796875 0.0859375 0.10859375
0 0.61328125 0.45859375 0.08515625 0.10703125
0 0.8953125 0.5578125 0.1015625 0.11796875
0 0.80234375 0.6734375 0.09453125 0.11640625
0 0.8 0.5609375 0.0953125 0.1109375
0 0.53359375 0.46015625 0.08359375 0.103125
0 0.61640625 0.56640625 0.08671875 0.10703125
0 0.709375 0.5625 0.0890625 0.11015625
0 0.4640625 0.6671875 0.08046875 0.103125
0 0.54140625 0.565625 0.08046875 0.1046875
0 0.63515625 0.8765625 0.08515625 0.1125
0 0.478125 0.86796875 0.08125 0.1078125
0 0.38984375 0.76171875 0.07578125 0.1015625
0 0.38515625 0.6640625 0.07734375 0.1
0 0.7109375 0.66953125 0.08984375 0.1140625
0 0.89765625 0.67265625 0.10234375 0.11953125
0 0.546875 0.66875 0.08125 0.10546875
0 0.4453125 0.36328125 0.07578125 0.1046875
0 0.46875 0.765625 0.0796875 0.10390625
0 0.3828125 0.56484375 0.07421875 0.0984375
0 0.31484375 0.6625 0.06953125 0.09921875
0 0.78515625 0.34453125 0.09375 0.1125
0 0.46015625 0.5671875 0.08046875 0.103125
0 0.1203125 0.565625 0.06640625 0.08984375
0 0.44921875 0.46328125 0.0765625 0.1046875
0 0.559375 0.8734375 0.08515625 0.11015625
0 0.246875 0.5640625 0.06484375 0.09453125
0 0.3046875 0.375 0.0765625 0.1015625
0 0.55078125 0.76796875 0.08203125 0.1046875
0 0.315625 0.56328125 0.0703125 0.096875
0 0.81953125 0.89453125 0.09765625 0.11328125
0 0.11328125 0.48046875 0.06796875 0.0921875
0 0.6265625 0.77421875 0.0859375 0.1078125
0 0.23828125 0.3046875 0.11953125 0.06953125
0 0.18515625 0.56484375 0.0640625 0.0921875
0 0.121875 0.66015625 0.0640625 0.09375
0 0.91015625 0.8984375 0.10234375 0.11484375
0 0.246875 0.6609375 0.06875 0.09609375
0 0.1734375 0.38359375 0.06875 0.09609375
0 0.19140625 0.75 0.07734375 0.09921875
0 0.3203125 0.76171875 0.06875 0.09921875
0 0.64609375 0.2703125 0.15 0.0734375
0 0.23984375 0.47265625 0.07109375 0.09453125
0 0.18125 0.47578125 0.06640625 0.09296875
0 0.23671875 0.37890625 0.07265625 0.09765625
0 0.1859375 0.6609375 0.0625 0.09375
0 0.37578125 0.465625 0.071875 0.1
0 0.3234375 0.8578125 0.0734375 0.1015625
0 0.31015625 0.4703125 0.06953125 0.09609375
0 0.3734375 0.37265625 0.0703125 0.1
0 0.12265625 0.75078125 0.06796875 0.0953125
0 0.12734375 0.31171875 0.1109375 0.0625
0 0.8359375 0.253125 0.17109375 0.07734375
0 0.2546875 0.75078125 0.078125 0.1
0 0.25234375 0.846875 0.08125 0.1015625
0 0.190625 0.840625 0.071875 0.09765625
0 0.12734375 0.8390625 0.071875 0.09609375