0 0.515625 0.3984375 0.103125 0.171875
0 0.6125 0.3859375 0.1078125 0.1671875
0 0.41796875 0.40625 0.1015625 0.171875
0 0.58359375 0.20078125 0.125 0.209375
0 0.615625 0.5578125 0.1015625 0.15
0 0.3203125 0.40078125 0.103125 0.171875
0 0.22421875 0.40625 0.1 0.1671875
0 0.47890625 0.20625 0.1109375 0.209375
0 0.2484375 0.56640625 0.096875 0.146875
0 0.51796875 0.565625 0.0984375 0.153125
0 0.33828125 0.5625 0.09375 0.1515625
0 0.2046875 0.225 0.115625 0.2
0 0.59375 0.6859375 0.115625 0.115625
0 0.4796875 0.69140625 0.1125 0.103125
0 0.42890625 0.5625 0.09375 0.15
0 0.4421875 0.77265625 0.08125 0.059375
0 0.37265625 0.20859375 0.1328125 0.209375
0 0.28203125 0.22265625 0.084375 0.20625
0 0.54453125 0.771875 0.128125 0.05
0 0.38125 0.69140625 0.109375 0.109375
0 0.28046875 0.6921875 0.1125 0.115625
0 0.36484375 0.77734375 0.0859375 0.071875
0 0.2875 0.77578125 0.084375 0.065625