0 0.46875 0.58125 0.18125 0.0625
0 0.47265625 0.7046875 0.178125 0.059375
0 0.471875 0.6453125 0.18125 0.0625
0 0.4640625 0.38984375 0.1921875 0.06875
0 0.66015625 0.4484375 0.2 0.065625
0 0.45703125 0.1640625 0.203125 0.078125
0 0.4625 0.31640625 0.1953125 0.06875
0 0.659375 0.76875 0.1859375 0.059375
0 0.66015625 0.3859375 0.2 0.06875
0 0.65390625 0.70546875 0.1875 0.059375
0 0.8546875 0.71875 0.19375 0.0609375
0 0.6578125 0.82734375 0.184375 0.059375
0 0.875 0.23125 0.2125 0.0734375
0 0.45859375 0.240625 0.2 0.075
0 0.3046875 0.20546875 0.1140625 0.128125
0 0.46796875 0.52109375 0.1875 0.0625
0 0.840625 0.8421875 0.19375 0.0640625
0 0.475 0.83671875 0.1734375 0.059375
0 0.6578125 0.6453125 0.190625 0.0640625
0 0.6609375 0.5828125 0.19375 0.059375
0 0.4671875 0.45390625 0.1875 0.0671875
0 0.85546875 0.6515625 0.196875 0.0625
0 0.340625 0.80859375 0.1 0.103125
0 0.87265625 0.309375 0.209375 0.071875
0 0.665625 0.159375 0.2078125 0.08125
0 0.8671875 0.38125 0.2140625 0.0734375
0 0.3125 0.3328125 0.1125 0.11875
0 0.665625 0.2359375 0.203125 0.075
0 0.328125 0.58828125 0.103125 0.103125
0 0.86484375 0.52109375 0.2015625 0.065625
0 0.47890625 0.76796875 0.178125 0.059375
0 0.84453125 0.778125 0.1890625 0.0609375
0 0.3328125 0.70390625 0.0984375 0.1046875
0 0.85546875 0.58359375 0.2 0.0625
0 0.86640625 0.44921875 0.2046875 0.0703125
0 0.6609375 0.51640625 0.19375 0.0703125
0 0.6640625 0.3109375 0.203125 0.0734375
0 0.88203125 0.1484375 0.221875 0.084375
0 0.32109375 0.4453125 0.10625 0.109375