0 0.43984375 0.33046875 0.1 0.078125
0 0.7390625 0.22890625 0.1109375 0.090625
0 0.4390625 0.24765625 0.1 0.084375
0 0.2734375 0.6265625 0.09375 0.06875
0 0.74453125 0.1375 0.1140625 0.096875
0 0.34296875 0.33359375 0.0984375 0.078125
0 0.4421875 0.40859375 0.096875 0.075
0 0.5390625 0.2421875 0.1 0.0875
0 0.24453125 0.340625 0.103125 0.0796875
0 0.63671875 0.31796875 0.1015625 0.0828125
0 0.35 0.484375 0.0953125 0.071875
0 0.3390625 0.2515625 0.1015625 0.084375
0 0.53984375 0.4015625 0.0984375 0.0765625
0 0.4328125 0.16171875 0.103125 0.0890625
0 0.73828125 0.3890625 0.103125 0.0796875
0 0.140625 0.26953125 0.103125 0.08125
0 0.5390625 0.609375 0.09375 0.0671875
0 0.53828125 0.32265625 0.1 0.078125
0 0.1703125 0.49296875 0.0953125 0.0734375
0 0.23203125 0.1796875 0.10625 0.0875
0 0.64453125 0.14609375 0.109375 0.09375
0 0.64140625 0.23515625 0.1046875 0.0875
0 0.7328125 0.3125 0.10625 0.0828125
0 0.72109375 0.60703125 0.1 0.06875
0 0.2765625 0.69375 0.09375 0.0640625
0 0.63828125 0.390625 0.103125 0.078125
0 0.15390625 0.3453125 0.103125 0.078125
0 0.24140625 0.25859375 0.1 0.08125
0 0.33359375 0.16796875 0.1046875 0.090625
0 0.26875 0.5578125 0.09375 0.06875
0 0.54765625 0.86796875 0.0859375 0.0578125
0 0.45859375 0.8109375 0.084375 0.0625
0 0.35859375 0.6203125 0.0921875 0.06875
0 0.16328125 0.42421875 0.1 0.075
0 0.5390625 0.1578125 0.103125 0.09375
0 0.353125 0.55234375 0.0953125 0.06875
0 0.6328125 0.5421875 0.096875 0.06875
0 0.5453125 0.80546875 0.0890625 0.0625
0 0.54296875 0.74375 0.0890625 0.0640625
0 0.371875 0.753125 0.090625 0.0625
0 0.34453125 0.40625 0.096875 0.075
0 0.44921875 0.61171875 0.090625 0.06875
0 0.6359375 0.46640625 0.1015625 0.071875
0 0.7265625 0.465625 0.103125 0.0734375
0 0.5390625 0.471875 0.096875 0.0703125
0 0.63515625 0.67265625 0.09375 0.0625
0 0.44296875 0.478125 0.096875 0.0703125
0 0.375 0.8125 0.0859375 0.059375
0 0.45390625 0.684375 0.090625 0.0671875
0 0.634375 0.6046875 0.0953125 0.06875
0 0.3703125 0.6859375 0.090625 0.065625
0 0.728125 0.5421875 0.1015625 0.0703125
0 0.540625 0.6765625 0.090625 0.065625
0 0.28203125 0.76015625 0.090625 0.065625
0 0.71953125 0.67578125 0.096875 0.0640625
0 0.1296875 0.184375 0.10625 0.0875
0 0.24921875 0.41484375 0.1 0.0765625
0 0.44296875 0.54375 0.0921875 0.071875
0 0.2609375 0.4890625 0.0984375 0.071875
0 0.53828125 0.54140625 0.09375 0.06875
0 0.715625 0.803125 0.090625 0.0640625
0 0.178125 0.56953125 0.10625 0.084375
0 0.19375 0.69765625 0.0875 0.065625
0 0.38203125 0.875 0.0828125 0.0546875
0 0.4640625 0.8703125 0.084375 0.0578125
0 0.45546875 0.74453125 0.0875 0.0625
0 0.6328125 0.73359375 0.090625 0.065625
0 0.71640625 0.74296875 0.0921875 0.0625
0 0.6359375 0.86171875 0.0875 0.05625
0 0.296875 0.8234375 0.090625 0.0625
0 0.19765625 0.765625 0.084375 0.0625
0 0.6359375 0.796875 0.0890625 0.059375
0 0.71484375 0.86953125 0.0875 0.059375
0 0.21015625 0.82734375 0.0953125 0.053125
0 0.21796875 0.87890625 0.090625 0.05625
0 0.18828125 0.63515625 0.0984375 0.0765625
0 0.30390625 0.875 0.0921875 0.0671875