0 0.23203125 0.71015625 0.159375 0.109375
0 0.23515625 0.3953125 0.184375 0.109375
0 0.0703125 0.6046875 0.140625 0.1015625
0 0.06953125 0.33828125 0.1390625 0.08125
0 0.234375 0.503125 0.175 0.096875
0 0.07734375 0.7125 0.1546875 0.115625
0 0.2296875 0.60625 0.175 0.0984375
0 0.07109375 0.51015625 0.1421875 0.0828125
0 0.525 0.65390625 0.2921875 0.084375
0 0.07109375 0.4234375 0.140625 0.08125
0 0.06875 0.25859375 0.1375 0.0875
0 0.2328125 0.27734375 0.184375 0.115625
0 0.79765625 0.84296875 0.278125 0.0484375
0 0.528125 0.33984375 0.28125 0.0375
0 0.79296875 0.346875 0.265625 0.0453125
0 0.79375 0.7171875 0.271875 0.059375
0 0.79453125 0.746875 0.271875 0.059375
0 0.51875 0.4875 0.278125 0.146875
0 0.7921875 0.31484375 0.265625 0.028125
0 0.5109375 0.784375 0.2875 0.1375
0 0.79765625 0.5890625 0.2734375 0.090625
0 0.78515625 0.42109375 0.265625 0.0859375
0 0.5265625 0.2953125 0.28125 0.034375
0 0.79453125 0.68671875 0.271875 0.034375
0 0.79296875 0.29453125 0.2671875 0.0453125
0 0.52734375 0.30859375 0.28125 0.03125
0 0.51875 0.81796875 0.3 0.059375
0 0.79453125 0.79375 0.2703125 0.0515625
0 0.5265625 0.2546875 0.28125 0.040625
0 0.79296875 0.14609375 0.271875 0.103125
0 0.52890625 0.35234375 0.2828125 0.03125
0 0.52578125 0.58203125 0.28125 0.046875
0 0.79375 0.6609375 0.26875 0.0484375
0 0.525 0.7046875 0.290625 0.028125
0 0.53125 0.1890625 0.290625 0.03125
0 0.51953125 0.87421875 0.30625 0.0515625