0 0.83046875 0.58046875 0.14765625 0.14140625
0 0.51640625 0.26171875 0.1875 0.1
0 0.3359375 0.45546875 0.17421875 0.0921875
0 0.33671875 0.5421875 0.17578125 0.0890625
0 0.51484375 0.44765625 0.18984375 0.09609375
0 0.6796875 0.5796875 0.1421875 0.13515625
0 0.68203125 0.43203125 0.1421875 0.1515625
0 0.678125 0.67734375 0.15 0.084375
0 0.83359375 0.43046875 0.15234375 0.14921875
0 0.1734375 0.45625 0.165625 0.08984375
0 0.52734375 0.3578125 0.18671875 0.09921875
0 0.68359375 0.28984375 0.13828125 0.15234375
0 0.825 0.68359375 0.1453125 0.0875
0 0.8359375 0.275 0.1453125 0.1578125
0 0.54921875 0.72109375 0.109375 0.1015625
0 0.43828125 0.8171875 0.10546875 0.10390625
0 0.33671875 0.71171875 0.10234375 0.09609375
0 0.51171875 0.540625 0.18984375 0.09453125
0 0.50859375 0.628125 0.1890625 0.09609375
0 0.6734375 0.80546875 0.1421875 0.16953125
0 0.1703125 0.6265625 0.15859375 0.08828125
0 0.675 0.7578125 0.14375 0.08515625
0 0.546875 0.82109375 0.11171875 0.11171875
0 0.171875 0.54296875 0.1625 0.0875
0 0.33046875 0.6296875 0.1703125 0.0921875
0 0.16171875 0.2875 0.17578125 0.090625
0 0.4421875 0.715625 0.1046875 0.0984375
0 0.3375 0.80625 0.1 0.1046875
0 0.33359375 0.278125 0.17890625 0.0984375
0 0.825 0.85078125 0.1546875 0.08671875
0 0.82109375 0.76640625 0.15859375 0.0921875
0 0.196875 0.7078125 0.190625 0.0953125
0 0.8265625 0.8140625 0.15859375 0.171875
0 0.2 0.8 0.18984375 0.1046875
0 0.16484375 0.36953125 0.175 0.09296875
0 0.3375 0.36953125 0.1890625 0.0984375
0 0.140625 0.215625 0.12421875 0.06484375
0 0.25703125 0.20859375 0.1171875 0.06484375
0 0.38984375 0.20234375 0.14609375 0.05859375
0 0.51875 0.196875 0.1171875 0.04609375
0 0.640625 0.18359375 0.13828125 0.06484375
0 0.80625 0.1703125 0.20078125 0.084375