0 0.328125 0.625 0.0796875 0.09453125
0 0.40546875 0.6234375 0.07421875 0.0921875
0 0.5546875 0.61796875 0.0703125 0.0875
0 0.14609375 0.54296875 0.08515625 0.09609375
0 0.14375 0.34921875 0.0875 0.0984375
0 0.14609375 0.44609375 0.0875 0.09609375
0 0.2296875 0.35078125 0.08203125 0.096875
0 0.31328125 0.353125 0.0828125 0.0953125
0 0.23203125 0.5375 0.08203125 0.09609375
0 0.625 0.70234375 0.06953125 0.08828125
0 0.234375 0.7203125 0.084375 0.09453125
0 0.4078125 0.71640625 0.07734375 0.0921875
0 0.81640625 0.3640625 0.0609375 0.08125
0 0.634375 0.78359375 0.06796875 0.0875
0 0.23359375 0.634375 0.0859375 0.09453125
0 0.88203125 0.365625 0.06171875 0.0796875
0 0.31640625 0.53671875 0.08125 0.0921875
0 0.1453125 0.63515625 0.08515625 0.09765625
0 0.62890625 0.61875 0.06953125 0.0859375
0 0.69140625 0.446875 0.06328125 0.08203125
0 0.55390625 0.70625 0.07109375 0.0875
0 0.47265625 0.5375 0.07578125 0.0890625
0 0.70078125 0.7796875 0.06640625 0.08515625
0 0.478125 0.70703125 0.07265625 0.08984375
0 0.48203125 0.6234375 0.0734375 0.0890625
0 0.8859375 0.52578125 0.05859375 0.08359375
0 0.5546875 0.446875 0.071875 0.0859375
0 0.23203125 0.44609375 0.08203125 0.09453125
0 0.82421875 0.53046875 0.06328125 0.08125
0 0.32421875 0.71875 0.08125 0.090625
0 0.69453125 0.69375 0.06640625 0.08359375
0 0.7640625 0.53125 0.06484375 0.084375
0 0.3171875 0.446875 0.08046875 0.09140625
0 0.48203125 0.446875 0.071875 0.0859375
0 0.4921875 0.7953125 0.07421875 0.09296875
0 0.765625 0.690625 0.06484375 0.08203125
0 0.56171875 0.7890625 0.0703125 0.08984375
0 0.3890625 0.44765625 0.07578125 0.09140625
0 0.69453125 0.61640625 0.065625 0.08359375
0 0.62265625 0.44765625 0.06875 0.084375
0 0.68515625 0.36171875 0.06640625 0.08515625
0 0.39140625 0.5390625 0.0734375 0.090625
0 0.6921875 0.534375 0.06640625 0.08515625
0 0.40234375 0.35625 0.0765625 0.0921875
0 0.55703125 0.5359375 0.0703125 0.0859375
0 0.62109375 0.53515625 0.06953125 0.0859375
0 0.88671875 0.44765625 0.059375 0.078125
0 0.2375 0.81328125 0.08203125 0.09609375
0 0.8203125 0.44765625 0.0609375 0.08046875
0 0.146875 0.82734375 0.08671875 0.1
0 0.890625 0.603125 0.059375 0.0828125
0 0.41171875 0.80078125 0.07890625 0.09453125
0 0.3234375 0.809375 0.08359375 0.0953125
0 0.61640625 0.36015625 0.065625 0.08671875
0 0.76640625 0.7765625 0.0625 0.0828125
0 0.146875 0.72578125 0.08515625 0.09296875
0 0.76171875 0.44765625 0.06640625 0.08125
0 0.76484375 0.6078125 0.065625 0.084375
0 0.7546875 0.3640625 0.06328125 0.0828125
0 0.82734375 0.60859375 0.06484375 0.0828125
0 0.8890625 0.76640625 0.0578125 0.0859375
0 0.82734375 0.7703125 0.06484375 0.084375
0 0.8265625 0.68828125 0.0640625 0.0828125
0 0.54921875 0.3640625 0.071875 0.0890625
0 0.47421875 0.35859375 0.0703125 0.090625
0 0.8890625 0.68671875 0.059375 0.08125