0 0.58203125 0.1984375 0.1328125 0.15625
0 0.57734375 0.33828125 0.121875 0.1328125
0 0.4609375 0.296875 0.125 0.103125
0 0.45703125 0.1875 0.134375 0.1171875
0 0.32734375 0.18828125 0.140625 0.1171875
0 0.71171875 0.1984375 0.1375 0.153125
0 0.2890625 0.61640625 0.1 0.059375
0 0.66875 0.55 0.1 0.09375
0 0.6984375 0.340625 0.121875 0.1328125
0 0.21796875 0.3078125 0.1359375 0.10625
0 0.3390625 0.29921875 0.13125 0.10625
0 0.68125 0.45546875 0.1125 0.109375
0 0.18984375 0.1953125 0.146875 0.121875
0 0.3625 0.47265625 0.1125 0.0796875
0 0.571875 0.45 0.1140625 0.09375
0 0.29765625 0.671875 0.1015625 0.065625
0 0.38203125 0.6125 0.09375 0.059375
0 0.571875 0.5359375 0.10625 0.078125
0 0.34453125 0.390625 0.121875 0.08125
0 0.371875 0.54609375 0.103125 0.06875
0 0.309375 0.7390625 0.090625 0.0609375
0 0.46953125 0.5421875 0.1 0.06875
0 0.38984375 0.671875 0.09375 0.0625
0 0.73359375 0.68203125 0.096875 0.075
0 0.47421875 0.6046875 0.09375 0.0625
0 0.46328125 0.39453125 0.1171875 0.09375
0 0.821875 0.25546875 0.1375 0.1
0 0.478125 0.71953125 0.0875 0.0515625
0 0.64921875 0.696875 0.0828125 0.046875
0 0.64296875 0.759375 0.0828125 0.0765625
0 0.38828125 0.7234375 0.0890625 0.0484375
0 0.72109375 0.75546875 0.0828125 0.065625
0 0.4765625 0.76953125 0.0828125 0.053125
0 0.65859375 0.6390625 0.0953125 0.0828125
0 0.39140625 0.77734375 0.084375 0.053125
0 0.56875 0.59921875 0.096875 0.0625
0 0.475 0.665625 0.0875 0.053125
0 0.79140625 0.41171875 0.121875 0.078125
0 0.2375 0.40546875 0.128125 0.0875
0 0.7546875 0.603125 0.10625 0.0921875
0 0.5625 0.7171875 0.084375 0.05625
0 0.56484375 0.6640625 0.0921875 0.0578125
0 0.24765625 0.48046875 0.125 0.075
0 0.2765625 0.55234375 0.1125 0.0625
0 0.77890625 0.471875 0.11875 0.0625
0 0.56015625 0.7703125 0.084375 0.0625
0 0.46484375 0.47421875 0.109375 0.0671875
0 0.31328125 0.78671875 0.0890625 0.04375
0 0.76796875 0.534375 0.1140625 0.059375
0 0.8078125 0.3390625 0.13125 0.0921875
0 0.83203125 0.1671875 0.128125 0.09375