0 0.51796875 0.5640625 0.1125 0.0828125
0 0.7421875 0.64765625 0.1203125 0.08125
0 0.778125 0.18671875 0.1390625 0.1046875
0 0.29921875 0.29296875 0.115625 0.0921875
0 0.5171875 0.47890625 0.115625 0.0890625
0 0.7390625 0.75703125 0.11875 0.153125
0 0.16953125 0.378125 0.1578125 0.0875
0 0.753125 0.521875 0.128125 0.171875
0 0.63828125 0.39140625 0.125 0.0921875
0 0.51640625 0.72109375 0.1078125 0.0765625
0 0.40234375 0.20390625 0.121875 0.1
0 0.52109375 0.2984375 0.121875 0.09375
0 0.51796875 0.64921875 0.1109375 0.08125
0 0.76875 0.28984375 0.13125 0.096875
0 0.5171875 0.7984375 0.10625 0.075
0 0.51875 0.384375 0.11875 0.0921875
0 0.521875 0.20078125 0.125 0.1015625
0 0.31796875 0.715625 0.1 0.078125
0 0.6453125 0.20078125 0.128125 0.10625
0 0.64609375 0.30078125 0.125 0.096875
0 0.65078125 0.0875 0.1328125 0.1125
0 0.63203125 0.56796875 0.11875 0.084375
0 0.41875 0.56171875 0.10625 0.0828125
0 0.30859375 0.46796875 0.1078125 0.0875
0 0.409375 0.4765625 0.109375 0.0890625
0 0.7609375 0.3859375 0.13125 0.0921875
0 0.52265625 0.0953125 0.128125 0.109375
0 0.3234375 0.78828125 0.096875 0.075
0 0.41015625 0.38984375 0.1125 0.090625
0 0.63125 0.653125 0.1171875 0.08125
0 0.41015625 0.29296875 0.115625 0.09375
0 0.415625 0.6484375 0.10625 0.08125
0 0.1875 0.296875 0.1109375 0.090625
0 0.6328125 0.48046875 0.121875 0.0890625
0 0.62734375 0.80625 0.109375 0.0734375
0 0.63046875 0.72734375 0.115625 0.078125
0 0.41796875 0.7234375 0.10625 0.0765625
0 0.303125 0.38125 0.10625 0.0875
0 0.42109375 0.8703125 0.1015625 0.071875
0 0.41953125 0.796875 0.1 0.071875
0 0.2859375 0.20546875 0.115625 0.096875
0 0.315625 0.62890625 0.1 0.08125
0 0.6265625 0.88203125 0.109375 0.0765625
0 0.42578125 0.93984375 0.1 0.078125
0 0.31328125 0.5515625 0.103125 0.08125
0 0.4015625 0.09921875 0.121875 0.103125
0 0.1046875 0.4625 0.1 0.084375
0 0.08515625 0.296875 0.1109375 0.0875
0 0.6234375 0.95390625 0.103125 0.084375
0 0.78671875 0.08671875 0.146875 0.109375
0 0.52265625 0.87421875 0.103125 0.071875
0 0.11171875 0.54765625 0.1 0.08125
0 0.22578125 0.77890625 0.090625 0.071875
0 0.20546875 0.46640625 0.1078125 0.0875
0 0.21953125 0.70390625 0.090625 0.075
0 0.0765625 0.20390625 0.1125 0.09375
0 0.5234375 0.94296875 0.1015625 0.078125
0 0.1828125 0.203125 0.1125 0.09375
0 0.72734375 0.87421875 0.1125 0.071875
0 0.71953125 0.95546875 0.10625 0.0890625
0 0.21328125 0.63046875 0.103125 0.075
0 0.096875 0.3734375 0.109375 0.0875
0 0.115625 0.62890625 0.103125 0.084375
0 0.21015625 0.55625 0.103125 0.0796875
0 0.23203125 0.096875 0.23125 0.121875