0 0.10703125 0.775 0.14375 0.2578125
0 0.23125 0.76640625 0.125 0.24921875
0 0.4515625 0.4875 0.1078125 0.234375
0 0.08984375 0.52578125 0.13828125 0.275
0 0.22265625 0.515625 0.13515625 0.26015625
0 0.33984375 0.5015625 0.1203125 0.24609375
0 0.34296875 0.7453125 0.11484375 0.240625
0 0.73359375 0.68515625 0.084375 0.203125
0 0.5515625 0.71640625 0.09921875 0.215625
0 0.453125 0.7234375 0.1046875 0.22421875
0 0.6484375 0.696875 0.09140625 0.21484375
0 0.55390625 0.48203125 0.0984375 0.23046875
0 0.746875 0.46875 0.0984375 0.209375
0 0.6484375 0.47421875 0.09453125 0.2203125
0 0.82578125 0.66640625 0.084375 0.19921875
0 0.83359375 0.45859375 0.07890625 0.21015625
0 0.8953125 0.64375 0.07890625 0.1796875
0 0.90625 0.45078125 0.0765625 0.20546875