0 0.715625 0.378125 0.115625 0.084375
0 0.7265625 0.92734375 0.125 0.1
0 0.1671875 0.7953125 0.10625 0.084375
0 0.7234375 0.8359375 0.125 0.096875
0 0.80625 0.40390625 0.071875 0.146875
0 0.6078125 0.828125 0.11875 0.09375
0 0.7203125 0.64765625 0.11875 0.0875
0 0.49296875 0.6453125 0.1140625 0.0875
0 0.72109375 0.74140625 0.121875 0.0921875
0 0.7171875 0.55390625 0.1203125 0.0875
0 0.609375 0.7359375 0.1171875 0.09375
0 0.2703125 0.81328125 0.1125 0.0875
0 0.48984375 0.821875 0.1140625 0.090625
0 0.7140625 0.29921875 0.115625 0.08125
0 0.26875 0.9015625 0.109375 0.0953125
0 0.715625 0.4640625 0.11875 0.0875
0 0.3921875 0.3796875 0.109375 0.08125
0 0.384375 0.55390625 0.10625 0.084375
0 0.60859375 0.21796875 0.109375 0.0828125
0 0.8125 0.72109375 0.06875 0.15625
0 0.49375 0.9171875 0.115625 0.09375
0 0.60546875 0.471875 0.115625 0.084375
0 0.803125 0.26171875 0.06875 0.1390625
0 0.39296875 0.3 0.10625 0.0796875
0 0.49296875 0.55625 0.1109375 0.084375
0 0.5046875 0.14140625 0.1078125 0.084375
0 0.71484375 0.21640625 0.1125 0.084375
0 0.39453125 0.21953125 0.10625 0.0796875
0 0.38125 0.9078125 0.115625 0.096875
0 0.48984375 0.73203125 0.1140625 0.0890625
0 0.3890625 0.4671875 0.10625 0.084375
0 0.49609375 0.31640625 0.109375 0.08125
0 0.6078125 0.925 0.121875 0.1
0 0.609375 0.64140625 0.115625 0.0875
0 0.38359375 0.81796875 0.1125 0.090625
0 0.60625 0.37734375 0.1140625 0.084375
0 0.7125 0.13359375 0.1125 0.08125
0 0.603125 0.13515625 0.1109375 0.08125
0 0.28203125 0.63671875 0.109375 0.084375
0 0.1609375 0.884375 0.109375 0.0921875
0 0.81015625 0.55859375 0.06875 0.15
0 0.49453125 0.47109375 0.109375 0.084375
0 0.60859375 0.55625 0.115625 0.0859375
0 0.3796875 0.7234375 0.1125 0.0875
0 0.4015625 0.13984375 0.10625 0.078125
0 0.1703125 0.7109375 0.109375 0.0828125
0 0.18515625 0.37890625 0.103125 0.0796875
0 0.29140625 0.3046875 0.103125 0.075
0 0.2875 0.378125 0.1046875 0.0828125
0 0.1875 0.4640625 0.1 0.078125
0 0.19375 0.3046875 0.103125 0.0765625
0 0.7171875 0.05 0.1109375 0.0828125
0 0.38828125 0.6359375 0.109375 0.0859375
0 0.2828125 0.47109375 0.10625 0.08125
0 0.2796875 0.55859375 0.10625 0.084375
0 0.1796875 0.5453125 0.10625 0.08125
0 0.29609375 0.225 0.1 0.078125
0 0.49375 0.39375 0.109375 0.08125
0 0.60859375 0.0515625 0.109375 0.08125
0 0.60625 0.30078125 0.1125 0.0796875
0 0.403125 0.0625 0.1046875 0.08125
0 0.178125 0.625 0.10625 0.0828125
0 0.50234375 0.2328125 0.1078125 0.08125
0 0.80078125 0.10546875 0.065625 0.1375
0 0.821875 0.896875 0.071875 0.1625
0 0.50625 0.05859375 0.10625 0.0796875
0 0.2734375 0.7234375 0.109375 0.084375
0 0.30234375 0.14609375 0.103125 0.075
0 0.20234375 0.225 0.1 0.078125
0 0.2078125 0.0765625 0.1 0.078125
0 0.2046875 0.15234375 0.1 0.078125
0 0.3046875 0.0734375 0.1046875 0.08125