0 0.45 0.646875 0.175 0.05
0 0.26640625 0.603125 0.209375 0.0609375
0 0.45703125 0.6 0.184375 0.05625
0 0.278125 0.471875 0.228125 0.0703125
0 0.0765625 0.34296875 0.153125 0.065625
0 0.53828125 0.271875 0.240625 0.0828125
0 0.51953125 0.3484375 0.2296875 0.075
0 0.2625 0.540625 0.2125 0.059375
0 0.4984375 0.41953125 0.215625 0.065625
0 0.0765625 0.52578125 0.153125 0.053125
0 0.48515625 0.48203125 0.20625 0.059375
0 0.07578125 0.57421875 0.1515625 0.0484375
0 0.07734375 0.4671875 0.1546875 0.053125
0 0.46796875 0.540625 0.19375 0.05625
0 0.284375 0.40703125 0.2375 0.071875
0 0.07734375 0.41328125 0.153125 0.0609375
0 0.07734375 0.2796875 0.1546875 0.06875
0 0.29140625 0.31953125 0.25 0.08125
0 0.075 0.6234375 0.15 0.046875
0 0.07734375 0.2015625 0.1546875 0.075
0 0.0765625 0.11875 0.153125 0.084375
0 0.69140625 0.4390625 0.2015625 0.0609375
0 0.653125 0.55546875 0.1859375 0.053125
0 0.7234375 0.37734375 0.215625 0.071875
0 0.75390625 0.296875 0.225 0.078125
0 0.44609375 0.69296875 0.1734375 0.0453125
0 0.29609375 0.23125 0.265625 0.090625
0 0.67421875 0.50234375 0.2 0.05625
0 0.2640625 0.65390625 0.2 0.053125
0 0.0765625 0.66640625 0.153125 0.0421875
0 0.25546875 0.790625 0.18125 0.0484375
0 0.265625 0.70078125 0.196875 0.053125
0 0.25546875 0.7515625 0.1875 0.046875
0 0.61640625 0.66015625 0.16875 0.0640625
0 0.2890625 0.13828125 0.2734375 0.10625
0 0.08046875 0.71015625 0.1546875 0.0421875
0 0.434375 0.73828125 0.178125 0.04375
0 0.55234375 0.178125 0.246875 0.0921875
0 0.62578125 0.6078125 0.175 0.05
0 0.5984375 0.7109375 0.1625 0.065625
0 0.42109375 0.78046875 0.175 0.0515625
0 0.58359375 0.76875 0.1546875 0.059375
0 0.790625 0.20625 0.240625 0.0890625