0 0.45625 0.2078125 0.26875 0.1375
0 0.32265625 0.6890625 0.184375 0.075
0 0.2796875 0.534375 0.203125 0.0875
0 0.33515625 0.76953125 0.184375 0.071875
0 0.21015625 0.21875 0.2375 0.13125
0 0.48828125 0.4390625 0.221875 0.10625
0 0.23046875 0.33671875 0.221875 0.115625
0 0.47734375 0.32734375 0.24375 0.115625
0 0.309375 0.61796875 0.19375 0.0828125
0 0.5328125 0.778125 0.1953125 0.078125
0 0.5390625 0.85546875 0.190625 0.071875
0 0.3484375 0.8453125 0.175 0.065625
0 0.521875 0.6953125 0.2 0.0765625
0 0.25703125 0.43828125 0.21875 0.096875
0 0.51875 0.62265625 0.2140625 0.075
0 0.51015625 0.52734375 0.215625 0.09375