0 0.64296875 0.759375 0.0984375 0.08125
0 0.63984375 0.6796875 0.09375 0.0765625
0 0.54765625 0.840625 0.103125 0.0859375
0 0.64765625 0.8390625 0.103125 0.084375
0 0.26484375 0.60234375 0.096875 0.0734375
0 0.453125 0.38125 0.0875 0.0625
0 0.26015625 0.6828125 0.096875 0.078125
0 0.63828125 0.6015625 0.0953125 0.0703125
0 0.25390625 0.76796875 0.0984375 0.0796875
0 0.5375 0.13828125 0.0828125 0.0546875
0 0.1640625 0.67890625 0.096875 0.0765625
0 0.35078125 0.7671875 0.1 0.0796875
0 0.159375 0.759375 0.1 0.078125
0 0.36640625 0.54296875 0.09375 0.06875
0 0.5421875 0.67265625 0.0953125 0.0765625
0 0.27578125 0.39296875 0.090625 0.0625
0 0.3625 0.45078125 0.090625 0.0671875
0 0.359375 0.609375 0.09375 0.0734375
0 0.15 0.8375 0.103125 0.0828125
0 0.63515625 0.534375 0.0921875 0.0703125
0 0.54453125 0.59375 0.090625 0.071875
0 0.453125 0.32109375 0.084375 0.059375
0 0.62578125 0.31953125 0.084375 0.0625
0 0.453125 0.44921875 0.0890625 0.065625
0 0.62734375 0.38125 0.0875 0.06875
0 0.45390625 0.19921875 0.08125 0.0578125
0 0.1875 0.46015625 0.09375 0.06875
0 0.446875 0.7640625 0.1 0.0796875
0 0.35390625 0.68828125 0.0953125 0.075
0 0.63203125 0.459375 0.0875 0.0703125
0 0.2671875 0.53671875 0.096875 0.06875
0 0.4484375 0.68671875 0.096875 0.078125
0 0.371875 0.321875 0.0875 0.0609375
0 0.190625 0.390625 0.0921875 0.0625
0 0.546875 0.7578125 0.09375 0.084375
0 0.61796875 0.25078125 0.084375 0.0609375
0 0.53984375 0.31640625 0.0875 0.0625
0 0.3765625 0.1375 0.0828125 0.0546875
0 0.346875 0.85546875 0.103125 0.084375
0 0.45078125 0.51796875 0.090625 0.06875
0 0.3734375 0.19375 0.084375 0.059375
0 0.4515625 0.59375 0.09375 0.071875
0 0.540625 0.37890625 0.0875 0.065625
0 0.4546875 0.1375 0.08125 0.05625
0 0.61875 0.18828125 0.084375 0.059375
0 0.54140625 0.52109375 0.0875 0.0703125
0 0.3640625 0.38125 0.0875 0.065625
0 0.54140625 0.446875 0.0890625 0.0625
0 0.2796875 0.33125 0.0875 0.0625
0 0.4453125 0.85 0.103125 0.0828125
0 0.27109375 0.46328125 0.09375 0.06875
0 0.5390625 0.19765625 0.0828125 0.059375
0 0.684375 0.29453125 0.046875 0.0515625
0 0.20625 0.265625 0.0875 0.0609375
0 0.178125 0.53046875 0.0984375 0.071875
0 0.53671875 0.25234375 0.084375 0.0625
0 0.2109375 0.203125 0.0890625 0.0578125
0 0.36796875 0.25625 0.084375 0.0640625
0 0.61640625 0.13125 0.084375 0.0546875
0 0.2890625 0.271875 0.0875 0.0625
0 0.17578125 0.6015625 0.096875 0.075
0 0.2 0.33203125 0.090625 0.065625
0 0.45234375 0.2546875 0.0828125 0.0625
0 0.29453125 0.20078125 0.0859375 0.059375
0 0.25234375 0.8484375 0.1 0.084375
0 0.296875 0.1390625 0.084375 0.05625
0 0.68671875 0.39375 0.046875 0.0515625
0 0.67890625 0.24375 0.04375 0.05
0 0.696875 0.50625 0.0421875 0.0546875
0 0.2140625 0.14296875 0.0875 0.0546875
0 0.6890625 0.4515625 0.0453125 0.05625
0 0.68359375 0.34609375 0.040625 0.05