0 0.271875 0.13046875 0.2546875 0.140625
0 0.29296875 0.2515625 0.2296875 0.11875
0 0.55390625 0.45859375 0.21875 0.1
0 0.53984375 0.24375 0.246875 0.1265625
0 0.33046875 0.45859375 0.209375 0.096875
0 0.3109375 0.36171875 0.225 0.109375
0 0.59609375 0.8859375 0.1921875 0.071875
0 0.54921875 0.35859375 0.234375 0.1140625
0 0.36171875 0.640625 0.19375 0.084375
0 0.534375 0.1140625 0.26875 0.1359375
0 0.5703125 0.64453125 0.209375 0.0875
0 0.3734375 0.72578125 0.1875 0.08125
0 0.5734375 0.72578125 0.2078125 0.08125
0 0.5609375 0.5546875 0.215625 0.0890625
0 0.3453125 0.55546875 0.196875 0.090625
0 0.38359375 0.80234375 0.1875 0.075
0 0.403125 0.88046875 0.178125 0.06875
0 0.58515625 0.8046875 0.196875 0.075