0 0.62734375 0.5140625 0.1125 0.24609375
0 0.24921875 0.7203125 0.09765625 0.20625
0 0.86484375 0.79375 0.12578125 0.25859375
0 0.3421875 0.725 0.09609375 0.20390625
0 0.62265625 0.7546875 0.10703125 0.23828125
0 0.87421875 0.5359375 0.13515625 0.28359375
0 0.746875 0.5296875 0.1234375 0.2625
0 0.0921875 0.69609375 0.0953125 0.1984375
0 0.43046875 0.73671875 0.1015625 0.215625
0 0.52578125 0.74609375 0.096875 0.2265625
0 0.1734375 0.70625 0.09140625 0.2015625
0 0.740625 0.77265625 0.11875 0.25390625
0 0.33515625 0.509375 0.10078125 0.21875
0 0.5296875 0.51484375 0.103125 0.23203125
0 0.24375 0.50546875 0.09765625 0.209375
0 0.43203125 0.51640625 0.09921875 0.21953125
0 0.0796875 0.4984375 0.10234375 0.2140625
0 0.16015625 0.5015625 0.0890625 0.21015625