0 0.81484375 0.26015625 0.11875 0.134375
0 0.24765625 0.284375 0.10625 0.109375
0 0.3703125 0.4640625 0.121875 0.115625
0 0.71953125 0.35546875 0.0734375 0.1890625
0 0.8125 0.52109375 0.10625 0.125
0 0.4875 0.84609375 0.1234375 0.075
0 0.62421875 0.54921875 0.13125 0.0875
0 0.72265625 0.54140625 0.071875 0.1734375
0 0.48203125 0.22734375 0.134375 0.096875
0 0.625 0.45546875 0.1375 0.09375
0 0.8140625 0.396875 0.1140625 0.125
0 0.3546875 0.2390625 0.128125 0.1015625
0 0.36640625 0.3484375 0.128125 0.128125
0 0.25234375 0.409375 0.109375 0.1515625
0 0.6125 0.73671875 0.103125 0.115625
0 0.35234375 0.1375 0.128125 0.109375
0 0.48671875 0.7671875 0.121875 0.0734375
0 0.478125 0.13046875 0.1359375 0.115625
0 0.6203125 0.25703125 0.140625 0.13125
0 0.159375 0.42109375 0.08125 0.125
0 0.37890625 0.58125 0.11875 0.121875
0 0.490625 0.91328125 0.121875 0.075
0 0.49375 0.54765625 0.1265625 0.0765625
0 0.78984375 0.84921875 0.1 0.08125
0 0.37734375 0.76640625 0.103125 0.09375
0 0.271875 0.5484375 0.09375 0.14375
0 0.6203125 0.36640625 0.1375 0.096875
0 0.628125 0.63828125 0.1328125 0.0875
0 0.49921875 0.69453125 0.125 0.071875
0 0.61875 0.12734375 0.14375 0.140625
0 0.38671875 0.88203125 0.096875 0.140625
0 0.71015625 0.88359375 0.0796875 0.171875
0 0.5015625 0.61796875 0.125 0.071875
0 0.48984375 0.33125 0.13125 0.1265625
0 0.38203125 0.67890625 0.11875 0.071875
0 0.23984375 0.16171875 0.103125 0.1375
0 0.15390625 0.29921875 0.0796875 0.1203125
0 0.81328125 0.64296875 0.109375 0.11875
0 0.4921875 0.43671875 0.13125 0.1484375
0 0.79140625 0.93125 0.1 0.0890625
0 0.284375 0.778125 0.09375 0.140625
0 0.7609375 0.73828125 0.2 0.1359375
0 0.203125 0.88515625 0.090625 0.09375
0 0.703125 0.7453125 0.09375 0.1296875
0 0.2015625 0.79296875 0.0890625 0.0921875
0 0.28359375 0.6671875 0.09375 0.09375
0 0.8171875 0.13125 0.11875 0.15
0 0.7234375 0.16171875 0.078125 0.203125
0 0.64609375 0.884375 0.0703125 0.175
0 0.584375 0.8875 0.06875 0.165625
0 0.29296875 0.890625 0.1 0.1
0 0.153125 0.178125 0.09375 0.140625
0 0.184375 0.52734375 0.1 0.09375
0 0.19140625 0.6171875 0.096875 0.1
0 0.1984375 0.7046875 0.09375 0.1