0 0.1140625 0.17578125 0.10546875 0.14375
0 0.115625 0.31640625 0.10625 0.13359375
0 0.31796875 0.1953125 0.0921875 0.13203125
0 0.40859375 0.20078125 0.08828125 0.12890625
0 0.22109375 0.31640625 0.09921875 0.13203125
0 0.7328125 0.22734375 0.07578125 0.1171875
0 0.12890625 0.809375 0.09921875 0.121875
0 0.41796875 0.32265625 0.08984375 0.12421875
0 0.4171875 0.5515625 0.0859375 0.1140625
0 0.12265625 0.44375 0.10546875 0.1296875
0 0.58828125 0.328125 0.08125 0.1171875
0 0.57421875 0.6546875 0.0765625 0.1078125
0 0.5 0.32578125 0.0828125 0.1203125
0 0.125 0.56875 0.1015625 0.121875
0 0.8078125 0.22734375 0.0734375 0.1140625
0 0.2265625 0.796875 0.09296875 0.121875
0 0.66796875 0.44453125 0.07734375 0.109375
0 0.6640625 0.54921875 0.075 0.10859375
0 0.2203125 0.1890625 0.0984375 0.140625
0 0.23203125 0.90234375 0.09296875 0.11796875
0 0.73359375 0.546875 0.0734375 0.10703125
0 0.22734375 0.56171875 0.09609375 0.11953125
0 0.95703125 0.34296875 0.0703125 0.10390625
0 0.49609375 0.55 0.0796875 0.11171875
0 0.3234375 0.6734375 0.08828125 0.11875
0 0.3265625 0.8984375 0.0859375 0.1203125
0 0.5765625 0.2125 0.07890625 0.1234375
0 0.12734375 0.6875 0.09765625 0.12578125
0 0.6703125 0.33125 0.0765625 0.1125
0 0.22421875 0.44453125 0.0984375 0.125
0 0.81171875 0.5453125 0.07421875 0.1046875
0 0.40859375 0.44375 0.08671875 0.115625
0 0.8890625 0.34140625 0.06953125 0.10703125
0 0.7484375 0.3359375 0.07265625 0.1078125
0 0.49296875 0.20703125 0.0828125 0.12734375
0 0.32109375 0.5546875 0.090625 0.115625
0 0.40625 0.66796875 0.08515625 0.11484375
0 0.8171875 0.33984375 0.07109375 0.10703125
0 0.8859375 0.23125 0.075 0.1109375
0 0.3203125 0.32109375 0.09453125 0.12734375
0 0.1328125 0.91796875 0.1 0.11640625
0 0.5828125 0.44453125 0.08046875 0.11171875
0 0.58125 0.5546875 0.08203125 0.10859375
0 0.96328125 0.234375 0.0734375 0.1125
0 0.4953125 0.44609375 0.08125 0.11640625
0 0.22578125 0.678125 0.09375 0.1203125
0 0.4921875 0.6609375 0.08125 0.11015625
0 0.3203125 0.4453125 0.090625 0.121875
0 0.65859375 0.22265625 0.07734375 0.1203125
0 0.57421875 0.86953125 0.0765625 0.1109375
0 0.88046875 0.6421875 0.0671875 0.09921875
0 0.74375 0.4421875 0.07421875 0.1078125
0 0.40703125 0.88671875 0.084375 0.115625
0 0.86875 0.8390625 0.0671875 0.0984375
0 0.3234375 0.78359375 0.0890625 0.115625
0 0.6546875 0.85703125 0.07421875 0.10703125
0 0.6421875 0.7578125 0.071875 0.1046875
0 0.88671875 0.44453125 0.06796875 0.10390625
0 0.80625 0.646875 0.06953125 0.10390625
0 0.8734375 0.73984375 0.06640625 0.09765625
0 0.40703125 0.775 0.08359375 0.115625
0 0.4875 0.76953125 0.08125 0.11171875
0 0.73125 0.65 0.07421875 0.10390625
0 0.65859375 0.65625 0.0765625 0.10390625
0 0.56796875 0.76171875 0.07578125 0.10546875
0 0.815625 0.4421875 0.071875 0.10703125
0 0.728125 0.753125 0.075 0.1046875
0 0.95234375 0.44375 0.065625 0.1
0 0.4921875 0.878125 0.07890625 0.1140625
0 0.94140625 0.63984375 0.06640625 0.09609375
0 0.93515625 0.8328125 0.0671875 0.10234375
0 0.8859375 0.5453125 0.06953125 0.1
0 0.94609375 0.54140625 0.06171875 0.096875
0 0.940625 0.734375 0.06953125 0.09765625
0 0.803125 0.7453125 0.06953125 0.10078125
0 0.7984375 0.8453125 0.06953125 0.1046875
0 0.72421875 0.8546875 0.0734375 0.1046875