0 0.26640625 0.10625 0.140625 0.11875
0 0.29609375 0.321875 0.1296875 0.096875
0 0.759375 0.22421875 0.1171875 0.1
0 0.2796875 0.215625 0.134375 0.10625
0 0.39765625 0.1109375 0.1296875 0.1125
0 0.4078125 0.22109375 0.125 0.103125
0 0.30078125 0.4125 0.1234375 0.090625
0 0.309375 0.49921875 0.11875 0.084375
0 0.65234375 0.11171875 0.125 0.1125
0 0.52890625 0.321875 0.1171875 0.09375
0 0.33359375 0.79453125 0.1 0.071875
0 0.63515625 0.496875 0.1078125 0.078125
0 0.5296875 0.1125 0.125 0.1140625
0 0.415625 0.32265625 0.121875 0.09375
0 0.53046875 0.22109375 0.121875 0.1015625
0 0.6453125 0.321875 0.115625 0.0953125
0 0.646875 0.21953125 0.121875 0.1
0 0.734375 0.4890625 0.10625 0.08125
0 0.63984375 0.41484375 0.1125 0.0890625
0 0.75 0.32109375 0.1140625 0.090625
0 0.32109375 0.57578125 0.115625 0.078125
0 0.52890625 0.41328125 0.115625 0.090625
0 0.7703125 0.12109375 0.121875 0.1109375
0 0.2171875 0.5328125 0.0765625 0.146875
0 0.52734375 0.5046875 0.1109375 0.08125
0 0.74375 0.4109375 0.109375 0.0859375
0 0.85390625 0.31953125 0.11875 0.09375
0 0.41484375 0.41171875 0.11875 0.090625
0 0.32734375 0.72890625 0.109375 0.06875
0 0.86796875 0.22109375 0.121875 0.0984375
0 0.62734375 0.57265625 0.10625 0.075
0 0.4171875 0.49453125 0.1140625 0.08125
0 0.7203125 0.64296875 0.096875 0.075
0 0.32265625 0.659375 0.1125 0.075
0 0.81796875 0.56015625 0.1046875 0.078125
0 0.6234375 0.64921875 0.1 0.0734375
0 0.43125 0.7234375 0.1 0.06875
0 0.84609375 0.40625 0.1109375 0.0875
0 0.43515625 0.78828125 0.09375 0.06875
0 0.81015625 0.634375 0.1 0.071875
0 0.528125 0.6578125 0.103125 0.075
0 0.52890625 0.58203125 0.10625 0.0796875
0 0.8359375 0.490625 0.10625 0.0796875
0 0.87734375 0.12109375 0.121875 0.10625
0 0.42578125 0.5734375 0.1078125 0.078125
0 0.6234375 0.71015625 0.0984375 0.06875
0 0.42734375 0.6515625 0.10625 0.071875
0 0.61953125 0.77734375 0.09375 0.0640625
0 0.6109375 0.89140625 0.090625 0.071875
0 0.7234375 0.56640625 0.10625 0.078125
0 0.709375 0.70625 0.09375 0.065625
0 0.196875 0.3375 0.08125 0.165625
0 0.4390625 0.9078125 0.0921875 0.0640625
0 0.4375 0.853125 0.09375 0.0640625
0 0.528125 0.89765625 0.0875 0.0609375
0 0.8015625 0.69921875 0.090625 0.06875
0 0.7046875 0.77109375 0.0890625 0.0640625
0 0.34296875 0.9171875 0.096875 0.0671875
0 0.33984375 0.86171875 0.0984375 0.0671875
0 0.5234375 0.84375 0.09375 0.0703125
0 0.53046875 0.71796875 0.0984375 0.0625
0 0.69453125 0.8859375 0.0875 0.0703125
0 0.79140625 0.7640625 0.0921875 0.0625
0 0.26484375 0.90625 0.06875 0.1125
0 0.2515625 0.796875 0.078125 0.125
0 0.23359375 0.6828125 0.0875 0.14375
0 0.16953125 0.1578125 0.10625 0.203125
0 0.5234375 0.78203125 0.10625 0.078125
0 0.61015625 0.8359375 0.09375 0.0765625
0 0.6984375 0.83046875 0.09375 0.075
0 0.775 0.87578125 0.0875 0.0703125
0 0.7796875 0.82109375 0.0875 0.0734375