0 0.6734375 0.6234375 0.1875 0.10859375
0 0.6734375 0.5171875 0.19140625 0.1078125
0 0.47734375 0.6359375 0.2171875 0.11796875
0 0.1625 0.4125 0.16640625 0.12421875
0 0.41953125 0.18515625 0.1734375 0.1671875
0 0.43671875 0.7359375 0.11640625 0.1
0 0.51875 0.4265625 0.115625 0.103125
0 0.47265625 0.32109375 0.0984375 0.11328125
0 0.57890625 0.1890625 0.153125 0.15390625
0 0.63671875 0.7078125 0.08671875 0.08984375
0 0.38125 0.83046875 0.12109375 0.10625
0 0.575 0.31484375 0.11328125 0.11171875
0 0.3796875 0.31328125 0.0859375 0.115625
0 0.41796875 0.41875 0.09921875 0.10859375
0 0.6765625 0.321875 0.08671875 0.10703125
0 0.496875 0.81328125 0.1125 0.10390625
0 0.671875 0.4234375 0.19140625 0.1078125
0 0.23515625 0.64609375 0.2640625 0.12578125
0 0.2265625 0.52890625 0.26953125 0.12890625
0 0.46875 0.5296875 0.23203125 0.1046875
0 0.76953125 0.32109375 0.09765625 0.10234375
0 0.1671875 0.303125 0.1734375 0.1125
0 0.546875 0.71796875 0.09921875 0.096875
0 0.78515625 0.7765625 0.08984375 0.08828125
0 0.71640625 0.7015625 0.084375 0.08828125
0 0.29453125 0.3015625 0.0921875 0.1328125
0 0.83671875 0.4125 0.171875 0.10625
0 0.6109375 0.7984375 0.1078125 0.09921875
0 0.28046875 0.8484375 0.090625 0.1046875
0 0.71484375 0.1515625 0.12578125 0.103125
0 0.8640625 0.21640625 0.18125 0.12734375
0 0.696875 0.7875 0.09140625 0.090625
0 0.2296875 0.14296875 0.20390625 0.1921875
0 0.71484375 0.23125 0.12265625 0.08984375
0 0.30078125 0.41640625 0.1484375 0.121875
0 0.83828125 0.50625 0.1578125 0.0984375
0 0.83671875 0.59453125 0.1453125 0.1046875
0 0.8296875 0.68203125 0.17265625 0.1140625
0 0.31640625 0.74375 0.140625 0.1140625
0 0.18203125 0.7546875 0.14921875 0.11953125
0 0.178125 0.85546875 0.125 0.11484375
0 0.871875 0.76328125 0.08671875 0.08828125
0 0.16171875 0.24375 0.16328125 0.06171875