0 0.48828125 0.62890625 0.0640625 0.2015625
0 0.609375 0.415625 0.0671875 0.209375
0 0.5453125 0.4234375 0.065625 0.20703125
0 0.23984375 0.6203125 0.05703125 0.18359375
0 0.35546875 0.43671875 0.06015625 0.19296875
0 0.41796875 0.43515625 0.0625 0.1953125
0 0.43203125 0.82734375 0.06171875 0.1953125
0 0.36796875 0.82265625 0.0609375 0.19375
0 0.62265625 0.63203125 0.071875 0.21484375
0 0.4234375 0.628125 0.0625 0.19765625
0 0.3609375 0.62421875 0.06015625 0.19140625
0 0.68828125 0.41484375 0.071875 0.2140625
0 0.31328125 0.28671875 0.10078125 0.11171875
0 0.559375 0.83515625 0.0671875 0.20234375
0 0.3 0.43359375 0.05703125 0.19140625
0 0.5578125 0.628125 0.0671875 0.20546875
0 0.30234375 0.62421875 0.059375 0.1890625
0 0.775 0.8578125 0.0765625 0.2265625
0 0.48984375 0.8375 0.06328125 0.20078125
0 0.778125 0.63515625 0.07578125 0.2234375
0 0.2515625 0.8125 0.059375 0.19140625
0 0.76953125 0.409375 0.0734375 0.21796875
0 0.53828125 0.26171875 0.11328125 0.12421875
0 0.85390625 0.4046875 0.08125 0.22578125
0 0.69609375 0.85546875 0.075 0.21796875
0 0.6984375 0.63359375 0.07421875 0.21953125
0 0.21328125 0.2890625 0.0921875 0.10546875
0 0.2390625 0.43359375 0.05546875 0.18984375
0 0.47890625 0.43203125 0.06484375 0.20078125
0 0.6296875 0.84765625 0.07265625 0.2140625
0 0.31328125 0.8234375 0.0578125 0.190625
0 0.85859375 0.634375 0.0765625 0.228125
0 0.68125 0.2515625 0.12421875 0.12734375
0 0.42109375 0.27734375 0.10625 0.1171875
0 0.1890625 0.62265625 0.05703125 0.18359375
0 0.8578125 0.86796875 0.08046875 0.228125
0 0.1890625 0.43515625 0.0546875 0.18671875
0 0.81640625 0.2375 0.1296875 0.12734375
0 0.19296875 0.81015625 0.05703125 0.1859375