0 0.72734375 0.315625 0.0296875 0.06640625
0 0.50859375 0.38984375 0.034375 0.0625
0 0.81328125 0.3109375 0.0328125 0.06640625
0 0.18046875 0.71328125 0.02890625 0.06484375
0 0.1046875 0.26328125 0.03125 0.06640625
0 0.6234375 0.2578125 0.025 0.06171875
0 0.0984375 0.78046875 0.03046875 0.065625
0 0.75625 0.246875 0.02890625 0.0671875
0 0.7265625 0.24921875 0.02578125 0.0671875
0 0.8671875 0.64296875 0.03125 0.0671875
0 0.3703125 0.7765625 0.028125 0.06796875
0 0.7671875 0.3765625 0.03125 0.06796875
0 0.31875 0.52109375 0.03125 0.06328125
0 0.846875 0.44140625 0.0328125 0.0640625
0 0.30234375 0.3296875 0.03125 0.0640625
0 0.21796875 0.26015625 0.02890625 0.065625
0 0.2078125 0.521875 0.02734375 0.0625
0 0.59609375 0.7796875 0.02890625 0.06328125
0 0.56640625 0.77578125 0.0296875 0.06484375
0 0.7796875 0.6421875 0.03046875 0.06796875
0 0.284375 0.584375 0.03046875 0.0640625
0 0.5546875 0.71171875 0.028125 0.06796875
0 0.54140625 0.51875 0.0296875 0.0625
0 0.70859375 0.384375 0.0296875 0.065625
0 0.4484375 0.8390625 0.03203125 0.05234375
0 0.3421875 0.2640625 0.0265625 0.06171875
0 0.096875 0.715625 0.0328125 0.0640625
0 0.15625 0.77890625 0.03046875 0.06484375
0 0.8703125 0.7765625 0.03203125 0.065625
0 0.2109375 0.7125 0.03125 0.065625
0 0.7 0.31640625 0.03125 0.065625
0 0.33671875 0.83671875 0.03046875 0.05390625
0 0.64921875 0.25625 0.0265625 0.0625
0 0.56484375 0.38828125 0.0296875 0.0625
0 0.8125 0.7125 0.03125 0.06875
0 0.584375 0.71328125 0.0296875 0.0671875
0 0.4453125 0.26484375 0.0265625 0.06171875
0 0.52578125 0.26015625 0.025 0.0625
0 0.49921875 0.26171875 0.02421875 0.0625
0 0.20625 0.64765625 0.02890625 0.06484375
0 0.51015625 0.51796875 0.03046875 0.0625
0 0.27890625 0.3921875 0.03203125 0.0625
0 0.25234375 0.39140625 0.0296875 0.06328125
0 0.70703125 0.45078125 0.0265625 0.0640625
0 0.4765625 0.32578125 0.02890625 0.06484375
0 0.66796875 0.3203125 0.03046875 0.06484375
0 0.88828125 0.57421875 0.03203125 0.0671875
0 0.365625 0.8375 0.02734375 0.05390625
0 0.78203125 0.240625 0.02890625 0.06796875
0 0.18125 0.778125 0.02421875 0.0640625
0 0.2703125 0.2640625 0.0265625 0.06484375
0 0.121875 0.521875 0.03203125 0.0640625
0 0.734375 0.5109375 0.0328125 0.06484375
0 0.23046875 0.4578125 0.02890625 0.06328125
0 0.125 0.7171875 0.028125 0.065625
0 0.178125 0.52421875 0.03046875 0.0640625
0 0.678125 0.4515625 0.02890625 0.06328125
0 0.390625 0.83984375 0.03125 0.053125
0 0.31875 0.71328125 0.0296875 0.06484375
0 0.28984375 0.7140625 0.02578125 0.06484375
0 0.87421875 0.840625 0.03203125 0.0625
0 0.74140625 0.57734375 0.028125 0.065625
0 0.84140625 0.24140625 0.0296875 0.06875
0 0.53671875 0.8359375 0.03125 0.05078125
0 0.59453125 0.45 0.03046875 0.06328125
0 0.509375 0.778125 0.0296875 0.065625
0 0.65234375 0.44921875 0.0296875 0.0640625
0 0.12578125 0.78125 0.03046875 0.065625
0 0.78046875 0.71171875 0.03203125 0.06796875
0 0.7015625 0.25234375 0.02734375 0.065625
0 0.52890625 0.7125 0.03046875 0.0703125
0 0.6546875 0.77734375 0.03203125 0.0640625
0 0.36953125 0.26328125 0.02578125 0.06171875
0 0.8203125 0.44296875 0.0296875 0.06484375
0 0.50546875 0.8359375 0.0296875 0.05234375
0 0.47890625 0.83828125 0.0296875 0.05390625
0 0.15390625 0.7171875 0.03046875 0.065625
0 0.50234375 0.325 0.028125 0.065625
0 0.884375 0.50390625 0.03671875 0.06875
0 0.3125 0.778125 0.028125 0.065625
0 0.2375 0.71171875 0.02890625 0.065625
0 0.66796875 0.64609375 0.028125 0.0671875
0 0.3875 0.328125 0.0265625 0.0640625
0 0.45546875 0.51875 0.03046875 0.0625
0 0.48125 0.77734375 0.0296875 0.06484375
0 0.26015625 0.83984375 0.0234375 0.06328125
0 0.2578125 0.64609375 0.0296875 0.06484375
0 0.6265625 0.38828125 0.0328125 0.0609375
0 0.44609375 0.32734375 0.03046875 0.0640625
0 0.67578125 0.83671875 0.03046875 0.053125
0 0.621875 0.5171875 0.03125 0.0640625
0 0.78984375 0.44296875 0.03046875 0.065625
0 0.28203125 0.83984375 0.02890625 0.06015625
0 0.65546875 0.38671875 0.03203125 0.0640625
0 0.3328125 0.33203125 0.0296875 0.0640625
0 0.5484375 0.26015625 0.025 0.0625
0 0.42109375 0.840625 0.02890625 0.05078125
0 0.20859375 0.77734375 0.02890625 0.06484375
0 0.7078125 0.515625 0.028125 0.06484375
0 0.88125 0.37265625 0.03203125 0.0671875
0 0.8515625 0.50703125 0.034375 0.0671875
0 0.13515625 0.26640625 0.03125 0.065625
0 0.6875 0.578125 0.0296875 0.06484375
0 0.4171875 0.32734375 0.03203125 0.06484375
0 0.53984375 0.390625 0.02734375 0.0625
0 0.59296875 0.83828125 0.0296875 0.05625
0 0.36171875 0.3921875 0.03125 0.06171875
0 0.5796875 0.6453125 0.028125 0.0640625
0 0.12109375 0.4578125 0.03046875 0.06328125
0 0.753125 0.7140625 0.0296875 0.0671875
0 0.0953125 0.65078125 0.03203125 0.065625
0 0.77109375 0.57578125 0.02890625 0.0671875
0 0.45 0.77734375 0.0296875 0.06796875
0 0.53203125 0.32578125 0.03046875 0.06484375
0 0.47734375 0.453125 0.03125 0.0640625
0 0.76328125 0.4453125 0.02890625 0.06640625
0 0.15 0.64921875 0.0296875 0.0640625
0 0.2234375 0.39296875 0.02890625 0.06328125
0 0.62109375 0.45234375 0.03046875 0.06328125
0 0.8109375 0.64453125 0.028125 0.06875
0 0.1515625 0.58515625 0.03203125 0.06328125
0 0.11328125 0.3296875 0.02890625 0.06640625
0 0.28828125 0.4546875 0.0296875 0.0625
0 0.16171875 0.265625 0.028125 0.06484375
0 0.68359375 0.77890625 0.0328125 0.0625
0 0.57109375 0.2609375 0.0265625 0.0625
0 0.39296875 0.2640625 0.02578125 0.06015625
0 0.596875 0.3890625 0.0328125 0.06171875
0 0.67890625 0.51640625 0.03046875 0.0640625
0 0.44765625 0.45390625 0.0328125 0.06328125
0 0.34296875 0.4546875 0.028125 0.0625
0 0.578125 0.578125 0.02890625 0.0671875
0 0.25234375 0.3265625 0.0296875 0.065625
0 0.7234375 0.71015625 0.0296875 0.06796875
0 0.42109375 0.4546875 0.02734375 0.06328125
0 0.65078125 0.8375 0.03046875 0.053125
0 0.12109375 0.584375 0.028125 0.0625
0 0.2078125 0.5828125 0.0296875 0.0640625
0 0.7140625 0.5796875 0.03046875 0.065625
0 0.475 0.2625 0.02578125 0.0609375
0 0.24296875 0.2609375 0.02578125 0.06484375
0 0.26640625 0.7140625 0.028125 0.06484375
0 0.428125 0.51953125 0.03203125 0.06171875
0 0.8359375 0.64375 0.03046875 0.06875
0 0.36328125 0.32890625 0.0296875 0.0640625
0 0.6 0.259375 0.02734375 0.0625
0 0.44453125 0.58203125 0.02890625 0.06328125
0 0.23203125 0.52265625 0.0265625 0.0625
0 0.7921875 0.509375 0.03046875 0.06640625
0 0.83046875 0.57578125 0.03125 0.06796875
0 0.221875 0.3265625 0.0328125 0.06640625
0 0.09375 0.521875 0.0296875 0.06171875
0 0.2640625 0.775 0.02890625 0.065625
0 0.31484375 0.584375 0.02890625 0.06328125
0 0.7359375 0.3796875 0.03046875 0.06796875
0 0.56328125 0.8375 0.03046875 0.05390625
0 0.721875 0.64453125 0.0328125 0.0671875
0 0.28828125 0.77578125 0.025 0.06640625
0 0.3421875 0.7765625 0.028125 0.0671875
0 0.84296875 0.70859375 0.0296875 0.06953125
0 0.61484375 0.3234375 0.028125 0.06484375
0 0.23046875 0.646875 0.0265625 0.06484375
0 0.31953125 0.265625 0.025 0.0609375
0 0.15234375 0.45703125 0.02890625 0.0640625
0 0.2578125 0.584375 0.03046875 0.06328125
0 0.41953125 0.6453125 0.03125 0.06640625
0 0.475 0.6453125 0.03046875 0.06484375
0 0.85703125 0.57578125 0.02890625 0.06796875
0 0.56171875 0.32421875 0.03125 0.06484375
0 0.79375 0.37265625 0.02890625 0.06875
0 0.871875 0.70703125 0.03359375 0.07109375
0 0.08125 0.3265625 0.03203125 0.06484375
0 0.37421875 0.5203125 0.02890625 0.0625
0 0.178125 0.4578125 0.0296875 0.06328125
0 0.6078125 0.71015625 0.03125 0.06875
0 0.153125 0.52265625 0.02890625 0.06328125
0 0.37109375 0.45546875 0.0296875 0.06171875
0 0.2609375 0.51796875 0.03125 0.0625
0 0.56796875 0.51796875 0.028125 0.06328125
0 0.753125 0.64453125 0.03125 0.06796875
0 0.23359375 0.83984375 0.028125 0.0640625
0 0.42109375 0.26328125 0.02578125 0.0609375
0 0.29375 0.26640625 0.02578125 0.0625
0 0.39140625 0.58203125 0.02890625 0.0640625
0 0.55390625 0.646875 0.02890625 0.06484375
0 0.31875 0.45546875 0.02890625 0.06171875
0 0.08984375 0.396875 0.03125 0.06328125
0 0.6421875 0.71015625 0.03125 0.06875
0 0.16796875 0.33203125 0.02890625 0.065625
0 0.41953125 0.5796875 0.028125 0.0625
0 0.50078125 0.71171875 0.0265625 0.06953125
0 0.93125 0.77578125 0.03046875 0.0671875
0 0.71015625 0.77734375 0.03515625 0.06484375
0 0.68046875 0.3859375 0.028125 0.065625
0 0.67265625 0.25625 0.02890625 0.0640625
0 0.09609375 0.584375 0.03125 0.0625
0 0.8234375 0.51015625 0.03125 0.06484375
0 0.26171875 0.45625 0.03203125 0.06328125
0 0.178125 0.58515625 0.02890625 0.06328125
0 0.3671875 0.58359375 0.028125 0.06484375
0 0.36328125 0.709375 0.02890625 0.0671875
0 0.69375 0.6453125 0.02890625 0.065625
0 0.2765625 0.32890625 0.02890625 0.0640625
0 0.58984375 0.32421875 0.02734375 0.0640625
0 0.38359375 0.3921875 0.02734375 0.06171875
0 0.1765625 0.6484375 0.0296875 0.0640625
0 0.5625 0.45390625 0.03046875 0.06328125
0 0.69609375 0.7125 0.0296875 0.065625
0 0.6421875 0.321875 0.028125 0.06484375
0 0.778125 0.3125 0.03671875 0.06640625
0 0.1875 0.2640625 0.0296875 0.06484375
0 0.20703125 0.45703125 0.028125 0.0640625
0 0.84609375 0.31015625 0.03671875 0.0671875
0 0.38984375 0.64375 0.028125 0.06484375
0 0.665625 0.71015625 0.03046875 0.06796875
0 0.840625 0.84140625 0.0328125 0.0609375
0 0.8734375 0.2390625 0.03046875 0.06640625
0 0.61953125 0.8375 0.03046875 0.0546875
0 0.09296875 0.45703125 0.03046875 0.0640625
0 0.19921875 0.39453125 0.028125 0.0640625
0 0.634375 0.57734375 0.02890625 0.06640625
0 0.596875 0.5171875 0.02734375 0.06328125
0 0.3625 0.64453125 0.028125 0.0625
0 0.2875 0.52109375 0.028125 0.0625
0 0.4703125 0.5796875 0.028125 0.0640625
0 0.38828125 0.709375 0.028125 0.06796875
0 0.84921875 0.375 0.03125 0.0671875
0 0.3078125 0.8375 0.02734375 0.05703125
0 0.234375 0.7765625 0.028125 0.065625
0 0.39453125 0.77890625 0.02734375 0.0671875
0 0.6109375 0.646875 0.03046875 0.06640625
0 0.3453125 0.52109375 0.02890625 0.06171875
0 0.19375 0.32890625 0.02734375 0.065625
0 0.11796875 0.39375 0.03046875 0.0609375
0 0.3390625 0.58125 0.0265625 0.06328125
0 0.421875 0.709375 0.03125 0.06796875
0 0.6515625 0.5171875 0.03046875 0.06328125
0 0.12109375 0.6484375 0.0265625 0.06484375
0 0.52890625 0.64453125 0.0296875 0.065625
0 0.73203125 0.446875 0.03046875 0.06796875
0 0.3984375 0.51953125 0.03046875 0.06171875
0 0.903125 0.8390625 0.02890625 0.06171875
0 0.765625 0.5140625 0.03046875 0.065625
0 0.6234375 0.7765625 0.03046875 0.0640625
0 0.52734375 0.5796875 0.0296875 0.06484375
0 0.484375 0.51796875 0.02890625 0.06328125
0 0.64140625 0.646875 0.03125 0.0671875
0 0.4453125 0.646875 0.028125 0.06484375
0 0.759375 0.3140625 0.034375 0.06640625
0 0.9 0.77578125 0.03125 0.065625
0 0.82265625 0.37578125 0.028125 0.06875
0 0.1484375 0.39609375 0.03046875 0.0609375
0 0.34296875 0.709375 0.0234375 0.0671875
0 0.13828125 0.3296875 0.02890625 0.06640625
0 0.65859375 0.57734375 0.028125 0.06640625
0 0.4234375 0.7796875 0.0296875 0.0671875
0 0.93046875 0.70625 0.0328125 0.06953125
0 0.8359375 0.778125 0.03671875 0.06484375
0 0.89453125 0.6421875 0.03046875 0.0671875
0 0.40703125 0.390625 0.02890625 0.0625
0 0.49921875 0.58125 0.028125 0.06484375
0 0.8140625 0.23984375 0.03046875 0.06796875
0 0.9 0.30234375 0.04140625 0.07109375
0 0.53671875 0.778125 0.034375 0.06484375
0 0.8984375 0.71171875 0.03046875 0.06796875
0 0.28359375 0.6484375 0.02734375 0.06484375
0 0.39609375 0.45390625 0.025 0.0625
0 0.31328125 0.64765625 0.0296875 0.065625
0 0.55234375 0.57890625 0.0265625 0.0671875
0 0.475 0.7125 0.03359375 0.06796875
0 0.50078125 0.6453125 0.02734375 0.0671875
0 0.70625 0.834375 0.03046875 0.05234375
0 0.80234375 0.5765625 0.03203125 0.06796875
0 0.86171875 0.30859375 0.0390625 0.06875
0 0.60546875 0.58046875 0.02734375 0.06640625
0 0.88203125 0.4375 0.03359375 0.0671875
0 0.07421875 0.2625 0.02890625 0.06953125
0 0.3375 0.646875 0.02734375 0.06484375
0 0.74453125 0.775 0.03828125 0.06640625
0 0.23203125 0.58203125 0.02578125 0.0640625
0 0.2078125 0.84296875 0.0296875 0.0640625
0 0.4578125 0.3890625 0.0390625 0.06328125
0 0.153125 0.8296875 0.0328125 0.03515625
0 0.3328125 0.39140625 0.03203125 0.06171875
0 0.65625 0.02265625 0.0421875 0.0453125
0 0.17265625 0.3953125 0.0265625 0.06328125
0 0.4734375 0.028125 0.02890625 0.05625
0 0.43671875 0.39375 0.028125 0.0609375
0 0.53515625 0.02734375 0.03046875 0.053125
0 0.5359375 0.45234375 0.0328125 0.06328125