0 0.42890625 0.36015625 0.14296875 0.0890625
0 0.565625 0.54765625 0.11171875 0.1015625
0 0.8 0.3265625 0.1296875 0.11328125
0 0.80703125 0.8640625 0.11015625 0.11875
0 0.80390625 0.75390625 0.1125 0.1078125
0 0.428125 0.8171875 0.084375 0.09609375
0 0.6734375 0.33984375 0.121875 0.1078125
0 0.56484375 0.44609375 0.1109375 0.1015625
0 0.59609375 0.73359375 0.09609375 0.10078125
0 0.7703125 0.2375 0.1515625 0.0890625
0 0.5578125 0.3484375 0.10859375 0.10234375
0 0.2765625 0.61953125 0.0921875 0.09765625
0 0.36640625 0.54140625 0.0921875 0.0953125
0 0.4578125 0.6375 0.1015625 0.0984375
0 0.36015625 0.63359375 0.09609375 0.09453125
0 0.596875 0.83359375 0.0953125 0.1078125
0 0.62734375 0.25078125 0.13671875 0.08671875
0 0.8 0.65 0.128125 0.1109375
0 0.67890625 0.43984375 0.121875 0.1078125
0 0.34765625 0.8046875 0.08046875 0.09609375
0 0.67890625 0.54765625 0.121875 0.109375
0 0.79921875 0.44140625 0.1296875 0.1125
0 0.49765625 0.7234375 0.1015625 0.096875
0 0.696875 0.84453125 0.1046875 0.11015625
0 0.3 0.36171875 0.12265625 0.08203125
0 0.36640625 0.44921875 0.090625 0.09453125
0 0.41953125 0.28125 0.1375 0.08359375
0 0.46328125 0.54296875 0.103125 0.0953125
0 0.80390625 0.546875 0.13046875 0.11328125
0 0.56171875 0.6421875 0.10859375 0.1015625
0 0.40546875 0.725 0.0953125 0.096875
0 0.50859375 0.8203125 0.0890625 0.1046875
0 0.69765625 0.75078125 0.103125 0.10703125
0 0.67578125 0.6484375 0.1203125 0.10546875
0 0.45703125 0.44921875 0.10078125 0.0984375
0 0.31484375 0.71640625 0.08515625 0.09375
0 0.28203125 0.44375 0.08671875 0.08984375
0 0.26875 0.796875 0.0859375 0.096875
0 0.17890625 0.49921875 0.103125 0.13515625
0 0.17265625 0.58984375 0.10703125 0.0671875
0 0.17734375 0.32265625 0.1125 0.075
0 0.1765625 0.39140625 0.11484375 0.07578125
0 0.17734375 0.7921875 0.1015625 0.0765625
0 0.28125 0.534375 0.0890625 0.0921875
0 0.24453125 0.70234375 0.05078125 0.10390625
0 0.5265625 0.26328125 0.0609375 0.0875
0 0.16953125 0.65859375 0.103125 0.06640625
0 0.16953125 0.72265625 0.10078125 0.07109375
0 0.29921875 0.325 0.121875 0.16875