0 0.628125 0.434375 0.0859375 0.13125
0 0.8390625 0.87265625 0.1375 0.15
0 0.815625 0.4171875 0.09375 0.1375
0 0.62734375 0.3078125 0.08125 0.125
0 0.834375 0.55546875 0.09375 0.146875
0 0.62890625 0.56796875 0.0921875 0.1421875
0 0.54921875 0.31875 0.075 0.121875
0 0.72578125 0.57109375 0.096875 0.1453125
0 0.54921875 0.5703125 0.075 0.1328125
0 0.809375 0.28828125 0.090625 0.13125
0 0.39453125 0.58515625 0.075 0.1296875
0 0.7265625 0.42578125 0.0875 0.1390625
0 0.55 0.440625 0.0734375 0.128125
0 0.46953125 0.33046875 0.0671875 0.1203125
0 0.83984375 0.7140625 0.10625 0.1625
0 0.790625 0.05 0.084375 0.1
0 0.55078125 0.20234375 0.0734375 0.11875
0 0.46875 0.4484375 0.071875 0.125
0 0.7125 0.17734375 0.08125 0.1234375
0 0.4671875 0.58046875 0.075 0.13125
0 0.40234375 0.33671875 0.071875 0.115625
0 0.46328125 0.7140625 0.078125 0.146875
0 0.396875 0.453125 0.071875 0.121875
0 0.334375 0.23828125 0.0625 0.109375
0 0.3984375 0.225 0.065625 0.115625
0 0.2734375 0.24765625 0.0640625 0.1125
0 0.72109375 0.3015625 0.0859375 0.1265625
0 0.8 0.15859375 0.08125 0.125
0 0.70625 0.87265625 0.121875 0.1375
0 0.47109375 0.21796875 0.071875 0.1125
0 0.73671875 0.71953125 0.1 0.1609375
0 0.70234375 0.0640625 0.0765625 0.1203125
0 0.628125 0.0765625 0.0734375 0.115625
0 0.38828125 0.7171875 0.08125 0.14375
0 0.62578125 0.18984375 0.078125 0.1203125
0 0.4 0.115625 0.065625 0.1140625
0 0.33046875 0.35234375 0.065625 0.121875
0 0.46953125 0.10703125 0.071875 0.1140625
0 0.5515625 0.7140625 0.0796875 0.15
0 0.55 0.09140625 0.0734375 0.1140625
0 0.28203125 0.7296875 0.065625 0.11875
0 0.33671875 0.13203125 0.065625 0.109375
0 0.296875 0.61484375 0.05625 0.1125
0 0.63671875 0.71875 0.0875 0.153125
0 0.384375 0.8578125 0.1 0.1234375
0 0.26328125 0.3640625 0.0640625 0.11875
0 0.4875 0.8625 0.10625 0.125
0 0.29765625 0.859375 0.090625 0.125
0 0.2640625 0.14609375 0.065625 0.109375
0 0.2171875 0.71328125 0.084375 0.1
0 0.20078125 0.26640625 0.075 0.1125
0 0.590625 0.86640625 0.115625 0.128125
0 0.1296875 0.83984375 0.084375 0.140625
0 0.20546875 0.86171875 0.09375 0.11875
0 0.2296875 0.6125 0.0625 0.109375
0 0.2375 0.509375 0.059375 0.109375
0 0.19609375 0.37734375 0.0625 0.1125
0 0.20390625 0.1609375 0.065625 0.103125
0 0.29453125 0.50078125 0.0609375 0.115625