0 0.48046875 0.84921875 0.0875 0.06875
0 0.6328125 0.5515625 0.09375 0.109375
0 0.63046875 0.6625 0.096875 0.10625
0 0.31015625 0.85625 0.09375 0.071875
0 0.2171875 0.78515625 0.0953125 0.06875
0 0.63671875 0.38203125 0.09375 0.075
0 0.63671875 0.3078125 0.09375 0.0765625
0 0.30859375 0.7828125 0.0890625 0.0703125
0 0.48046875 0.77578125 0.0890625 0.06875
0 0.5578125 0.815625 0.06875 0.11875
0 0.39375 0.778125 0.090625 0.0703125
0 0.634375 0.45859375 0.09375 0.0734375
0 0.21484375 0.85859375 0.090625 0.0671875
0 0.396875 0.85234375 0.0875 0.06875
0 0.52421875 0.34765625 0.046875 0.165625
0 0.35 0.1703125 0.05 0.175
0 0.5640625 0.3453125 0.04375 0.1625
0 0.47890625 0.1765625 0.046875 0.1703125
0 0.48125 0.509375 0.0484375 0.1640625
0 0.56328125 0.5078125 0.0453125 0.15625
0 0.52265625 0.5109375 0.0421875 0.15625
0 0.6140625 0.79609375 0.0421875 0.153125
0 0.27109375 0.5109375 0.053125 0.171875
0 0.44140625 0.34765625 0.046875 0.171875
0 0.16640625 0.16484375 0.05 0.175
0 0.5625 0.6640625 0.04375 0.1578125
0 0.178125 0.3390625 0.0515625 0.178125
0 0.4796875 0.34765625 0.0453125 0.165625
0 0.22109375 0.34453125 0.0484375 0.16875
0 0.43359375 0.1734375 0.05625 0.175
0 0.44140625 0.51171875 0.046875 0.165625
0 0.30859375 0.16875 0.046875 0.171875
0 0.31484375 0.5078125 0.046875 0.1578125
0 0.26484375 0.3453125 0.053125 0.16875
0 0.35546875 0.50546875 0.04375 0.159375
0 0.6109375 0.18125 0.053125 0.178125
0 0.39609375 0.171875 0.0515625 0.1875
0 0.18984375 0.67265625 0.05 0.15625
0 0.3171875 0.6671875 0.046875 0.1625
0 0.65625 0.178125 0.053125 0.184375
0 0.65234375 0.7921875 0.04375 0.165625
0 0.56875 0.18125 0.05 0.18125
0 0.5265625 0.178125 0.05 0.184375
0 0.52265625 0.6640625 0.0453125 0.1625
0 0.4828125 0.66640625 0.046875 0.1703125
0 0.440625 0.66640625 0.0453125 0.165625
0 0.4 0.66640625 0.046875 0.1640625
0 0.35859375 0.66640625 0.046875 0.1640625
0 0.3984375 0.3453125 0.0484375 0.171875
0 0.40078125 0.509375 0.05 0.16875
0 0.35546875 0.34453125 0.046875 0.18125
0 0.31171875 0.34453125 0.0546875 0.1765625
0 0.26484375 0.1671875 0.053125 0.184375
0 0.2171875 0.16796875 0.0578125 0.1875
0 0.27421875 0.67109375 0.0484375 0.1671875
0 0.23046875 0.675 0.05 0.178125
0 0.228125 0.51171875 0.053125 0.1703125
0 0.18046875 0.5125 0.0515625 0.171875