0 0.45703125 0.4453125 0.05625 0.05625
0 0.45859375 0.50078125 0.05 0.0546875
0 0.45859375 0.55703125 0.05 0.05625
0 0.45859375 0.78046875 0.0515625 0.05625
0 0.45859375 0.7234375 0.0515625 0.05625
0 0.45859375 0.6125 0.053125 0.05625
0 0.4578125 0.83671875 0.053125 0.0578125
0 0.4578125 0.66796875 0.053125 0.0546875
0 0.45703125 0.34296875 0.0484375 0.05
0 0.32890625 0.74765625 0.0734375 0.06875
0 0.45625 0.39296875 0.046875 0.05
0 0.3296875 0.87578125 0.071875 0.06875
0 0.4015625 0.4953125 0.0609375 0.0609375
0 0.45859375 0.89296875 0.05625 0.05625
0 0.45703125 0.29140625 0.0484375 0.05
0 0.32890625 0.81328125 0.071875 0.0671875
0 0.33125 0.625 0.075 0.06875
0 0.33203125 0.3796875 0.075 0.065625
0 0.4 0.74375 0.06875 0.0625
0 0.5078125 0.2875 0.0375 0.04375
0 0.40078125 0.68125 0.0703125 0.0625
0 0.40078125 0.621875 0.065625 0.0671875
0 0.40078125 0.3171875 0.06875 0.0625
0 0.39921875 0.43984375 0.059375 0.059375
0 0.33046875 0.31953125 0.06875 0.0625
0 0.33046875 0.50390625 0.071875 0.065625
0 0.4 0.8078125 0.06875 0.065625
0 0.5453125 0.28671875 0.0375 0.040625
0 0.5453125 0.32421875 0.040625 0.0390625
0 0.5453125 0.3625 0.0375 0.0375
0 0.54453125 0.39921875 0.0359375 0.0390625
0 0.54453125 0.43828125 0.0375 0.0375
0 0.5453125 0.47421875 0.0375 0.0375
0 0.54609375 0.5125 0.0375 0.0375
0 0.54453125 0.5515625 0.034375 0.0375
0 0.54609375 0.58828125 0.0375 0.040625
0 0.546875 0.62734375 0.040625 0.040625
0 0.546875 0.665625 0.0390625 0.0375
0 0.546875 0.7046875 0.0375 0.0421875
0 0.546875 0.74453125 0.0375 0.040625
0 0.54765625 0.784375 0.0359375 0.0390625
0 0.5078125 0.246875 0.0375 0.04375
0 0.5078125 0.32734375 0.0375 0.0421875
0 0.5078125 0.36796875 0.0421875 0.0421875
0 0.50859375 0.409375 0.0390625 0.04375
0 0.5109375 0.44921875 0.034375 0.0421875
0 0.51171875 0.48984375 0.0375 0.0421875
0 0.5109375 0.53203125 0.0359375 0.0421875
0 0.51171875 0.57265625 0.034375 0.04375
0 0.5109375 0.61484375 0.034375 0.0421875
0 0.51171875 0.6578125 0.0375 0.046875
0 0.51171875 0.70078125 0.034375 0.04375
0 0.51328125 0.74453125 0.034375 0.04375
0 0.51328125 0.78984375 0.0375 0.046875
0 0.4625 0.19453125 0.05625 0.046875
0 0.4625 0.24375 0.05625 0.046875
0 0.40078125 0.134375 0.06875 0.065625
0 0.40234375 0.19296875 0.06875 0.0625
0 0.4015625 0.25390625 0.071875 0.0640625
0 0.40078125 0.3765625 0.0671875 0.059375
0 0.40078125 0.5578125 0.06875 0.059375
0 0.4 0.87265625 0.06875 0.0671875
0 0.4 0.93515625 0.071875 0.06875
0 0.328125 0.93984375 0.071875 0.071875
0 0.3296875 0.68671875 0.071875 0.06875
0 0.33125 0.56328125 0.071875 0.0625
0 0.33125 0.440625 0.0734375 0.0671875
0 0.3328125 0.25625 0.071875 0.0625
0 0.3328125 0.196875 0.0703125 0.0640625
0 0.33125 0.1359375 0.071875 0.065625