0 0.54765625 0.6203125 0.11875 0.10625
0 0.67890625 0.5 0.153125 0.1375
0 0.690625 0.35078125 0.16875 0.175
0 0.54609375 0.36015625 0.14375 0.165625
0 0.5421875 0.50859375 0.128125 0.13125
0 0.409375 0.3671875 0.1375 0.15625
0 0.54375 0.17421875 0.165625 0.215625
0 0.6671875 0.62265625 0.13125 0.1109375
0 0.38515625 0.19140625 0.159375 0.2046875
0 0.425 0.50546875 0.125 0.121875
0 0.7078125 0.1515625 0.190625 0.23125
0 0.434375 0.61875 0.1125 0.103125
0 0.65859375 0.72578125 0.121875 0.09375
0 0.11796875 0.225 0.153125 0.184375
0 0.5484375 0.71953125 0.109375 0.090625
0 0.653125 0.81328125 0.109375 0.078125
0 0.55078125 0.80625 0.1 0.0796875
0 0.24375 0.209375 0.1515625 0.1953125
0 0.165625 0.3796875 0.14375 0.146875
0 0.28359375 0.37578125 0.134375 0.153125
0 0.35 0.71328125 0.1 0.0875
0 0.44375 0.715625 0.1 0.0890625
0 0.45234375 0.79921875 0.096875 0.078125
0 0.3375 0.61796875 0.1 0.1
0 0.2546875 0.70625 0.1 0.084375
0 0.234375 0.6125 0.11875 0.1
0 0.20703125 0.5140625 0.13125 0.11875
0 0.30703125 0.50859375 0.1203125 0.1203125
0 0.3640625 0.79609375 0.096875 0.0765625
0 0.27890625 0.7890625 0.1015625 0.0765625