0 0.390625 0.84765625 0.1453125 0.1203125
0 0.2671875 0.734375 0.1375 0.10625
0 0.30234375 0.4515625 0.121875 0.078125
0 0.775 0.64375 0.1296875 0.1015625
0 0.653125 0.63125 0.1265625 0.1
0 0.8109375 0.86328125 0.1453125 0.128125
0 0.2796875 0.63203125 0.134375 0.1
0 0.3109375 0.3796875 0.115625 0.075
0 0.5296875 0.73359375 0.1375 0.115625
0 0.3984375 0.734375 0.134375 0.1078125
0 0.6703125 0.86171875 0.14375 0.128125
0 0.6625 0.73984375 0.140625 0.115625
0 0.5328125 0.853125 0.146875 0.128125
0 0.24765625 0.85 0.1609375 0.121875
0 0.2875 0.53828125 0.13125 0.0859375
0 0.4078125 0.5390625 0.125 0.090625
0 0.89140625 0.64765625 0.13125 0.0984375
0 0.79296875 0.74609375 0.1375 0.1109375
0 0.63203125 0.378125 0.109375 0.08125
0 0.4015625 0.63203125 0.128125 0.1
0 0.9140625 0.75 0.140625 0.1125
0 0.52890625 0.53046875 0.1203125 0.09375
0 0.525 0.37734375 0.109375 0.078125
0 0.80703125 0.18359375 0.0984375 0.06875
0 0.759375 0.54375 0.125 0.09375
0 0.7328125 0.3140625 0.10625 0.078125
0 0.8546875 0.465625 0.121875 0.0890625
0 0.525 0.62890625 0.128125 0.0953125
0 0.646875 0.54140625 0.121875 0.090625
0 0.834375 0.315625 0.1125 0.078125
0 0.33515625 0.18046875 0.096875 0.0640625
0 0.52578125 0.44765625 0.1140625 0.0796875
0 0.7421875 0.38359375 0.10625 0.078125
0 0.434375 0.18359375 0.0953125 0.0625
0 0.41953125 0.37890625 0.1125 0.078125
0 0.72734375 0.23671875 0.0984375 0.071875
0 0.71328125 0.11484375 0.090625 0.065625
0 0.84375 0.390625 0.1125 0.08125
0 0.6375 0.45234375 0.115625 0.08125
0 0.87265625 0.553125 0.125 0.090625
0 0.32109375 0.309375 0.109375 0.06875
0 0.32890625 0.240625 0.1046875 0.0625
0 0.52890625 0.2984375 0.1046875 0.075
0 0.41640625 0.45234375 0.1171875 0.0796875
0 0.93515625 0.8640625 0.1296875 0.125
0 0.8203125 0.240625 0.103125 0.06875
0 0.21171875 0.44921875 0.0859375 0.1375
0 0.71875 0.1765625 0.0953125 0.06875
0 0.62578125 0.16796875 0.1 0.0625
0 0.3375 0.1078125 0.1 0.065625
0 0.6296875 0.23203125 0.103125 0.0703125
0 0.75078125 0.46171875 0.11875 0.08125
0 0.62421875 0.30078125 0.1046875 0.071875
0 0.43671875 0.0515625 0.09375 0.0625
0 0.43671875 0.1140625 0.09375 0.0671875
0 0.52890625 0.1671875 0.096875 0.0625
0 0.6203125 0.10625 0.096875 0.0625
0 0.528125 0.05390625 0.0921875 0.053125
0 0.52734375 0.22734375 0.103125 0.065625
0 0.7984375 0.1203125 0.0921875 0.0625
0 0.18671875 0.61875 0.0890625 0.1640625
0 0.2390625 0.321875 0.075 0.121875
0 0.53046875 0.10546875 0.090625 0.0578125
0 0.425 0.3078125 0.10625 0.06875
0 0.42890625 0.23828125 0.1 0.059375
0 0.61875 0.053125 0.090625 0.05625
0 0.790625 0.07265625 0.0875 0.0546875
0 0.34296875 0.05 0.0921875 0.0578125
0 0.25859375 0.18984375 0.0625 0.1125
0 0.14609375 0.7984375 0.1171875 0.209375
0 0.703125 0.05703125 0.0890625 0.0625
0 0.2671875 0.0609375 0.071875 0.115625