0 0.684375 0.82421875 0.103125 0.178125
0 0.490625 0.82109375 0.09375 0.1703125
0 0.68125 0.35546875 0.103125 0.1
0 0.7921875 0.5296875 0.096875 0.1421875
0 0.7015625 0.68359375 0.1171875 0.109375
0 0.690625 0.4578125 0.109375 0.109375
0 0.4859375 0.55 0.103125 0.1125
0 0.590625 0.559375 0.109375 0.1125
0 0.58828125 0.821875 0.1015625 0.1765625
0 0.4828125 0.66796875 0.109375 0.125
0 0.59296875 0.67578125 0.1125 0.125
0 0.1984375 0.53515625 0.109375 0.10625
0 0.4859375 0.43984375 0.1 0.103125
0 0.80859375 0.67734375 0.1 0.15625
0 0.678125 0.26484375 0.103125 0.0875
0 0.58359375 0.34609375 0.0984375 0.103125
0 0.3859375 0.6671875 0.109375 0.11875
0 0.58203125 0.2453125 0.0953125 0.09375
0 0.4890625 0.3421875 0.096875 0.096875
0 0.21328125 0.4328125 0.103125 0.1
0 0.39609375 0.4390625 0.1 0.1046875
0 0.4125 0.16015625 0.090625 0.0859375
0 0.38515625 0.55390625 0.103125 0.115625
0 0.27734375 0.659375 0.115625 0.115625
0 0.696875 0.57421875 0.115625 0.115625
0 0.40859375 0.24765625 0.0921875 0.090625
0 0.4125 0.81015625 0.090625 0.1640625
0 0.5875 0.4515625 0.103125 0.109375
0 0.78203125 0.3890625 0.0921875 0.1265625
0 0.4015625 0.34296875 0.096875 0.096875
0 0.18046875 0.64765625 0.125 0.1171875
0 0.5828125 0.1546875 0.0921875 0.084375
0 0.32265625 0.16796875 0.0875 0.0859375
0 0.31171875 0.34296875 0.096875 0.09375
0 0.49140625 0.24765625 0.0921875 0.09375
0 0.234375 0.2484375 0.096875 0.0875
0 0.29140625 0.54609375 0.1078125 0.109375
0 0.30390625 0.440625 0.10625 0.1
0 0.7875 0.821875 0.13125 0.159375
0 0.315625 0.25078125 0.09375 0.0890625
0 0.32265625 0.80625 0.090625 0.165625
0 0.22109375 0.33515625 0.1 0.0921875
0 0.49765625 0.15859375 0.090625 0.0890625
0 0.66484375 0.16328125 0.075 0.109375
0 0.23671875 0.79453125 0.09375 0.165625
0 0.2390625 0.1703125 0.0953125 0.0875
0 0.7703125 0.2734375 0.0875 0.1140625
0 0.15546875 0.78828125 0.1125 0.165625
0 0.7453125 0.1640625 0.084375 0.10625