0 0.646875 0.59765625 0.10625 0.0828125
0 0.2203125 0.803125 0.1125 0.096875
0 0.6671875 0.8828125 0.11875 0.1015625
0 0.65234375 0.69375 0.1125 0.0890625
0 0.71796875 0.49296875 0.071875 0.1296875
0 0.546875 0.69921875 0.109375 0.0875
0 0.5515625 0.79140625 0.1140625 0.09375
0 0.22734375 0.7125 0.1125 0.090625
0 0.6125 0.10625 0.1 0.0765625
0 0.553125 0.88515625 0.115625 0.1
0 0.11875 0.72890625 0.1125 0.090625
0 0.215625 0.9015625 0.1171875 0.1
0 0.13828125 0.4 0.103125 0.078125
0 0.7078125 0.359375 0.075 0.128125
0 0.6421875 0.52265625 0.1015625 0.078125
0 0.33203125 0.62421875 0.109375 0.0859375
0 0.54140625 0.61328125 0.10625 0.084375
0 0.4421875 0.8953125 0.11875 0.1015625
0 0.3265625 0.80234375 0.115625 0.09375
0 0.4390625 0.8 0.1109375 0.0953125
0 0.53984375 0.53359375 0.103125 0.084375
0 0.43359375 0.61640625 0.10625 0.0875
0 0.4375 0.709375 0.109375 0.0890625
0 0.3328125 0.4640625 0.103125 0.08125
0 0.434375 0.54140625 0.1046875 0.08125
0 0.1234375 0.63515625 0.1125 0.084375
0 0.13203125 0.478125 0.1078125 0.08125
0 0.23828125 0.38984375 0.1015625 0.075
0 0.3359375 0.38515625 0.1 0.078125
0 0.33046875 0.7109375 0.1140625 0.090625
0 0.32734375 0.89765625 0.11875 0.103125
0 0.33125 0.546875 0.10625 0.08125
0 0.63671875 0.4453125 0.1046875 0.075
0 0.234375 0.46875 0.103125 0.0796875
0 0.43515625 0.3828125 0.0984375 0.075
0 0.3375 0.31484375 0.1 0.06875
0 0.65546875 0.78515625 0.1125 0.09375
0 0.4328125 0.46015625 0.103125 0.08125
0 0.434375 0.1203125 0.090625 0.065625
0 0.53671875 0.44921875 0.1046875 0.0765625
0 0.1265625 0.559375 0.109375 0.084375
0 0.4359375 0.246875 0.09375 0.065625
0 0.625 0.3046875 0.1015625 0.0765625
0 0.23203125 0.55078125 0.1046875 0.08125
0 0.43671875 0.315625 0.096875 0.0703125
0 0.10546875 0.81953125 0.1125 0.0984375
0 0.51953125 0.11328125 0.0921875 0.06875
0 0.22578125 0.6265625 0.1078125 0.0859375
0 0.6953125 0.23828125 0.06875 0.11875
0 0.43515625 0.18515625 0.0921875 0.0640625
0 0.33984375 0.121875 0.09375 0.0640625
0 0.1015625 0.91015625 0.115625 0.103125
0 0.3390625 0.246875 0.096875 0.06875
0 0.61640625 0.1734375 0.096875 0.06875
0 0.25 0.19140625 0.1 0.078125
0 0.23828125 0.3203125 0.1 0.06875
0 0.7296875 0.64609375 0.0734375 0.15
0 0.52734375 0.23984375 0.09375 0.071875
0 0.52421875 0.18125 0.09375 0.065625
0 0.62109375 0.23671875 0.096875 0.071875
0 0.3390625 0.1859375 0.09375 0.0625
0 0.534375 0.37578125 0.1 0.071875
0 0.1421875 0.3234375 0.1015625 0.0734375
0 0.5296875 0.31015625 0.096875 0.06875
0 0.62734375 0.3734375 0.1 0.0703125
0 0.24921875 0.12265625 0.0953125 0.06875
0 0.68828125 0.12734375 0.0625 0.1109375
0 0.746875 0.8359375 0.078125 0.171875
0 0.24921875 0.2546875 0.1 0.078125
0 0.153125 0.25234375 0.1015625 0.08125
0 0.159375 0.190625 0.096875 0.071875
0 0.1609375 0.12734375 0.096875 0.071875