0 0.58828125 0.2 0.08125 0.115625
0 0.425 0.20390625 0.078125 0.1125
0 0.17890625 0.20546875 0.078125 0.1125
0 0.675 0.19765625 0.0796875 0.1125
0 0.85234375 0.30234375 0.084375 0.1125
0 0.76171875 0.3046875 0.084375 0.1125
0 0.34453125 0.20390625 0.08125 0.1125
0 0.67734375 0.3078125 0.0796875 0.109375
0 0.10390625 0.2078125 0.078125 0.1109375
0 0.51171875 0.20234375 0.08125 0.115625
0 0.93203125 0.30078125 0.0875 0.1140625
0 0.103125 0.3171875 0.08125 0.109375
0 0.25859375 0.2046875 0.0796875 0.1125
0 0.5109375 0.41875 0.0796875 0.103125
0 0.18671875 0.41953125 0.08125 0.1046875
0 0.85078125 0.41171875 0.08125 0.109375
0 0.43203125 0.3140625 0.0796875 0.10625
0 0.93046875 0.41015625 0.0859375 0.1078125
0 0.840625 0.19453125 0.084375 0.115625
0 0.109375 0.415625 0.08125 0.1046875
0 0.68046875 0.415625 0.08125 0.10625
0 0.928125 0.51640625 0.0828125 0.10625
0 0.67734375 0.7203125 0.078125 0.103125
0 0.26328125 0.31484375 0.0796875 0.1046875
0 0.765625 0.51953125 0.08125 0.103125
0 0.75859375 0.19296875 0.084375 0.1171875
0 0.59296875 0.309375 0.0828125 0.1078125
0 0.28046875 0.71875 0.075 0.0984375
0 0.68046875 0.51796875 0.0796875 0.103125
0 0.5921875 0.7171875 0.078125 0.1
0 0.43359375 0.51640625 0.075 0.1
0 0.59296875 0.415625 0.078125 0.10625
0 0.3515625 0.41796875 0.078125 0.103125
0 0.2078125 0.71875 0.078125 0.1
0 0.68046875 0.61875 0.078125 0.103125
0 0.59375 0.51796875 0.0796875 0.103125
0 0.43515625 0.4140625 0.078125 0.10625
0 0.5984375 0.6171875 0.078125 0.1
0 0.271875 0.51953125 0.078125 0.103125
0 0.93828125 0.19296875 0.0890625 0.115625
0 0.765625 0.41015625 0.0828125 0.109375
0 0.209375 0.8125 0.078125 0.0984375
0 0.13125 0.8171875 0.078125 0.0984375
0 0.44296875 0.6171875 0.075 0.1
0 0.3515625 0.515625 0.075 0.103125
0 0.26953125 0.41796875 0.078125 0.10625
0 0.51171875 0.7125 0.078125 0.1
0 0.51015625 0.31328125 0.0828125 0.10625
0 0.765625 0.6140625 0.08125 0.103125
0 0.51484375 0.51875 0.0796875 0.1046875
0 0.196875 0.51953125 0.078125 0.1046875
0 0.275 0.61796875 0.078125 0.103125
0 0.203125 0.61953125 0.078125 0.103125
0 0.35859375 0.61875 0.078125 0.1015625
0 0.35703125 0.7140625 0.075 0.1015625
0 0.85 0.51796875 0.08125 0.10625
0 0.3453125 0.31328125 0.0796875 0.1078125
0 0.59296875 0.81875 0.0765625 0.103125
0 0.1875 0.31796875 0.078125 0.10625
0 0.44140625 0.81171875 0.075 0.0984375
0 0.93125 0.621875 0.0859375 0.10625
0 0.2890625 0.8125 0.075 0.1
0 0.1234375 0.71953125 0.08125 0.1
0 0.7625 0.721875 0.08125 0.1046875
0 0.115625 0.5234375 0.084375 0.1
0 0.52578125 0.61796875 0.0765625 0.0984375
0 0.3625 0.8109375 0.0765625 0.1
0 0.4390625 0.71796875 0.075 0.1
0 0.6765625 0.81796875 0.078125 0.103125
0 0.8484375 0.6203125 0.08125 0.1046875
0 0.84765625 0.72265625 0.078125 0.10625
0 0.5203125 0.81640625 0.075 0.103125
0 0.75859375 0.82109375 0.078125 0.103125
0 0.92734375 0.72421875 0.08125 0.103125
0 0.83828125 0.81875 0.08125 0.103125
0 0.12109375 0.62109375 0.078125 0.103125
0 0.921875 0.8265625 0.08125 0.10625