0 0.68125 0.11640625 0.13125 0.109375
0 0.678125 0.2203125 0.128125 0.1015625
0 0.6421875 0.7640625 0.096875 0.0625
0 0.8078125 0.11953125 0.1390625 0.1125
0 0.56015625 0.1203125 0.128125 0.1078125
0 0.346875 0.48671875 0.109375 0.08125
0 0.66953125 0.3171875 0.121875 0.0921875
0 0.21796875 0.3234375 0.115625 0.0921875
0 0.65078125 0.56328125 0.109375 0.0765625
0 0.44375 0.31953125 0.1125 0.0890625
0 0.20703125 0.225 0.125 0.1
0 0.315625 0.12421875 0.128125 0.109375
0 0.13515625 0.490625 0.1109375 0.08125
0 0.66328125 0.4 0.115625 0.084375
0 0.4421875 0.225 0.11875 0.0984375
0 0.55390625 0.2203125 0.121875 0.1
0 0.55390625 0.48515625 0.109375 0.078125
0 0.80234375 0.2265625 0.13125 0.103125
0 0.55390625 0.32109375 0.11875 0.0921875
0 0.77734375 0.415625 0.1234375 0.0875
0 0.43671875 0.125 0.121875 0.109375
0 0.784375 0.3234375 0.1296875 0.0953125
0 0.44765625 0.48671875 0.1078125 0.078125
0 0.659375 0.48515625 0.1125 0.078125
0 0.55 0.5640625 0.1046875 0.075
0 0.646875 0.6296875 0.10625 0.06875
0 0.19140625 0.125 0.134375 0.10625
0 0.3265625 0.3234375 0.11875 0.090625
0 0.3234375 0.228125 0.1234375 0.096875
0 0.76640625 0.49453125 0.1171875 0.078125
0 0.10625 0.32421875 0.121875 0.090625
0 0.26484375 0.70625 0.096875 0.0671875
0 0.446875 0.409375 0.1109375 0.0859375
0 0.4578125 0.76953125 0.090625 0.065625
0 0.23984375 0.4890625 0.1125 0.08125
0 0.146875 0.5671875 0.1125 0.0796875
0 0.7359375 0.70703125 0.1015625 0.065625
0 0.73125 0.77421875 0.1 0.0640625
0 0.44921875 0.56640625 0.103125 0.075
0 0.0921875 0.2265625 0.128125 0.1
0 0.6390625 0.82265625 0.09375 0.0625
0 0.22578125 0.40859375 0.115625 0.0875
0 0.746875 0.6421875 0.10625 0.0703125
0 0.15546875 0.63984375 0.109375 0.0734375
0 0.54765625 0.62890625 0.1 0.06875
0 0.45 0.6328125 0.1 0.06875
0 0.3328125 0.41015625 0.115625 0.084375
0 0.25625 0.64453125 0.10625 0.071875
0 0.36953125 0.76875 0.09375 0.059375
0 0.54296875 0.88125 0.0875 0.053125
0 0.2453125 0.56875 0.109375 0.0765625
0 0.5515625 0.4015625 0.1125 0.084375
0 0.125 0.409375 0.11875 0.0875
0 0.46015625 0.88203125 0.0875 0.05
0 0.5453125 0.765625 0.090625 0.059375
0 0.75390625 0.56875 0.1125 0.071875
0 0.3671875 0.8234375 0.090625 0.05625
0 0.0765625 0.12734375 0.134375 0.10625
0 0.6328125 0.8828125 0.0875 0.0546875
0 0.34765625 0.56328125 0.10625 0.075
0 0.4546875 0.70234375 0.096875 0.065625
0 0.64375 0.69921875 0.1 0.0625
0 0.5453125 0.821875 0.090625 0.059375
0 0.36953125 0.88203125 0.0875 0.05625
0 0.278125 0.77734375 0.0984375 0.06875
0 0.1734375 0.70546875 0.103125 0.0703125
0 0.546875 0.6984375 0.096875 0.0671875
0 0.3578125 0.70390625 0.0984375 0.065625
0 0.353125 0.640625 0.103125 0.06875
0 0.18515625 0.775 0.1 0.0625
0 0.45546875 0.8265625 0.0890625 0.05625
0 0.728125 0.83203125 0.0984375 0.059375
0 0.28125 0.834375 0.103125 0.0640625
0 0.2890625 0.8875 0.0875 0.053125
0 0.71328125 0.890625 0.0921875 0.0546875
0 0.19375 0.83125 0.096875 0.059375
0 0.20234375 0.8859375 0.0921875 0.0609375