0 0.1484375 0.56640625 0.096875 0.0765625
0 0.865625 0.09375 0.090625 0.084375
0 0.16015625 0.9265625 0.0875 0.075
0 0.1484375 0.49140625 0.09375 0.078125
0 0.32890625 0.640625 0.078125 0.075
0 0.13984375 0.2515625 0.1 0.084375
0 0.7671875 0.34375 0.0984375 0.0875
0 0.40234375 0.34140625 0.1 0.0875
0 0.4953125 0.3421875 0.0953125 0.0859375
0 0.5640625 0.8484375 0.0828125 0.075
0 0.76796875 0.2640625 0.1 0.084375
0 0.85 0.42890625 0.0921875 0.084375
0 0.678125 0.3453125 0.096875 0.0859375
0 0.58046875 0.58515625 0.090625 0.0796875
0 0.6765625 0.42890625 0.096875 0.08125
0 0.4046875 0.63828125 0.0875 0.075
0 0.84453125 0.50703125 0.09375 0.084375
0 0.14375 0.33203125 0.096875 0.08125
0 0.3296875 0.71015625 0.078125 0.0734375
0 0.7578125 0.5921875 0.09375 0.0796875
0 0.40078125 0.24765625 0.096875 0.0921875
0 0.58984375 0.171875 0.096875 0.090625
0 0.85859375 0.259375 0.09375 0.0875
0 0.5625 0.9171875 0.08125 0.06875
0 0.67265625 0.58984375 0.0953125 0.0796875
0 0.66953125 0.6671875 0.0953125 0.08125
0 0.8546875 0.34453125 0.0953125 0.0875
0 0.4953125 0.16640625 0.096875 0.090625
0 0.765625 0.42890625 0.0984375 0.08125
0 0.6734375 0.509375 0.0953125 0.084375
0 0.775 0.1796875 0.1 0.0875
0 0.321875 0.41875 0.0671875 0.078125
0 0.31796875 0.33828125 0.0734375 0.08125
0 0.24375 0.85 0.0875 0.075
0 0.24140625 0.78046875 0.084375 0.0765625
0 0.23515625 0.56328125 0.0875 0.078125
0 0.86171875 0.17890625 0.0953125 0.0875
0 0.1515625 0.64375 0.096875 0.078125
0 0.23515625 0.48828125 0.0875 0.0796875
0 0.49453125 0.253125 0.0953125 0.0875
0 0.49375 0.42734375 0.09375 0.0828125
0 0.49609375 0.07890625 0.1 0.090625
0 0.67890625 0.26171875 0.09375 0.0875
0 0.84453125 0.584375 0.0953125 0.084375
0 0.76328125 0.5109375 0.09375 0.08125
0 0.778125 0.08671875 0.1 0.090625
0 0.39921875 0.16015625 0.0953125 0.096875
0 0.15859375 0.8578125 0.0875 0.0734375
0 0.58515625 0.34375 0.0921875 0.084375
0 0.33046875 0.85625 0.075 0.0765625
0 0.3203125 0.48828125 0.071875 0.075
0 0.584375 0.5046875 0.090625 0.08125
0 0.33125 0.78359375 0.0765625 0.0734375
0 0.32578125 0.56328125 0.08125 0.075
0 0.3984375 0.07109375 0.1 0.0953125
0 0.58125 0.6671875 0.0875 0.078125
0 0.40390625 0.42734375 0.1015625 0.084375
0 0.58515625 0.42578125 0.090625 0.084375
0 0.303125 0.24765625 0.103125 0.0921875
0 0.23515625 0.415625 0.0890625 0.075
0 0.40703125 0.575 0.0859375 0.05625
0 0.5921875 0.08125 0.1 0.090625
0 0.29765625 0.06875 0.10625 0.1
0 0.1484375 0.4140625 0.103125 0.0765625
0 0.5859375 0.25625 0.09375 0.0875
0 0.68359375 0.0890625 0.096875 0.0890625
0 0.23984375 0.7078125 0.0875 0.078125
0 0.49375 0.51015625 0.09375 0.08125
0 0.33203125 0.9296875 0.071875 0.075
0 0.6375 0.909375 0.0796875 0.071875
0 0.83046875 0.81015625 0.090625 0.078125
0 0.23125 0.3359375 0.090625 0.0796875
0 0.68359375 0.17734375 0.1 0.0875
0 0.23984375 0.6390625 0.0890625 0.0734375
0 0.49453125 0.91328125 0.071875 0.0703125
0 0.8359375 0.73671875 0.0890625 0.078125
0 0.49375 0.66796875 0.096875 0.08125
0 0.63984375 0.84296875 0.08125 0.075
0 0.21796875 0.2578125 0.071875 0.084375
0 0.134375 0.16953125 0.1 0.0875
0 0.75546875 0.66953125 0.0953125 0.08125
0 0.49296875 0.85078125 0.0734375 0.06875
0 0.15546875 0.78359375 0.09375 0.078125
0 0.40625 0.709375 0.0859375 0.075
0 0.3015625 0.16015625 0.10625 0.09375
0 0.8265625 0.8859375 0.0875 0.078125
0 0.6625 0.7453125 0.0828125 0.078125
0 0.15 0.71328125 0.0890625 0.0734375
0 0.13125 0.0875 0.0953125 0.0890625
0 0.2140625 0.09375 0.075 0.0921875
0 0.21640625 0.175 0.075 0.0890625
0 0.24453125 0.921875 0.084375 0.078125
0 0.40625 0.9140625 0.0828125 0.0765625
0 0.40625 0.84765625 0.08125 0.075
0 0.40546875 0.778125 0.084375 0.0765625
0 0.4015625 0.5109375 0.09375 0.0875
0 0.4921875 0.5875 0.09375 0.084375
0 0.49140625 0.7453125 0.090625 0.084375
0 0.57890625 0.7453125 0.090625 0.08125
0 0.75078125 0.74375 0.0875 0.078125
0 0.8390625 0.6609375 0.0875 0.078125
0 0.7125 0.90390625 0.0796875 0.078125
0 0.715625 0.83828125 0.084375 0.075