0 0.05078125 0.440625 0.1015625 0.1375
0 0.0453125 0.3015625 0.090625 0.128125
0 0.15625 0.32109375 0.1375 0.11875
0 0.15625 0.4421875 0.121875 0.121875
0 0.05078125 0.19609375 0.09375 0.09375
0 0.06796875 0.7421875 0.134375 0.1671875
0 0.27421875 0.45 0.09375 0.1046875
0 0.28203125 0.32890625 0.1125 0.1125
0 0.0578125 0.58359375 0.1078125 0.1453125
0 0.0484375 0.1 0.096875 0.1
0 0.19375 0.7078125 0.146875 0.1375
0 0.1625 0.58125 0.1125 0.1296875
0 0.17734375 0.1171875 0.1578125 0.0859375
0 0.24296875 0.70546875 0.05625 0.1359375
0 0.16328125 0.2125 0.146875 0.1140625