0 0.54453125 0.17734375 0.05625 0.05625
0 0.4859375 0.17890625 0.0609375 0.05625
0 0.62265625 0.71640625 0.0640625 0.06875
0 0.49453125 0.8546875 0.06875 0.078125
0 0.49375 0.78203125 0.06875 0.0734375
0 0.42734375 0.58125 0.0671875 0.0625
0 0.61953125 0.65234375 0.065625 0.065625
0 0.5453125 0.23125 0.05625 0.05625
0 0.3703125 0.39375 0.05625 0.05625
0 0.55078125 0.45859375 0.0625 0.059375
0 0.35703125 0.71875 0.06875 0.071875
0 0.35625 0.65234375 0.0703125 0.06875
0 0.56171875 0.8484375 0.06875 0.0765625
0 0.42734375 0.6484375 0.06875 0.065625
0 0.74375 0.6484375 0.0609375 0.0625
0 0.91953125 0.725 0.065625 0.071875
0 0.6703125 0.46875 0.0609375 0.059375
0 0.48671875 0.28984375 0.0625 0.05625
0 0.353125 0.78828125 0.0734375 0.075
0 0.67421875 0.525 0.0625 0.059375
0 0.49140625 0.5796875 0.065625 0.0625
0 0.4875 0.346875 0.0609375 0.05625
0 0.4859375 0.234375 0.0625 0.05625
0 0.490625 0.46015625 0.0609375 0.059375
0 0.61328125 0.47109375 0.0578125 0.059375
0 0.49140625 0.521875 0.0640625 0.0609375
0 0.546875 0.34765625 0.059375 0.0578125
0 0.4921875 0.7125 0.065625 0.06875
0 0.42890625 0.5234375 0.065625 0.0625
0 0.696875 0.853125 0.065625 0.075
0 0.36015625 0.52265625 0.0734375 0.0625
0 0.55859375 0.77734375 0.065625 0.071875
0 0.6953125 0.78203125 0.065625 0.071875
0 0.4890625 0.403125 0.0609375 0.05625
0 0.709375 0.1359375 0.05625 0.0546875
0 0.3578125 0.5828125 0.071875 0.065625
0 0.42890625 0.46015625 0.0625 0.059375
0 0.659375 0.25078125 0.05625 0.053125
0 0.6265625 0.859375 0.0671875 0.0765625
0 0.78359375 0.409375 0.059375 0.05625
0 0.37109375 0.28828125 0.0546875 0.0515625
0 0.26484375 0.175 0.05 0.05
0 0.66484375 0.3578125 0.05625 0.053125
0 0.6578125 0.1984375 0.05625 0.0546875
0 0.425 0.8609375 0.0734375 0.08125
0 0.34921875 0.86640625 0.0734375 0.078125
0 0.9265625 0.8 0.06875 0.0734375
0 0.2796875 0.7921875 0.075 0.075
0 0.371875 0.340625 0.059375 0.053125
0 0.55078125 0.51953125 0.059375 0.0609375
0 0.73515625 0.5265625 0.059375 0.0609375
0 0.24921875 0.3875 0.065625 0.05625
0 0.62890625 0.784375 0.065625 0.0703125
0 0.36953125 0.12734375 0.059375 0.05
0 0.5578125 0.709375 0.065625 0.065625
0 0.54609375 0.2875 0.059375 0.059375
0 0.48671875 0.12421875 0.0578125 0.053125
0 0.42734375 0.7109375 0.0703125 0.0703125
0 0.2953125 0.61875 0.05625 0.0625
0 0.24765625 0.44609375 0.065625 0.05625
0 0.60234375 0.19765625 0.05 0.053125
0 0.4328125 0.34609375 0.05 0.059375
0 0.425 0.78515625 0.071875 0.075
0 0.5546875 0.64453125 0.065625 0.065625
0 0.68671875 0.7140625 0.065625 0.06875
0 0.28203125 0.72421875 0.078125 0.06875
0 0.6140625 0.58515625 0.065625 0.0625
0 0.6 0.1484375 0.053125 0.053125
0 0.6140625 0.5296875 0.059375 0.059375
0 0.31640625 0.1828125 0.05625 0.053125
0 0.3125 0.44609375 0.05625 0.05625
0 0.73984375 0.58671875 0.0609375 0.0625
0 0.4296875 0.40390625 0.0609375 0.059375
0 0.2640625 0.22578125 0.05 0.05
0 0.315625 0.23671875 0.059375 0.05
0 0.42890625 0.08046875 0.0609375 0.05
0 0.759375 0.84765625 0.0625 0.075
0 0.9140625 0.65546875 0.059375 0.06875
0 0.37109375 0.0765625 0.05625 0.05
0 0.265625 0.12890625 0.053125 0.05
0 0.24453125 0.503125 0.06875 0.059375
0 0.54375 0.1234375 0.05625 0.0515625
0 0.8921875 0.45703125 0.065625 0.065625
0 0.3703125 0.240625 0.053125 0.053125
0 0.275 0.87421875 0.08125 0.0859375
0 0.89453125 0.5234375 0.0625 0.065625
0 0.5546875 0.578125 0.0625 0.0625
0 0.428125 0.13046875 0.059375 0.05
0 0.6640625 0.30078125 0.053125 0.0546875
0 0.6 0.0953125 0.053125 0.0515625
0 0.74765625 0.71328125 0.0609375 0.0671875
0 0.8203125 0.1859375 0.05 0.0515625
0 0.315625 0.28671875 0.059375 0.05
0 0.8546875 0.8015625 0.0703125 0.075
0 0.31328125 0.39140625 0.0609375 0.0546875
0 0.6078125 0.359375 0.059375 0.05625
0 0.6125 0.41484375 0.053125 0.05625
0 0.7265625 0.409375 0.059375 0.05625
0 0.7203125 0.30078125 0.05625 0.053125
0 0.93203125 0.871875 0.071875 0.075
0 0.54765625 0.403125 0.059375 0.0546875
0 0.29765625 0.55859375 0.053125 0.059375
0 0.6828125 0.65 0.0625 0.0640625
0 0.715625 0.2515625 0.05625 0.053125
0 0.4921875 0.646875 0.065625 0.065625
0 0.6796875 0.5875 0.0625 0.0625
0 0.72265625 0.35390625 0.0578125 0.0546875
0 0.428125 0.1796875 0.059375 0.053125
0 0.60625 0.25 0.053125 0.053125
0 0.253125 0.33125 0.065625 0.053125
0 0.66875 0.4125 0.0625 0.05625
0 0.48828125 0.07890625 0.053125 0.046875
0 0.8328125 0.52421875 0.065625 0.065625
0 0.7671875 0.2 0.053125 0.053125
0 0.36953125 0.446875 0.059375 0.0546875
0 0.84453125 0.65625 0.06875 0.0703125
0 0.31796875 0.33828125 0.053125 0.053125
0 0.428125 0.28984375 0.059375 0.05625
0 0.771875 0.253125 0.053125 0.053125
0 0.60703125 0.30234375 0.053125 0.0546875
0 0.7640625 0.14609375 0.053125 0.05625
0 0.309375 0.5015625 0.059375 0.0578125
0 0.78828125 0.4609375 0.0578125 0.05625
0 0.54296875 0.07890625 0.053125 0.046875
0 0.42890625 0.23359375 0.0578125 0.05625
0 0.73203125 0.46796875 0.05625 0.05625
0 0.71171875 0.1921875 0.053125 0.059375
0 0.8515625 0.7265625 0.065625 0.071875
0 0.81328125 0.090625 0.0484375 0.0484375
0 0.75390625 0.778125 0.0625 0.06875
0 0.2390625 0.56171875 0.06875 0.0609375
0 0.865625 0.875 0.06875 0.078125
0 0.315625 0.13515625 0.0484375 0.05
0 0.84453125 0.5859375 0.06875 0.065625
0 0.2359375 0.621875 0.06875 0.0609375
0 0.815625 0.1375 0.05 0.05
0 0.3671875 0.17890625 0.059375 0.05625
0 0.253125 0.28046875 0.0640625 0.05
0 0.8234375 0.23671875 0.05 0.05
0 0.70625 0.08359375 0.053125 0.0421875
0 0.90234375 0.5890625 0.0625 0.0671875
0 0.7796875 0.3515625 0.05 0.053125
0 0.77734375 0.30078125 0.0515625 0.053125
0 0.23046875 0.6859375 0.0703125 0.0640625
0 0.21953125 0.75078125 0.0578125 0.0671875
0 0.215625 0.81640625 0.0578125 0.071875
0 0.2109375 0.88671875 0.059375 0.071875
0 0.29140625 0.67109375 0.059375 0.040625
0 0.6515625 0.146875 0.05625 0.053125
0 0.64921875 0.0953125 0.05625 0.05
0 0.75703125 0.08671875 0.0546875 0.05
0 0.82421875 0.2875 0.05625 0.053125
0 0.87265625 0.33984375 0.065625 0.059375
0 0.88515625 0.396875 0.06875 0.059375