0 0.67421875 0.2046875 0.0734375 0.115625
0 0.26328125 0.7484375 0.090625 0.115625
0 0.34453125 0.30234375 0.0890625 0.121875
0 0.596875 0.1984375 0.075 0.11875
0 0.1484375 0.28515625 0.1046875 0.134375
0 0.4328125 0.30390625 0.084375 0.11875
0 0.4359375 0.73203125 0.0796875 0.1078125
0 0.26328125 0.64453125 0.0921875 0.115625
0 0.253125 0.52890625 0.090625 0.1171875
0 0.65546875 0.61484375 0.071875 0.096875
0 0.34453125 0.1796875 0.090625 0.1328125
0 0.14609375 0.159375 0.1078125 0.14375
0 0.2515625 0.16640625 0.096875 0.134375
0 0.15 0.409375 0.103125 0.128125
0 0.51484375 0.19453125 0.0796875 0.121875
0 0.43671875 0.18359375 0.0859375 0.125
0 0.43046875 0.62890625 0.08125 0.1078125
0 0.584375 0.4171875 0.075 0.10625
0 0.75 0.20859375 0.06875 0.109375
0 0.509375 0.3078125 0.078125 0.115625
0 0.25078125 0.4109375 0.09375 0.1234375
0 0.50625 0.4171875 0.078125 0.109375
0 0.159375 0.64453125 0.103125 0.11875
0 0.24921875 0.2921875 0.09375 0.1265625
0 0.59140625 0.3109375 0.0765625 0.109375
0 0.35 0.73828125 0.084375 0.1109375
0 0.50546875 0.51796875 0.075 0.10625
0 0.3453125 0.52890625 0.0859375 0.1125
0 0.1578125 0.53515625 0.1 0.1171875
0 0.34609375 0.63515625 0.08125 0.109375
0 0.575 0.51484375 0.078125 0.103125
0 0.51015625 0.7234375 0.078125 0.103125
0 0.6609375 0.4203125 0.071875 0.103125
0 0.58125 0.61875 0.075 0.1
0 0.43515625 0.83125 0.078125 0.10625
0 0.4296875 0.41875 0.08125 0.1125
0 0.34453125 0.4171875 0.0890625 0.11875
0 0.79765625 0.41640625 0.0703125 0.1
0 0.87578125 0.32109375 0.0625 0.1
0 0.8203125 0.215625 0.065625 0.109375
0 0.809375 0.31796875 0.0671875 0.1
0 0.3546875 0.84453125 0.08125 0.1078125
0 0.653125 0.51796875 0.071875 0.0984375
0 0.92734375 0.415625 0.065625 0.09375
0 0.1703125 0.7609375 0.1 0.115625
0 0.72578125 0.41796875 0.06875 0.1015625
0 0.271875 0.86015625 0.0875 0.1109375
0 0.865625 0.415625 0.0625 0.096875
0 0.7203125 0.60703125 0.065625 0.09375
0 0.8546875 0.5953125 0.059375 0.0875
0 0.9125 0.5921875 0.065625 0.084375
0 0.71875 0.7015625 0.065625 0.0953125
0 0.74140625 0.31875 0.071875 0.1046875
0 0.8828125 0.2203125 0.0625 0.10625
0 0.58359375 0.715625 0.071875 0.0984375
0 0.42578125 0.5265625 0.0796875 0.109375
0 0.78828125 0.60234375 0.0625 0.09375
0 0.91953125 0.50546875 0.06875 0.0921875
0 0.51328125 0.8140625 0.075 0.1015625
0 0.8578125 0.50703125 0.065625 0.09375
0 0.6671875 0.315625 0.071875 0.10625
0 0.58359375 0.8078125 0.071875 0.096875
0 0.50390625 0.61875 0.0765625 0.103125
0 0.78828125 0.509375 0.0640625 0.09375
0 0.6546875 0.70703125 0.0671875 0.09375
0 0.91015625 0.76484375 0.0609375 0.0890625
0 0.8515625 0.77421875 0.0625 0.0890625
0 0.6578125 0.79765625 0.06875 0.090625
0 0.71953125 0.515625 0.0671875 0.096875
0 0.78515625 0.78359375 0.0640625 0.090625
0 0.93359375 0.32265625 0.065625 0.0984375
0 0.90703125 0.6796875 0.065625 0.0875
0 0.78515625 0.6890625 0.0625 0.090625
0 0.85 0.68515625 0.059375 0.0921875
0 0.72421875 0.7890625 0.0640625 0.0875
0 0.9390625 0.22578125 0.059375 0.1
0 0.17578125 0.87265625 0.103125 0.1125