0 0.24609375 0.82265625 0.13125 0.128125
0 0.13984375 0.4875 0.165625 0.059375
0 0.1046875 0.70234375 0.1 0.125
0 0.10234375 0.57421875 0.1 0.125
0 0.3109375 0.37734375 0.159375 0.0625
0 0.20546875 0.57890625 0.096875 0.121875
0 0.11484375 0.821875 0.13125 0.128125
0 0.39609375 0.575 0.096875 0.121875
0 0.30546875 0.5796875 0.0953125 0.1203125
0 0.14453125 0.31875 0.1640625 0.059375
0 0.3734375 0.81953125 0.13125 0.128125
0 0.34921875 0.69609375 0.128125 0.125
0 0.14296875 0.3734375 0.165625 0.0625
0 0.221875 0.69609375 0.128125 0.125
0 0.303125 0.4359375 0.165625 0.059375
0 0.31171875 0.32265625 0.159375 0.059375
0 0.3015625 0.48984375 0.1640625 0.059375
0 0.13203125 0.434375 0.14375 0.0578125
0 0.44453125 0.70234375 0.065625 0.125
0 0.1453125 0.2578125 0.165625 0.05625
0 0.3140625 0.25859375 0.15625 0.059375
0 0.43046875 0.2625 0.078125 0.059375
0 0.4609375 0.82421875 0.04375 0.125
0 0.43203125 0.4828125 0.0859375 0.0640625
0 0.43046875 0.31953125 0.084375 0.0609375
0 0.43203125 0.37734375 0.0875 0.059375
0 0.42734375 0.434375 0.090625 0.0625