0 0.72734375 0.753125 0.09609375 0.26015625
0 0.64140625 0.73984375 0.08984375 0.24765625
0 0.32265625 0.696875 0.08203125 0.2265625
0 0.2484375 0.6953125 0.0796875 0.23046875
0 0.40234375 0.70234375 0.08125 0.23359375
0 0.1734375 0.68359375 0.0828125 0.22578125
0 0.73125 0.4921875 0.096875 0.26328125
0 0.559375 0.71484375 0.08359375 0.2421875
0 0.64453125 0.48515625 0.09140625 0.24453125
0 0.83828125 0.49765625 0.1046875 0.2796875
0 0.475 0.7140625 0.08203125 0.2375
0 0.2421875 0.46171875 0.0828125 0.2296875
0 0.559375 0.48125 0.08359375 0.2453125
0 0.8296875 0.759375 0.0984375 0.26171875
0 0.47734375 0.47265625 0.07890625 0.234375
0 0.3234375 0.4671875 0.0828125 0.23203125
0 0.3953125 0.47109375 0.0796875 0.22421875
0 0.16953125 0.45859375 0.0828125 0.23203125