0 0.62890625 0.51171875 0.2015625 0.0640625
0 0.415625 0.390625 0.209375 0.0671875
0 0.4234375 0.4546875 0.20625 0.065625
0 0.6203125 0.76015625 0.184375 0.05625
0 0.43671875 0.64453125 0.19375 0.059375
0 0.43515625 0.58203125 0.1953125 0.0625
0 0.82734375 0.56796875 0.1953125 0.0625
0 0.82265625 0.63203125 0.19375 0.0609375
0 0.63203125 0.37734375 0.215625 0.071875
0 0.628125 0.5765625 0.196875 0.0625
0 0.62421875 0.6390625 0.190625 0.059375
0 0.41484375 0.31171875 0.2140625 0.071875
0 0.28671875 0.68671875 0.1125 0.1
0 0.83515625 0.440625 0.203125 0.0671875
0 0.43359375 0.7 0.190625 0.05625
0 0.628125 0.4421875 0.20625 0.0671875
0 0.62421875 0.69765625 0.1890625 0.059375
0 0.8578125 0.225 0.2265625 0.0765625
0 0.8375 0.51015625 0.2 0.0625
0 0.63515625 0.221875 0.2234375 0.075
0 0.8125 0.7484375 0.190625 0.059375
0 0.409375 0.23046875 0.21875 0.0734375
0 0.26171875 0.46171875 0.125 0.1125
0 0.4046875 0.14609375 0.225 0.08125
0 0.85546875 0.30390625 0.21875 0.075
0 0.63359375 0.3015625 0.21875 0.075
0 0.2890625 0.78671875 0.10625 0.0921875
0 0.43359375 0.7609375 0.190625 0.05625
0 0.43203125 0.52109375 0.2 0.065625
0 0.84765625 0.3703125 0.2140625 0.071875
0 0.8234375 0.68671875 0.190625 0.0578125
0 0.634375 0.14140625 0.228125 0.0765625
0 0.2515625 0.31875 0.128125 0.125
0 0.27734375 0.57890625 0.1171875 0.10625
0 0.62265625 0.8109375 0.184375 0.05625
0 0.86796875 0.1421875 0.228125 0.08125
0 0.43515625 0.8109375 0.1875 0.0546875
0 0.2375 0.18359375 0.128125 0.1296875
0 0.81015625 0.80703125 0.1859375 0.0578125