0 0.6109375 0.415625 0.09375 0.190625
0 0.52734375 0.42109375 0.090625 0.1875
0 0.52890625 0.2234375 0.090625 0.19375
0 0.6171875 0.6046875 0.0921875 0.19375
0 0.6125 0.21953125 0.09375 0.19375
0 0.53203125 0.60703125 0.0875 0.190625
0 0.38046875 0.38828125 0.046875 0.10625
0 0.30234375 0.69296875 0.0484375 0.1109375
0 0.38359375 0.58984375 0.046875 0.103125
0 0.384375 0.690625 0.046875 0.109375
0 0.3015625 0.4890625 0.04375 0.1015625
0 0.46328125 0.17890625 0.046875 0.1078125
0 0.60703125 0.76171875 0.1375 0.071875
0 0.4640625 0.48515625 0.046875 0.10625
0 0.3015625 0.5921875 0.046875 0.1
0 0.38203125 0.4890625 0.046875 0.103125
0 0.4671875 0.5859375 0.046875 0.10625
0 0.46484375 0.3828125 0.046875 0.10625
0 0.42578125 0.5859375 0.046875 0.103125
0 0.5015625 0.7640625 0.078125 0.06875
0 0.4640625 0.2796875 0.046875 0.1078125
0 0.46796875 0.6875 0.046875 0.10625
0 0.4265625 0.76484375 0.078125 0.0625
0 0.42578125 0.68828125 0.046875 0.10625
0 0.421875 0.48515625 0.046875 0.10625
0 0.42109375 0.38515625 0.046875 0.10625
0 0.42109375 0.28359375 0.0453125 0.1109375
0 0.41953125 0.18203125 0.0484375 0.1109375
0 0.37890625 0.1859375 0.0453125 0.109375
0 0.38046875 0.28515625 0.046875 0.10625
0 0.35546875 0.76484375 0.075 0.05625
0 0.3421875 0.690625 0.04375 0.1078125
0 0.3421875 0.58984375 0.0421875 0.1078125
0 0.34140625 0.490625 0.04375 0.10625
0 0.33984375 0.3890625 0.040625 0.10625
0 0.33828125 0.2890625 0.04375 0.109375
0 0.33828125 0.1921875 0.04375 0.109375
0 0.29765625 0.1953125 0.04375 0.109375
0 0.3 0.29296875 0.04375 0.10625
0 0.3015625 0.3921875 0.0421875 0.109375
0 0.2578125 0.2015625 0.046875 0.10625
0 0.26171875 0.29921875 0.046875 0.10625
0 0.26328125 0.396875 0.0453125 0.10625
0 0.2640625 0.49375 0.0453125 0.103125
0 0.2640625 0.59140625 0.04375 0.1046875
0 0.26328125 0.68984375 0.040625 0.10625
0 0.28359375 0.76640625 0.075 0.059375