0 0.90703125 0.42578125 0.084375 0.125
0 0.6640625 0.43671875 0.1296875 0.125
0 0.35 0.4421875 0.134375 0.13125
0 0.80078125 0.5484375 0.10625 0.125
0 0.74140625 0.8078125 0.084375 0.1328125
0 0.58359375 0.5578125 0.128125 0.125
0 0.79375 0.42890625 0.128125 0.125
0 0.86015625 0.32734375 0.165625 0.078125
0 0.23828125 0.56796875 0.1328125 0.1265625
0 0.91328125 0.671875 0.096875 0.125
0 0.9078125 0.803125 0.0875 0.125
0 0.2375 0.82109375 0.103125 0.13125
0 0.446875 0.81875 0.1015625 0.128125
0 0.5359375 0.68515625 0.1 0.128125
0 0.2328125 0.44296875 0.1 0.13125
0 0.5578125 0.43671875 0.078125 0.125
0 0.33671875 0.69140625 0.1 0.1265625
0 0.46796875 0.4390625 0.096875 0.128125
0 0.234375 0.69296875 0.103125 0.125
0 0.1265625 0.5671875 0.096875 0.128125
0 0.3421875 0.8171875 0.1046875 0.128125
0 0.9078125 0.5515625 0.10625 0.125
0 0.5140625 0.33125 0.16875 0.08125
0 0.8296875 0.809375 0.0875 0.134375
0 0.4359375 0.6875 0.1 0.128125
0 0.35703125 0.56484375 0.103125 0.128125
0 0.546875 0.81171875 0.1015625 0.1328125
0 0.646875 0.8125 0.1015625 0.1328125
0 0.696875 0.54921875 0.103125 0.1234375
0 0.1765625 0.315625 0.1671875 0.109375
0 0.6296875 0.678125 0.1 0.128125
0 0.46953125 0.559375 0.1046875 0.128125
0 0.12734375 0.43828125 0.096875 0.128125
0 0.12734375 0.68828125 0.1078125 0.128125
0 0.71953125 0.67265625 0.090625 0.128125
0 0.68515625 0.33125 0.178125 0.0875
0 0.1296875 0.815625 0.1046875 0.128125
0 0.81640625 0.6734375 0.1 0.1296875
0 0.3375 0.31484375 0.1671875 0.1109375
0 0.9796875 0.7765625 0.040625 0.24375
0 0.97734375 0.571875 0.04375 0.1921875