0 0.55 0.52109375 0.0796875 0.078125
0 0.1703125 0.4421875 0.0734375 0.078125
0 0.625 0.603125 0.0828125 0.08203125
0 0.46953125 0.51875 0.078125 0.07734375
0 0.47890625 0.44453125 0.07578125 0.078125
0 0.64375 0.44609375 0.0828125 0.07734375
0 0.8953125 0.6046875 0.0921875 0.084375
0 0.39453125 0.5171875 0.075 0.078125
0 0.39921875 0.44375 0.07578125 0.07734375
0 0.55703125 0.44453125 0.07578125 0.0796875
0 0.09375 0.5859375 0.0734375 0.07734375
0 0.24453125 0.440625 0.0734375 0.07578125
0 0.1703125 0.51484375 0.07421875 0.07734375
0 0.809375 0.44453125 0.0859375 0.08203125
0 0.31953125 0.5203125 0.07578125 0.07578125
0 0.31796875 0.59453125 0.075 0.0765625
0 0.8984375 0.44375 0.08828125 0.0828125
0 0.62734375 0.525 0.08125 0.07890625
0 0.79296875 0.6859375 0.08671875 0.0859375
0 0.32421875 0.44296875 0.0734375 0.075
0 0.2421875 0.51796875 0.07109375 0.07421875
0 0.38828125 0.5921875 0.07421875 0.0765625
0 0.4671875 0.5984375 0.07734375 0.07890625
0 0.09609375 0.44140625 0.07265625 0.078125
0 0.89375 0.528125 0.08671875 0.08203125
0 0.87109375 0.37890625 0.1578125 0.046875
0 0.721875 0.5265625 0.08125 0.078125
0 0.54765625 0.60078125 0.0796875 0.0796875
0 0.80859375 0.52734375 0.08671875 0.08125
0 0.096875 0.51640625 0.07421875 0.0734375
0 0.72421875 0.44609375 0.08359375 0.08046875
0 0.240625 0.5875 0.0734375 0.07421875
0 0.709375 0.6 0.084375 0.08046875
0 0.7953125 0.60703125 0.08515625 0.0828125
0 0.5453125 0.6765625 0.07890625 0.08125
0 0.3859375 0.67109375 0.07578125 0.07734375
0 0.7046875 0.68359375 0.08203125 0.08203125
0 0.1609375 0.665625 0.07421875 0.07890625
0 0.16796875 0.5875 0.0734375 0.07734375
0 0.465625 0.6734375 0.07578125 0.078125
0 0.084375 0.6640625 0.07265625 0.078125
0 0.88515625 0.6875 0.0921875 0.08359375
0 0.31484375 0.66875 0.075 0.0765625
0 0.62734375 0.67890625 0.08125 0.0796875
0 0.2390625 0.6671875 0.07578125 0.078125
0 0.12421875 0.37890625 0.128125 0.04375
0 0.56796875 0.7578125 0.04140625 0.0734375
0 0.25 0.38046875 0.128125 0.04765625
0 0.378125 0.3828125 0.13828125 0.04609375
0 0.5234375 0.38203125 0.1359375 0.04921875
0 0.71875 0.38046875 0.14609375 0.0484375