0 0.46640625 0.846875 0.09375 0.08125
0 0.7234375 0.37421875 0.0921875 0.06875
0 0.83671875 0.74921875 0.0953125 0.08125
0 0.74375 0.74765625 0.09375 0.078125
0 0.46640625 0.1078125 0.0796875 0.0625
0 0.840625 0.825 0.096875 0.08125
0 0.46484375 0.44453125 0.0859375 0.0734375
0 0.371875 0.7609375 0.0953125 0.08125
0 0.815625 0.36953125 0.090625 0.0703125
0 0.38359375 0.44453125 0.0875 0.071875
0 0.5515625 0.371875 0.0875 0.06875
0 0.7390625 0.6671875 0.09375 0.0765625
0 0.55078125 0.10546875 0.084375 0.0640625
0 0.38359375 0.23828125 0.0828125 0.0671875
0 0.36875 0.84453125 0.096875 0.08125
0 0.46484375 0.36953125 0.084375 0.06875
0 0.465625 0.6828125 0.0921875 0.078125
0 0.73203125 0.5875 0.0921875 0.0734375
0 0.5578125 0.6578125 0.090625 0.075
0 0.65625 0.8359375 0.096875 0.084375
0 0.634375 0.16953125 0.0875 0.065625
0 0.46484375 0.3046875 0.084375 0.065625
0 0.55078125 0.23359375 0.084375 0.065625
0 0.5578125 0.73671875 0.09375 0.08125
0 0.5578125 0.8328125 0.096875 0.084375
0 0.38125 0.59921875 0.0890625 0.075
0 0.3 0.68203125 0.0703125 0.06875
0 0.465625 0.2359375 0.0828125 0.065625
0 0.38046875 0.51953125 0.0875 0.071875
0 0.6328125 0.365625 0.0875 0.0671875
0 0.55 0.16953125 0.08125 0.065625
0 0.7359375 0.51640625 0.09375 0.0734375
0 0.63046875 0.103125 0.084375 0.0625
0 0.55390625 0.43828125 0.0875 0.06875
0 0.31171875 0.4234375 0.0625 0.0625
0 0.7234375 0.3046875 0.0875 0.0640625
0 0.653125 0.7390625 0.0953125 0.084375
0 0.71875 0.16484375 0.084375 0.0640625
0 0.82578125 0.51640625 0.090625 0.071875
0 0.31640625 0.29921875 0.059375 0.0578125
0 0.64765625 0.6609375 0.0921875 0.078125
0 0.5515625 0.303125 0.084375 0.065625
0 0.55546875 0.58203125 0.090625 0.075
0 0.63515625 0.23359375 0.0875 0.065625
0 0.46640625 0.765625 0.09375 0.08125
0 0.465625 0.1734375 0.0828125 0.065625
0 0.30546875 0.61796875 0.06875 0.0671875
0 0.72109375 0.23359375 0.0859375 0.0671875
0 0.46328125 0.61171875 0.0890625 0.0734375
0 0.82890625 0.59375 0.09375 0.075
0 0.37578125 0.68203125 0.09375 0.078125
0 0.2984375 0.75703125 0.06875 0.06875
0 0.4640625 0.5328125 0.090625 0.075
0 0.82109375 0.44375 0.0890625 0.071875
0 0.828125 0.66640625 0.096875 0.0765625
0 0.64453125 0.58125 0.090625 0.075
0 0.72578125 0.44296875 0.0921875 0.06875
0 0.38359375 0.37578125 0.084375 0.06875
0 0.38125 0.3078125 0.084375 0.0625
0 0.74453125 0.83046875 0.096875 0.0828125
0 0.64296875 0.5125 0.0890625 0.071875
0 0.55546875 0.5125 0.0890625 0.06875
0 0.80703125 0.3046875 0.090625 0.065625
0 0.63984375 0.4375 0.0875 0.06875
0 0.3890625 0.17578125 0.084375 0.065625
0 0.3875 0.1140625 0.08125 0.0625
0 0.79765625 0.17265625 0.0875 0.065625
0 0.803125 0.23515625 0.0875 0.065625
0 0.63046875 0.30234375 0.0875 0.065625
0 0.71328125 0.1046875 0.084375 0.0640625
0 0.31484375 0.35703125 0.0625 0.059375
0 0.7953125 0.10703125 0.084375 0.065625
0 0.29453125 0.8296875 0.065625 0.071875
0 0.31640625 0.23984375 0.059375 0.059375
0 0.30703125 0.54921875 0.0671875 0.0625
0 0.309375 0.48671875 0.065625 0.065625
0 0.32109375 0.18203125 0.0609375 0.0625