0 0.31875 0.88359375 0.13125 0.109375
0 0.321875 0.7796875 0.128125 0.1015625
0 0.3578125 0.2359375 0.096875 0.0625
0 0.1921875 0.88046875 0.1390625 0.1125
0 0.43984375 0.8796875 0.128125 0.1078125
0 0.653125 0.51328125 0.109375 0.08125
0 0.33046875 0.6828125 0.121875 0.0921875
0 0.78203125 0.6765625 0.115625 0.0921875
0 0.34921875 0.43671875 0.109375 0.0765625
0 0.55625 0.68046875 0.1125 0.0890625
0 0.79296875 0.775 0.125 0.0984375
0 0.684375 0.87578125 0.128125 0.109375
0 0.86484375 0.509375 0.1109375 0.08125
0 0.33671875 0.6 0.115625 0.084375
0 0.5578125 0.775 0.11875 0.0984375
0 0.44609375 0.7796875 0.121875 0.1
0 0.44609375 0.51484375 0.109375 0.078125
0 0.19765625 0.7734375 0.13125 0.103125
0 0.44609375 0.67890625 0.11875 0.0921875
0 0.22265625 0.584375 0.1234375 0.0875
0 0.56328125 0.875 0.121875 0.109375
0 0.215625 0.6765625 0.1296875 0.0953125
0 0.55234375 0.51328125 0.1078125 0.078125
0 0.340625 0.51484375 0.1125 0.078125
0 0.45 0.4359375 0.1046875 0.075
0 0.353125 0.3703125 0.10625 0.06875
0 0.80859375 0.875 0.134375 0.10625
0 0.6734375 0.6765625 0.11875 0.090625
0 0.6765625 0.771875 0.1234375 0.096875
0 0.23359375 0.50546875 0.1171875 0.078125
0 0.89375 0.67578125 0.121875 0.0921875
0 0.73515625 0.29375 0.096875 0.0671875
0 0.553125 0.590625 0.1109375 0.0859375
0 0.5421875 0.23046875 0.090625 0.065625
0 0.76015625 0.5109375 0.1125 0.08125
0 0.853125 0.4328125 0.1125 0.0796875
0 0.2640625 0.29296875 0.1015625 0.065625
0 0.26875 0.22578125 0.1 0.0625
0 0.55078125 0.43359375 0.103125 0.075
0 0.9078125 0.7734375 0.128125 0.1015625
0 0.3609375 0.17734375 0.09375 0.0625
0 0.77421875 0.59140625 0.115625 0.0875
0 0.253125 0.3578125 0.10625 0.0703125
0 0.84453125 0.36015625 0.109375 0.0734375
0 0.45234375 0.37109375 0.1 0.06875
0 0.55 0.3671875 0.1 0.06875
0 0.6671875 0.58984375 0.115625 0.084375
0 0.74375 0.35546875 0.10625 0.071875
0 0.63046875 0.23125 0.09375 0.059375
0 0.45703125 0.11875 0.0875 0.053125
0 0.7546875 0.43125 0.109375 0.0765625
0 0.4484375 0.5984375 0.1125 0.084375
0 0.875 0.590625 0.11875 0.0875
0 0.53984375 0.11796875 0.0875 0.05
0 0.4546875 0.234375 0.090625 0.059375
0 0.24609375 0.43125 0.1125 0.071875
0 0.6328125 0.1765625 0.090625 0.05625
0 0.9234375 0.87265625 0.134375 0.10625
0 0.3671875 0.1171875 0.0875 0.053125
0 0.65234375 0.43671875 0.10625 0.075
0 0.5453125 0.29765625 0.096875 0.065625
0 0.35625 0.30078125 0.1 0.0625
0 0.4546875 0.178125 0.090625 0.059375
0 0.63046875 0.11796875 0.0875 0.05625
0 0.721875 0.22265625 0.0984375 0.06875
0 0.8265625 0.29453125 0.103125 0.0703125
0 0.453125 0.3015625 0.096875 0.0671875
0 0.6421875 0.29609375 0.0984375 0.065625
0 0.646875 0.359375 0.103125 0.06875
0 0.81484375 0.225 0.1 0.0625
0 0.54453125 0.1734375 0.0890625 0.05625
0 0.271875 0.16796875 0.0984375 0.059375
0 0.71875 0.165625 0.103125 0.0625
0 0.7109375 0.1125 0.0875 0.053125
0 0.28671875 0.109375 0.0921875 0.053125
0 0.80625 0.16875 0.096875 0.059375
0 0.79765625 0.1140625 0.0921875 0.059375