0 0.57734375 0.08671875 0.0546875 0.1734375
0 0.578125 0.26953125 0.053125 0.1859375
0 0.1234375 0.56796875 0.1328125 0.240625
0 0.5265625 0.27734375 0.053125 0.190625
0 0.5234375 0.0890625 0.059375 0.178125
0 0.0875 0.33203125 0.1125 0.28125
0 0.36015625 0.30625 0.0796875 0.2421875
0 0.34765625 0.73515625 0.0984375 0.2
0 0.628125 0.2640625 0.053125 0.1828125
0 0.46171875 0.08984375 0.0640625 0.1796875
0 0.23203125 0.55234375 0.11875 0.221875
0 0.44921875 0.29609375 0.0953125 0.2359375
0 0.34296875 0.53671875 0.1015625 0.215625
0 0.5890625 0.6625 0.071875 0.175
0 0.69375 0.265625 0.0625 0.1984375
0 0.4 0.0890625 0.065625 0.178125
0 0.75703125 0.2625 0.05 0.2
0 0.43984375 0.71015625 0.0859375 0.190625
0 0.18046875 0.09375 0.0859375 0.18125
0 0.3328125 0.09140625 0.071875 0.178125
0 0.52109375 0.6828125 0.0796875 0.1921875
0 0.19140625 0.31796875 0.1 0.26875
0 0.2484375 0.76484375 0.1109375 0.215625
0 0.275 0.3109375 0.09375 0.25625
0 0.6640625 0.6421875 0.06875 0.16875
0 0.2546875 0.09296875 0.078125 0.18125
0 0.8046875 0.253125 0.0484375 0.196875
0 0.58984375 0.4734375 0.075 0.1828125
0 0.14140625 0.7921875 0.1234375 0.23125
0 0.7375 0.45078125 0.0640625 0.1828125
0 0.728125 0.621875 0.0625 0.1734375
0 0.66640625 0.46015625 0.071875 0.184375
0 0.63125 0.08359375 0.05625 0.1671875
0 0.09296875 0.090625 0.0890625 0.18125
0 0.43125 0.5125 0.0921875 0.2
0 0.7953125 0.43359375 0.059375 0.16875
0 0.78984375 0.60234375 0.059375 0.159375
0 0.69140625 0.08046875 0.05625 0.1609375
0 0.5109375 0.4921875 0.08125 0.203125
0 0.73828125 0.084375 0.04375 0.1625