0 0.3890625 0.584375 0.09375 0.190625
0 0.47265625 0.57890625 0.090625 0.1875
0 0.47109375 0.7765625 0.090625 0.19375
0 0.3828125 0.3953125 0.0921875 0.19375
0 0.3875 0.78046875 0.09375 0.19375
0 0.46796875 0.39296875 0.0875 0.190625
0 0.61953125 0.61171875 0.046875 0.10625
0 0.69765625 0.30703125 0.0484375 0.1109375
0 0.61640625 0.41015625 0.046875 0.103125
0 0.615625 0.309375 0.046875 0.109375
0 0.6984375 0.5109375 0.04375 0.1015625
0 0.53671875 0.82109375 0.046875 0.1078125
0 0.39296875 0.23828125 0.1375 0.071875
0 0.5359375 0.51484375 0.046875 0.10625
0 0.6984375 0.4078125 0.046875 0.1
0 0.61796875 0.5109375 0.046875 0.103125
0 0.5328125 0.4140625 0.046875 0.10625
0 0.53515625 0.6171875 0.046875 0.10625
0 0.57421875 0.4140625 0.046875 0.103125
0 0.4984375 0.2359375 0.078125 0.06875
0 0.5359375 0.7203125 0.046875 0.1078125
0 0.53203125 0.3125 0.046875 0.10625
0 0.5734375 0.23515625 0.078125 0.0625
0 0.57421875 0.31171875 0.046875 0.10625
0 0.578125 0.51484375 0.046875 0.10625
0 0.57890625 0.61484375 0.046875 0.10625
0 0.57890625 0.71640625 0.0453125 0.1109375
0 0.58046875 0.81796875 0.0484375 0.1109375
0 0.62109375 0.8140625 0.0453125 0.109375
0 0.61953125 0.71484375 0.046875 0.10625
0 0.64453125 0.23515625 0.075 0.05625
0 0.6578125 0.309375 0.04375 0.1078125
0 0.6578125 0.41015625 0.0421875 0.1078125
0 0.65859375 0.509375 0.04375 0.10625
0 0.66015625 0.6109375 0.040625 0.10625
0 0.66171875 0.7109375 0.04375 0.109375
0 0.66171875 0.8078125 0.04375 0.109375
0 0.70234375 0.8046875 0.04375 0.109375
0 0.7 0.70703125 0.04375 0.10625
0 0.6984375 0.6078125 0.0421875 0.109375
0 0.7421875 0.7984375 0.046875 0.10625
0 0.73828125 0.70078125 0.046875 0.10625
0 0.73671875 0.603125 0.0453125 0.10625
0 0.7359375 0.50625 0.0453125 0.103125
0 0.7359375 0.40859375 0.04375 0.1046875
0 0.73671875 0.31015625 0.040625 0.10625
0 0.71640625 0.23359375 0.075 0.059375