0 0.26015625 0.18515625 0.134375 0.11796875
0 0.284375 0.75234375 0.109375 0.10625
0 0.4640625 0.6296875 0.115625 0.12109375
0 0.35546875 0.28046875 0.1890625 0.0734375
0 0.52109375 0.1875 0.12421875 0.10546875
0 0.84609375 0.5125 0.07578125 0.1234375
0 0.54921875 0.37578125 0.08828125 0.13203125
0 0.54140625 0.27734375 0.1734375 0.07109375
0 0.22734375 0.51796875 0.096875 0.13359375
0 0.45546875 0.375 0.09296875 0.13671875
0 0.396875 0.1859375 0.12578125 0.1140625
0 0.2390625 0.6453125 0.1015625 0.128125
0 0.3484375 0.63359375 0.128125 0.12890625
0 0.409375 0.74765625 0.1515625 0.11015625
0 0.73671875 0.3875 0.115625 0.103125
0 0.1375 0.64765625 0.11015625 0.12890625
0 0.7671875 0.51328125 0.0734375 0.121875
0 0.13046875 0.521875 0.11484375 0.1359375
0 0.25703125 0.3796875 0.13125 0.14140625
0 0.42109375 0.840625 0.12421875 0.08046875
0 0.58125 0.62109375 0.12109375 0.11953125
0 0.91328125 0.509375 0.07578125 0.12109375
0 0.54765625 0.50625 0.0765625 0.1265625
0 0.84921875 0.21015625 0.08125 0.10078125
0 0.76640625 0.62265625 0.09375 0.10390625
0 0.5484375 0.728125 0.14296875 0.09375
0 0.36640625 0.3796875 0.09765625 0.13828125
0 0.63828125 0.371875 0.0875 0.1328125
0 0.69453125 0.50078125 0.07265625 0.12421875
0 0.12734375 0.38125 0.140625 0.14453125
0 0.88203125 0.61328125 0.14140625 0.096875
0 0.88359375 0.28984375 0.17109375 0.0796875
0 0.61796875 0.4984375 0.071875 0.125
0 0.33125 0.51015625 0.1265625 0.13203125
0 0.67890625 0.61796875 0.07265625 0.11796875
0 0.16171875 0.76015625 0.13828125 0.10390625
0 0.29921875 0.84609375 0.1203125 0.0796875
0 0.64296875 0.18671875 0.11796875 0.10859375
0 0.43671875 0.5078125 0.1484375 0.13203125
0 0.93125 0.20859375 0.0890625 0.10078125
0 0.778125 0.715625 0.13984375 0.09296875
0 0.73828125 0.2390625 0.13515625 0.19921875
0 0.88515625 0.796875 0.09296875 0.090625
0 0.7453125 0.296875 0.1296875 0.09375
0 0.79296875 0.7984375 0.0921875 0.0890625
0 0.6671875 0.71640625 0.09296875 0.09296875
0 0.13125 0.1828125 0.15 0.11875
0 0.16171875 0.2765625 0.20390625 0.07890625
0 0.884375 0.35390625 0.17421875 0.0703125
0 0.8875 0.415625 0.165625 0.06875
0 0.890625 0.70703125 0.1 0.10078125
0 0.178125 0.846875 0.13984375 0.09453125
0 0.52734375 0.815625 0.09453125 0.09921875
0 0.6171875 0.80859375 0.1 0.09765625
0 0.7046875 0.8015625 0.10078125 0.09375