0 0.50078125 0.81015625 0.0703125 0.215625
0 0.2078125 0.45390625 0.175 0.0921875
0 0.53203125 0.38984375 0.065625 0.190625
0 0.3734375 0.80703125 0.0703125 0.209375
0 0.6078125 0.6515625 0.134375 0.084375
0 0.1953125 0.25234375 0.178125 0.096875
0 0.5328125 0.19609375 0.06875 0.2046875
0 0.7703125 0.81640625 0.115625 0.20625
0 0.31171875 0.80390625 0.071875 0.209375
0 0.4390625 0.809375 0.0703125 0.2125
0 0.6078125 0.5265625 0.1453125 0.05625
0 0.32890625 0.18671875 0.090625 0.178125
0 0.465625 0.39296875 0.06875 0.1875
0 0.6140625 0.57890625 0.1453125 0.0515625
0 0.5953125 0.19296875 0.065625 0.203125
0 0.21953125 0.63828125 0.165625 0.0890625
0 0.56875 0.809375 0.0703125 0.2296875
0 0.2140625 0.55 0.16875 0.0890625
0 0.73984375 0.66171875 0.146875 0.065625
0 0.74609375 0.5375 0.140625 0.0625
0 0.75078125 0.5953125 0.146875 0.05625
0 0.4046875 0.20234375 0.071875 0.196875
0 0.203125 0.353125 0.175 0.09375
0 0.1953125 0.14765625 0.184375 0.103125
0 0.63359375 0.8140625 0.0625 0.21875
0 0.5875 0.38984375 0.0546875 0.19375
0 0.33671875 0.546875 0.08125 0.1109375
0 0.5 0.54609375 0.08125 0.1125
0 0.40546875 0.39609375 0.06875 0.1859375
0 0.41796875 0.5484375 0.0828125 0.1125
0 0.33984375 0.64609375 0.084375 0.1046875
0 0.4640625 0.203125 0.0703125 0.203125
0 0.68671875 0.821875 0.05625 0.215625
0 0.8015625 0.20078125 0.0890625 0.2015625
0 0.42109375 0.65390625 0.08125 0.103125
0 0.49609375 0.64765625 0.08125 0.103125
0 0.33125 0.328125 0.0875 0.11875
0 0.24609375 0.79921875 0.0703125 0.209375
0 0.3328125 0.43828125 0.0875 0.10625
0 0.6421875 0.39609375 0.0546875 0.196875
0 0.7125 0.39921875 0.1015625 0.203125
0 0.7890625 0.40859375 0.065625 0.2125
0 0.65234375 0.2 0.0515625 0.209375
0 0.18203125 0.8046875 0.0703125 0.203125
0 0.69921875 0.19375 0.05 0.225
0 0.74140625 0.19453125 0.046875 0.21875