0 0.46796875 0.5046875 0.21796875 0.12265625
0 0.66796875 0.27421875 0.19921875 0.1234375
0 0.859375 0.3890625 0.1796875 0.1078125
0 0.23671875 0.4640625 0.23046875 0.08515625
0 0.48046875 0.621875 0.21328125 0.140625
0 0.85390625 0.4890625 0.1734375 0.1015625
0 0.446875 0.15703125 0.2375 0.13828125
0 0.45078125 0.27265625 0.23828125 0.12734375
0 0.86328125 0.2734375 0.18671875 0.11875
0 0.6703125 0.39296875 0.2015625 0.115625
0 0.2296875 0.390625 0.228125 0.08828125
0 0.67265625 0.49296875 0.19453125 0.11171875
0 0.24140625 0.540625 0.2296875 0.0875
0 0.45625 0.3890625 0.23828125 0.125
0 0.665625 0.16015625 0.2015625 0.140625
0 0.253125 0.63984375 0.2609375 0.134375
0 0.85 0.58046875 0.16875 0.1015625
0 0.225 0.3109375 0.22890625 0.09609375
0 0.6734375 0.596875 0.1875 0.1140625
0 0.246875 0.7296875 0.2578125 0.09765625
0 0.8515625 0.6640625 0.165625 0.0828125
0 0.25625 0.82265625 0.25 0.12109375
0 0.67890625 0.6859375 0.1875 0.078125
0 0.2140625 0.13828125 0.2359375 0.1390625
0 0.21796875 0.228125 0.23359375 0.09921875
0 0.86796875 0.16015625 0.20078125 0.13203125
0 0.48359375 0.709375 0.2140625 0.10390625
0 0.484375 0.78515625 0.22109375 0.11484375
0 0.67734375 0.75625 0.190625 0.10625
0 0.8515625 0.74140625 0.17890625 0.096875