0 0.89609375 0.4359375 0.128125 0.14609375
0 0.61640625 0.8390625 0.1109375 0.13984375
0 0.3328125 0.68828125 0.09609375 0.13203125
0 0.71953125 0.29296875 0.0875 0.140625
0 0.7484375 0.86171875 0.15234375 0.15234375
0 0.53203125 0.7015625 0.10390625 0.134375
0 0.63125 0.70703125 0.11015625 0.14140625
0 0.79296875 0.5765625 0.1203125 0.14453125
0 0.2765625 0.5625 0.090625 0.128125
0 0.57109375 0.56875 0.10390625 0.134375
0 0.5109375 0.8296875 0.1046875 0.1390625
0 0.8125 0.28984375 0.09453125 0.14140625
0 0.46953125 0.30859375 0.078125 0.13125
0 0.39609375 0.31015625 0.0765625 0.12890625
0 0.46875 0.56796875 0.09765625 0.13046875
0 0.1171875 0.67578125 0.140625 0.12734375
0 0.103125 0.31875 0.06796875 0.12109375
0 0.10078125 0.4328125 0.084375 0.12265625
0 0.3734375 0.565625 0.09453125 0.125
0 0.4296875 0.6921875 0.096875 0.134375
0 0.23359375 0.68046875 0.0953125 0.128125
0 0.90625 0.57890625 0.10859375 0.15
0 0.42421875 0.821875 0.08125 0.1296875
0 0.38359375 0.440625 0.08046875 0.12890625
0 0.27890625 0.43671875 0.0875 0.125
0 0.09765625 0.55234375 0.08515625 0.1234375
0 0.209375 0.8078125 0.1515625 0.134375
0 0.88671875 0.72421875 0.1296875 0.14921875
0 0.31875 0.3109375 0.0734375 0.12890625
0 0.1875 0.55859375 0.09140625 0.12578125
0 0.33125 0.81640625 0.09609375 0.13359375
0 0.9140625 0.29140625 0.103125 0.14921875
0 0.23984375 0.3125 0.0765625 0.12578125
0 0.1921875 0.440625 0.0890625 0.12578125
0 0.7578125 0.71640625 0.11953125 0.14375
0 0.08671875 0.79375 0.09140625 0.12734375
0 0.17109375 0.31875 0.06484375 0.12265625
0 0.8859375 0.87421875 0.121875 0.1546875
0 0.46875 0.43671875 0.08203125 0.1296875
0 0.56171875 0.44140625 0.1015625 0.134375
0 0.63125 0.30859375 0.084375 0.13828125
0 0.67890625 0.575 0.10703125 0.1359375
0 0.55078125 0.3109375 0.0796875 0.1359375
0 0.6671875 0.196875 0.18359375 0.0734375
0 0.14453125 0.22265625 0.15234375 0.06015625
0 0.30625 0.21875 0.153125 0.0625
0 0.721875 0.43828125 0.21953125 0.14453125
0 0.78203125 0.43515625 0.10234375 0.1453125
0 0.47578125 0.21015625 0.165625 0.0703125
0 0.86171875 0.190625 0.19296875 0.07421875