0 0.56328125 0.7953125 0.0671875 0.0796875
0 0.275 0.75234375 0.084375 0.0859375
0 0.3515625 0.8265625 0.078125 0.0875
0 0.18125 0.846875 0.096875 0.0953125
0 0.2171875 0.52109375 0.0796875 0.06875
0 0.4875 0.590625 0.0640625 0.0625
0 0.36328125 0.4015625 0.0625 0.0578125
0 0.49453125 0.73046875 0.065625 0.075
0 0.53984375 0.3609375 0.053125 0.046875
0 0.42890625 0.82109375 0.071875 0.0859375
0 0.42890625 0.74140625 0.071875 0.078125
0 0.353125 0.74609375 0.078125 0.08125
0 0.21171875 0.5953125 0.0875 0.075
0 0.428125 0.66484375 0.071875 0.071875
0 0.28203125 0.671875 0.08125 0.0796875
0 0.3078125 0.2390625 0.0625 0.0546875
0 0.4890625 0.47265625 0.059375 0.059375
0 0.42734375 0.51953125 0.0671875 0.0625
0 0.55859375 0.7234375 0.065625 0.0734375
0 0.190625 0.75703125 0.0921875 0.0890625
0 0.28984375 0.53203125 0.075 0.06875
0 0.36171875 0.525 0.06875 0.065625
0 0.53515625 0.31015625 0.053125 0.05
0 0.36484375 0.46171875 0.065625 0.0609375
0 0.553125 0.58984375 0.059375 0.0625
0 0.42890625 0.58671875 0.06875 0.0671875
0 0.490625 0.53203125 0.0609375 0.0625
0 0.48515625 0.40859375 0.0578125 0.059375
0 0.5546875 0.6546875 0.059375 0.06875
0 0.3546875 0.66484375 0.075 0.075
0 0.3078125 0.2921875 0.0625 0.053125
0 0.48984375 0.66171875 0.065625 0.071875
0 0.2890625 0.59765625 0.075 0.071875
0 0.54765625 0.5296875 0.05625 0.059375
0 0.496875 0.80703125 0.06875 0.0796875
0 0.2984375 0.46484375 0.0734375 0.0625
0 0.303125 0.39921875 0.06875 0.0578125
0 0.48203125 0.3046875 0.053125 0.0484375
0 0.2734375 0.8359375 0.084375 0.0890625
0 0.30078125 0.346875 0.0671875 0.053125
0 0.36640625 0.29453125 0.0625 0.0484375
0 0.534375 0.26796875 0.05 0.0453125
0 0.31015625 0.1890625 0.059375 0.053125
0 0.2234375 0.4546875 0.078125 0.065625
0 0.54609375 0.46875 0.059375 0.05625
0 0.3640625 0.34765625 0.0640625 0.053125
0 0.43046875 0.46015625 0.0640625 0.059375
0 0.5421875 0.409375 0.0546875 0.053125
0 0.48359375 0.3546875 0.05625 0.05
0 0.20390625 0.671875 0.090625 0.08125
0 0.35703125 0.5953125 0.071875 0.071875
0 0.53125 0.22109375 0.05 0.0453125
0 0.36640625 0.24609375 0.0625 0.05
0 0.2484375 0.18125 0.06875 0.053125
0 0.428125 0.296875 0.05625 0.05
0 0.240625 0.28203125 0.071875 0.053125
0 0.2359375 0.3359375 0.075 0.0578125
0 0.24609375 0.23046875 0.0703125 0.053125
0 0.428125 0.34921875 0.059375 0.053125
0 0.36796875 0.20078125 0.059375 0.05
0 0.42734375 0.403125 0.0609375 0.05625
0 0.48125 0.26171875 0.053125 0.046875
0 0.47890625 0.215625 0.053125 0.0453125
0 0.2296875 0.39140625 0.075 0.059375
0 0.428125 0.25234375 0.05625 0.046875
0 0.58515625 0.40546875 0.034375 0.090625
0 0.428125 0.2109375 0.053125 0.046875
0 0.6140625 0.76015625 0.046875 0.1328125
0 0.603125 0.640625 0.04375 0.1125
0 0.59609375 0.5328125 0.0421875 0.103125
0 0.57734375 0.32578125 0.0390625 0.08125
0 0.571875 0.24453125 0.034375 0.084375