0 0.36796875 0.43359375 0.07734375 0.17421875
0 0.596875 0.44921875 0.08046875 0.1796875
0 0.5265625 0.4484375 0.07890625 0.17734375
0 0.68125 0.45390625 0.08125 0.184375
0 0.23984375 0.59140625 0.071875 0.1546875
0 0.37734375 0.7515625 0.0703125 0.1453125
0 0.30703125 0.59609375 0.07421875 0.1546875
0 0.521875 0.6109375 0.075 0.16171875
0 0.6703125 0.62890625 0.07890625 0.16953125
0 0.759375 0.62734375 0.0859375 0.1640625
0 0.44609375 0.60703125 0.07109375 0.16171875
0 0.2296875 0.4265625 0.078125 0.17578125
0 0.58984375 0.7765625 0.0734375 0.153125
0 0.44375 0.4390625 0.075 0.17578125
0 0.375 0.60078125 0.07265625 0.15625
0 0.3 0.43203125 0.07890625 0.17421875
0 0.59296875 0.61796875 0.075 0.1671875
0 0.3140625 0.746875 0.07265625 0.14453125
0 0.66640625 0.78515625 0.0765625 0.15234375
0 0.4515625 0.7578125 0.071875 0.14921875
0 0.521875 0.765625 0.071875 0.15078125
0 0.7734375 0.45625 0.0921875 0.18515625
0 0.1609375 0.42109375 0.07421875 0.171875
0 0.74921875 0.78984375 0.0796875 0.1484375
0 0.17734375 0.5828125 0.07578125 0.153125
0 0.24921875 0.7296875 0.0671875 0.1421875
0 0.22109375 0.73203125 0.13203125 0.14453125