0 0.45390625 0.83203125 0.096875 0.16875
0 0.72265625 0.83046875 0.084375 0.165625
0 0.55625 0.5046875 0.1125 0.16875
0 0.25078125 0.2578125 0.0953125 0.1125
0 0.659375 0.51015625 0.1 0.1640625
0 0.83203125 0.3125 0.2359375 0.0796875
0 0.6421875 0.83125 0.084375 0.16875
0 0.8140625 0.84296875 0.090625 0.1765625
0 0.88515625 0.5015625 0.1078125 0.165625
0 0.44375 0.50390625 0.1140625 0.16875
0 0.36640625 0.83046875 0.075 0.16875
0 0.54453125 0.6671875 0.115625 0.165625
0 0.77109375 0.5078125 0.121875 0.1703125
0 0.3953125 0.35234375 0.1734375 0.0828125
0 0.5515625 0.828125 0.0953125 0.1703125
0 0.65 0.3140625 0.134375 0.078125
0 0.83203125 0.38671875 0.2375 0.078125
0 0.81640625 0.66875 0.084375 0.171875
0 0.734375 0.67265625 0.0828125 0.16875
0 0.6484375 0.66640625 0.103125 0.16875
0 0.2171875 0.5734375 0.084375 0.14375
0 0.3765625 0.265625 0.15625 0.103125
0 0.2890625 0.69453125 0.1625 0.103125
0 0.26015625 0.825 0.140625 0.165625
0 0.5296875 0.34140625 0.10625 0.1640625
0 0.29765625 0.4734375 0.1765625 0.0890625
0 0.31171875 0.41171875 0.18125 0.0765625
0 0.64765625 0.38359375 0.1359375 0.0796875
0 0.4296875 0.66640625 0.115625 0.16875
0 0.7 0.2390625 0.159375 0.078125
0 0.9 0.84375 0.090625 0.175
0 0.31953125 0.584375 0.128125 0.14375
0 0.5421875 0.22734375 0.153125 0.078125
0 0.13671875 0.57109375 0.0828125 0.1390625
0 0.15625 0.25546875 0.0921875 0.1125
0 0.2125 0.340625 0.1828125 0.06875
0 0.13046875 0.82109375 0.11875 0.175
0 0.14609375 0.6859375 0.1265625 0.1
0 0.159375 0.4375 0.1015625 0.1359375
0 0.9015625 0.67265625 0.08125 0.171875