0 0.403125 0.871875 0.06640625 0.2125
0 0.72265625 0.8546875 0.0578125 0.20234375
0 0.778125 0.47265625 0.05625 0.18203125
0 0.26796875 0.45703125 0.06953125 0.209375
0 0.40390625 0.6578125 0.065625 0.203125
0 0.6015625 0.8578125 0.06328125 0.2078125
0 0.26484375 0.88046875 0.0703125 0.22265625
0 0.6671875 0.85625 0.059375 0.20546875
0 0.47265625 0.65625 0.0609375 0.20078125
0 0.54140625 0.8578125 0.06171875 0.20703125
0 0.184375 0.66328125 0.07265625 0.2140625
0 0.6625 0.6609375 0.06015625 0.19375
0 0.403125 0.46171875 0.0640625 0.19453125
0 0.59140625 0.4671875 0.059375 0.184375
0 0.7828125 0.66171875 0.05859375 0.19296875
0 0.18671875 0.88125 0.0734375 0.21875
0 0.53671875 0.65390625 0.065625 0.19765625
0 0.81484375 0.32890625 0.0953125 0.11015625
0 0.203125 0.45390625 0.06953125 0.2109375
0 0.340625 0.65703125 0.06640625 0.2046875
0 0.471875 0.8625 0.0640625 0.21640625
0 0.5359375 0.46328125 0.06171875 0.18828125
0 0.6609375 0.46796875 0.0625 0.1875
0 0.72421875 0.4703125 0.05859375 0.184375
0 0.4671875 0.4609375 0.0625 0.1875
0 0.71875 0.6578125 0.059375 0.19375
0 0.33984375 0.87734375 0.06640625 0.221875
0 0.2671875 0.6625 0.07109375 0.20625
0 0.3390625 0.459375 0.065625 0.19765625
0 0.59765625 0.65625 0.059375 0.196875
0 0.83359375 0.478125 0.05546875 0.17890625
0 0.37734375 0.30546875 0.115625 0.11328125
0 0.49453125 0.31796875 0.109375 0.10859375
0 0.78515625 0.85390625 0.0609375 0.196875
0 0.8484375 0.85078125 0.05859375 0.19296875
0 0.84140625 0.65625 0.05703125 0.190625
0 0.2578125 0.29296875 0.12265625 0.125
0 0.7078125 0.3234375 0.1015625 0.11015625
0 0.6 0.3234375 0.103125 0.103125