0 0.54921875 0.65234375 0.1171875 0.103125
0 0.5453125 0.7515625 0.109375 0.0953125
0 0.1921875 0.5765625 0.215625 0.0609375
0 0.1890625 0.6421875 0.2140625 0.059375
0 0.39296875 0.696875 0.1953125 0.059375
0 0.39375 0.7609375 0.19375 0.0578125
0 0.55859375 0.546875 0.1140625 0.10625
0 0.19140625 0.7625 0.20625 0.0578125
0 0.196875 0.81328125 0.196875 0.053125
0 0.4015625 0.575 0.20625 0.0625
0 0.1875 0.6984375 0.215625 0.0578125
0 0.41484375 0.3734375 0.209375 0.071875
0 0.1921875 0.51640625 0.215625 0.0625
0 0.54375 0.84765625 0.1125 0.090625
0 0.5875 0.3109375 0.128125 0.128125
0 0.40703125 0.509375 0.2046875 0.059375
0 0.39375 0.63828125 0.19375 0.0625
0 0.409375 0.44765625 0.20625 0.065625
0 0.5734375 0.43046875 0.11875 0.1171875
0 0.41015625 0.30625 0.221875 0.071875
0 0.38984375 0.8703125 0.184375 0.053125
0 0.41484375 0.2265625 0.2203125 0.078125
0 0.18984375 0.446875 0.2265625 0.065625
0 0.18828125 0.29921875 0.23125 0.071875
0 0.3921875 0.8125 0.190625 0.053125
0 0.1921875 0.3703125 0.228125 0.0703125
0 0.20078125 0.87265625 0.190625 0.0546875
0 0.18359375 0.21640625 0.2359375 0.075