0 0.790625 0.23125 0.05546875 0.19296875
0 0.79375 0.41796875 0.07265625 0.1859375
0 0.553125 0.21796875 0.0625 0.2140625
0 0.41875 0.2046875 0.07265625 0.2359375
0 0.6765625 0.225 0.05859375 0.20703125
0 0.4703125 0.4328125 0.0890625 0.20390625
0 0.378125 0.6390625 0.09296875 0.203125
0 0.7171875 0.4203125 0.07578125 0.18828125
0 0.16640625 0.43203125 0.11953125 0.23828125
0 0.7109375 0.6109375 0.075 0.1828125
0 0.27890625 0.65546875 0.10546875 0.209375
0 0.3796875 0.43515625 0.09765625 0.2125
0 0.78515625 0.603125 0.06796875 0.178125
0 0.484375 0.2140625 0.06484375 0.2203125
0 0.6109375 0.2203125 0.06171875 0.20703125
0 0.27890625 0.434375 0.1125 0.22890625
0 0.6203125 0.05703125 0.0625 0.1140625
0 0.55390625 0.6265625 0.0796875 0.184375
0 0.15859375 0.1828125 0.090625 0.2578125
0 0.4703125 0.6296875 0.0859375 0.19140625
0 0.5546875 0.053125 0.0640625 0.10625
0 0.41484375 0.04765625 0.07421875 0.09375
0 0.48359375 0.0515625 0.06796875 0.1015625
0 0.63046875 0.61484375 0.07578125 0.18203125
0 0.73125 0.228125 0.05703125 0.1984375
0 0.8671875 0.425 0.0671875 0.18046875
0 0.79609375 0.0640625 0.05625 0.12734375
0 0.17109375 0.6609375 0.11171875 0.21484375
0 0.6796875 0.0609375 0.0609375 0.12109375
0 0.7421875 0.06171875 0.05703125 0.1234375
0 0.64453125 0.4265625 0.07421875 0.1921875
0 0.55859375 0.4296875 0.08203125 0.2
0 0.1625 0.03046875 0.09140625 0.06015625
0 0.33984375 0.2 0.0796875 0.23984375
0 0.25078125 0.18671875 0.0875 0.25
0 0.85 0.603125 0.0640625 0.17265625
0 0.24453125 0.034375 0.084375 0.06875
0 0.8515625 0.06640625 0.0484375 0.1328125
0 0.33515625 0.03828125 0.08125 0.0765625
0 0.8453125 0.234375 0.053125 0.1953125