0 0.56875 0.7125 0.09921875 0.2171875
0 0.56796875 0.48984375 0.10078125 0.2265625
0 0.2765625 0.478125 0.10390625 0.21640625
0 0.46640625 0.49375 0.0984375 0.22265625
0 0.78125 0.4953125 0.11171875 0.23203125
0 0.77578125 0.72421875 0.11015625 0.2265625
0 0.66640625 0.725 0.10234375 0.22421875
0 0.6671875 0.4984375 0.10625 0.2328125
0 0.8953125 0.490625 0.11953125 0.24375
0 0.3671875 0.49140625 0.09921875 0.21875
0 0.09453125 0.4765625 0.10234375 0.2203125
0 0.8859375 0.73359375 0.115625 0.22890625
0 0.28203125 0.69140625 0.09765625 0.20625
0 0.1828125 0.47734375 0.10625 0.2234375
0 0.4671875 0.7046875 0.1 0.21015625
0 0.3765625 0.69765625 0.1015625 0.209375
0 0.1953125 0.68671875 0.096875 0.203125
0 0.10546875 0.6796875 0.09609375 0.2015625