0 0.73359375 0.72734375 0.1375 0.090625
0 0.47421875 0.73125 0.13125 0.0875
0 0.475 0.65078125 0.128125 0.078125
0 0.60390625 0.7296875 0.13125 0.0875
0 0.35078125 0.65234375 0.125 0.0796875
0 0.3546875 0.5765625 0.1234375 0.071875
0 0.8765625 0.73203125 0.140625 0.084375
0 0.35625 0.4984375 0.11875 0.075
0 0.7078125 0.4140625 0.11875 0.075
0 0.47578125 0.5703125 0.121875 0.0734375
0 0.34609375 0.7328125 0.13125 0.0875
0 0.728125 0.64765625 0.13125 0.0796875
0 0.23203125 0.5765625 0.121875 0.078125
0 0.74296875 0.81796875 0.1375 0.084375
0 0.5984375 0.56953125 0.125 0.071875
0 0.47890625 0.82265625 0.134375 0.08125
0 0.60078125 0.65 0.128125 0.0828125
0 0.59453125 0.49140625 0.11875 0.078125
0 0.721875 0.5640625 0.1296875 0.0734375
0 0.609375 0.82734375 0.134375 0.08125
0 0.228125 0.65859375 0.125 0.078125
0 0.35703125 0.42578125 0.11875 0.075
0 0.696875 0.346875 0.121875 0.075
0 0.3484375 0.8234375 0.13125 0.0828125
0 0.71484375 0.484375 0.128125 0.078125
0 0.2359375 0.50703125 0.121875 0.06875
0 0.47421875 0.50078125 0.11875 0.071875
0 0.58828125 0.42109375 0.121875 0.078125
0 0.2203125 0.74140625 0.1296875 0.0828125
0 0.8875 0.8203125 0.14375 0.090625
0 0.8640625 0.6484375 0.13125 0.075
0 0.81953125 0.34296875 0.1265625 0.075
0 0.2171875 0.82265625 0.134375 0.090625
0 0.4734375 0.425 0.1203125 0.075
0 0.83203125 0.41328125 0.125 0.071875
0 0.57890625 0.34453125 0.109375 0.078125
0 0.8484375 0.5625 0.1328125 0.078125
0 0.37421875 0.3375 0.1 0.053125
0 0.83984375 0.484375 0.128125 0.078125
0 0.47421875 0.33515625 0.1015625 0.053125
0 0.2765625 0.33984375 0.103125 0.05625
0 0.565625 0.27109375 0.103125 0.0625
0 0.371875 0.278125 0.103125 0.0578125
0 0.1078125 0.534375 0.09375 0.0890625
0 0.46953125 0.27265625 0.1 0.0578125
0 0.18984375 0.2671875 0.1 0.0578125
0 0.1046875 0.6203125 0.1 0.09375
0 0.0796875 0.81875 0.11875 0.109375
0 0.2390625 0.4265625 0.11875 0.075
0 0.28046875 0.27421875 0.084375 0.071875
0 0.665625 0.2640625 0.109375 0.065625
0 0.77265625 0.259375 0.1125 0.059375
0 0.09453125 0.71328125 0.115625 0.103125
0 0.171875 0.32734375 0.084375 0.06875
0 0.17265625 0.3953125 0.090625 0.06875
0 0.15390625 0.45703125 0.053125 0.0578125