0 0.82578125 0.37578125 0.1265625 0.0859375
0 0.79140625 0.92421875 0.10625 0.071875
0 0.79453125 0.8546875 0.109375 0.06875
0 0.47578125 0.10546875 0.121875 0.1
0 0.72109375 0.09609375 0.128125 0.10625
0 0.3578125 0.20625 0.11875 0.0921875
0 0.81953125 0.4640625 0.1234375 0.0828125
0 0.47890625 0.20703125 0.1203125 0.09375
0 0.7171875 0.19140625 0.128125 0.096875
0 0.59375 0.38046875 0.115625 0.084375
0 0.36875 0.30078125 0.1140625 0.084375
0 0.69609375 0.62734375 0.1125 0.0765625
0 0.71484375 0.2890625 0.128125 0.09375
0 0.69375 0.70625 0.1109375 0.075
0 0.8453125 0.0921875 0.140625 0.10625
0 0.8453125 0.18984375 0.134375 0.0953125
0 0.79921875 0.7765625 0.1140625 0.075
0 0.25 0.2140625 0.1171875 0.0921875
0 0.4859375 0.7015625 0.1 0.071875
0 0.48828125 0.77734375 0.0984375 0.071875
0 0.4890625 0.853125 0.096875 0.06875
0 0.59375 0.20234375 0.11875 0.09375
0 0.59296875 0.29140625 0.1171875 0.0890625
0 0.6875 0.92109375 0.1015625 0.0703125
0 0.59453125 0.10078125 0.1234375 0.103125
0 0.81328125 0.55234375 0.125 0.084375
0 0.6890625 0.85546875 0.1 0.06875
0 0.6984375 0.553125 0.115625 0.078125
0 0.38671875 0.69609375 0.0984375 0.071875
0 0.478125 0.2921875 0.1140625 0.0875
0 0.48046875 0.5453125 0.103125 0.08125
0 0.83828125 0.2875 0.1328125 0.090625
0 0.58828125 0.91796875 0.096875 0.0640625
0 0.26640625 0.38125 0.109375 0.08125
0 0.58828125 0.85703125 0.1 0.0671875
0 0.4859375 0.6265625 0.1 0.0734375
0 0.690625 0.7828125 0.1046875 0.071875
0 0.71015625 0.384375 0.121875 0.0875
0 0.2609375 0.3046875 0.1140625 0.084375
0 0.27265625 0.46484375 0.109375 0.078125
0 0.484375 0.3796875 0.1125 0.084375
0 0.16875 0.4703125 0.10625 0.078125
0 0.58984375 0.465625 0.1125 0.08125
0 0.353125 0.109375 0.11875 0.1
0 0.384375 0.6203125 0.1 0.071875
0 0.5875 0.784375 0.1 0.071875
0 0.37421875 0.38046875 0.1109375 0.0828125
0 0.5890625 0.6203125 0.10625 0.078125
0 0.58828125 0.54765625 0.109375 0.078125
0 0.12109375 0.12265625 0.1171875 0.096875
0 0.4796875 0.4640625 0.10625 0.078125
0 0.70546875 0.47265625 0.11875 0.0796875
0 0.3890625 0.77421875 0.096875 0.071875
0 0.5875 0.70625 0.103125 0.075
0 0.49453125 0.9140625 0.096875 0.0625
0 0.4015625 0.909375 0.096875 0.065625
0 0.2375 0.115625 0.1203125 0.096875
0 0.134375 0.21640625 0.1171875 0.090625
0 0.1625 0.38671875 0.109375 0.078125
0 0.38046875 0.54921875 0.103125 0.075
0 0.8 0.69765625 0.115625 0.075
0 0.1453125 0.3078125 0.1140625 0.0875
0 0.39765625 0.8484375 0.096875 0.0625
0 0.1875 0.62109375 0.1 0.071875
0 0.37890625 0.46875 0.10625 0.078125
0 0.19296875 0.7 0.0984375 0.06875
0 0.28671875 0.69375 0.096875 0.071875
0 0.8046875 0.62578125 0.115625 0.0671875
0 0.3078125 0.90625 0.0953125 0.065625
0 0.1765625 0.54765625 0.103125 0.071875
0 0.296875 0.76875 0.096875 0.06875
0 0.21015625 0.840625 0.096875 0.0625
0 0.303125 0.8421875 0.096875 0.065625
0 0.2796875 0.54453125 0.103125 0.0734375
0 0.28828125 0.6125 0.1 0.06875
0 0.20078125 0.7703125 0.1 0.065625
0 0.21328125 0.89921875 0.09375 0.0609375