0 0.8859375 0.7515625 0.0859375 0.1109375
0 0.534375 0.2859375 0.12421875 0.0515625
0 0.6625 0.27734375 0.12421875 0.0546875
0 0.18359375 0.5390625 0.078125 0.1
0 0.32734375 0.8421875 0.07578125 0.1078125
0 0.33828125 0.53984375 0.0765625 0.0984375
0 0.41484375 0.35390625 0.071875 0.09375
0 0.1953125 0.3515625 0.07265625 0.09375
0 0.4859375 0.4453125 0.075 0.09765625
0 0.18046875 0.63984375 0.0796875 0.1015625
0 0.87734375 0.54609375 0.075 0.1015625
0 0.79375 0.44609375 0.0796875 0.10078125
0 0.1109375 0.53828125 0.0765625 0.09921875
0 0.34140625 0.35234375 0.0734375 0.0921875
0 0.484375 0.54140625 0.0734375 0.09921875
0 0.2703125 0.353125 0.06875 0.0921875
0 0.25703125 0.6421875 0.078125 0.103125
0 0.63671875 0.6453125 0.07890625 0.103125
0 0.5640625 0.64296875 0.078125 0.10078125
0 0.40703125 0.640625 0.07421875 0.0984375
0 0.4921875 0.3515625 0.07265625 0.09609375
0 0.4078125 0.53984375 0.07421875 0.09921875
0 0.3359375 0.740625 0.07734375 0.10078125
0 0.40234375 0.84375 0.0765625 0.1078125
0 0.484375 0.64140625 0.075 0.09921875
0 0.2609375 0.54140625 0.075 0.09765625
0 0.09921875 0.6390625 0.07734375 0.10234375
0 0.88671875 0.8640625 0.08359375 0.10859375
0 0.8859375 0.64765625 0.0828125 0.10859375
0 0.8015625 0.54609375 0.0796875 0.10234375
0 0.5640625 0.35234375 0.0734375 0.09296875
0 0.17734375 0.74140625 0.0765625 0.103125
0 0.48828125 0.74296875 0.07578125 0.10078125
0 0.5625 0.54375 0.078125 0.096875
0 0.09609375 0.7421875 0.0796875 0.10390625
0 0.33671875 0.64140625 0.07734375 0.09921875
0 0.41484375 0.44765625 0.07109375 0.09609375
0 0.415625 0.73984375 0.075 0.10234375
0 0.63671875 0.54453125 0.078125 0.1
0 0.4078125 0.28828125 0.1171875 0.05078125
0 0.78984375 0.35234375 0.0765625 0.0953125
0 0.71796875 0.35078125 0.075 0.09453125
0 0.71796875 0.446875 0.07734375 0.1
0 0.80625 0.86015625 0.0828125 0.10859375
0 0.253125 0.74140625 0.07890625 0.1015625
0 0.340625 0.44609375 0.075 0.09765625
0 0.56640625 0.4453125 0.0765625 0.1
0 0.640625 0.35 0.07421875 0.096875
0 0.8015625 0.646875 0.08046875 0.10703125
0 0.87578125 0.44609375 0.078125 0.1015625
0 0.2484375 0.84296875 0.07734375 0.10703125
0 0.79375 0.28359375 0.13125 0.05625
0 0.725 0.74921875 0.07890625 0.10703125
0 0.6453125 0.746875 0.07421875 0.1046875
0 0.1703125 0.84453125 0.0796875 0.1078125
0 0.5640625 0.74609375 0.075 0.1046875
0 0.26953125 0.44609375 0.0734375 0.09609375
0 0.72421875 0.54453125 0.08046875 0.103125
0 0.64296875 0.446875 0.07578125 0.0984375
0 0.09296875 0.84296875 0.0765625 0.10703125
0 0.87421875 0.34921875 0.08046875 0.09921875
0 0.803125 0.75234375 0.08203125 0.10546875
0 0.7234375 0.6453125 0.0796875 0.10625
0 0.4828125 0.84921875 0.0796875 0.1109375
0 0.2 0.44375 0.06953125 0.096875
0 0.72421875 0.85546875 0.08046875 0.10859375
0 0.12265625 0.44609375 0.0796875 0.09765625
0 0.5671875 0.84921875 0.078125 0.1125
0 0.1203125 0.34921875 0.07578125 0.09609375
0 0.6484375 0.8515625 0.078125 0.1109375
0 0.28828125 0.2890625 0.1171875 0.05234375
0 0.16875 0.28828125 0.12109375 0.04765625