0 0.4890625 0.21796875 0.2328125 0.14375
0 0.48203125 0.3421875 0.2296875 0.14375
0 0.2453125 0.1984375 0.259375 0.15625
0 0.240625 0.328125 0.25625 0.153125
0 0.47734375 0.54609375 0.071875 0.096875
0 0.24375 0.44453125 0.084375 0.10625
0 0.39921875 0.54609375 0.075 0.1
0 0.4734375 0.7390625 0.075 0.1
0 0.32265625 0.646875 0.078125 0.103125
0 0.55390625 0.44921875 0.071875 0.096875
0 0.23671875 0.8546875 0.08125 0.1109375
0 0.5546875 0.73515625 0.071875 0.0984375
0 0.7015625 0.34765625 0.2046875 0.128125
0 0.240625 0.753125 0.08125 0.109375
0 0.39609375 0.64296875 0.075 0.1
0 0.1546875 0.75703125 0.084375 0.109375
0 0.3203125 0.7453125 0.078125 0.1046875
0 0.47890625 0.44921875 0.071875 0.096875
0 0.24296875 0.5484375 0.084375 0.10625
0 0.61953125 0.54296875 0.065625 0.0953125
0 0.240625 0.6515625 0.08125 0.1078125
0 0.39296875 0.83984375 0.0765625 0.103125
0 0.553125 0.54453125 0.075 0.096875
0 0.39453125 0.74296875 0.075 0.103125
0 0.15390625 0.65078125 0.084375 0.1109375
0 0.47421875 0.63984375 0.071875 0.096875
0 0.61953125 0.6359375 0.06875 0.096875
0 0.759375 0.8171875 0.065625 0.096875
0 0.15625 0.440625 0.084375 0.1078125
0 0.15234375 0.86953125 0.084375 0.1140625
0 0.81875 0.54296875 0.0625 0.0890625
0 0.86328125 0.28984375 0.1078125 0.053125
0 0.47265625 0.8375 0.075 0.096875
0 0.32578125 0.44609375 0.078125 0.103125
0 0.55 0.6390625 0.071875 0.096875
0 0.32265625 0.54765625 0.08125 0.1
0 0.88359375 0.54296875 0.059375 0.0875
0 0.4015625 0.44765625 0.075 0.1
0 0.81640625 0.80859375 0.059375 0.0921875
0 0.6890625 0.5421875 0.0640625 0.09375
0 0.76328125 0.45390625 0.065625 0.090625
0 0.8171875 0.628125 0.0609375 0.090625
0 0.69140625 0.73125 0.0640625 0.096875
0 0.69375 0.4515625 0.0625 0.09375
0 0.6875 0.63125 0.0640625 0.09375
0 0.553125 0.82890625 0.075 0.1
0 0.75625 0.54375 0.065625 0.090625
0 0.86015625 0.3828125 0.10625 0.053125
0 0.76171875 0.7265625 0.065625 0.0953125
0 0.628125 0.7296875 0.065625 0.096875
0 0.8640625 0.23046875 0.109375 0.0625
0 0.6203125 0.825 0.06875 0.1
0 0.859375 0.34140625 0.10625 0.059375
0 0.88359375 0.6328125 0.0625 0.090625
0 0.825 0.45546875 0.0625 0.090625
0 0.31875 0.84609375 0.078125 0.10625
0 0.81875 0.72265625 0.059375 0.090625
0 0.88671875 0.4578125 0.0578125 0.0890625
0 0.88046875 0.71953125 0.05625 0.0875
0 0.7578125 0.63515625 0.065625 0.09375
0 0.62421875 0.45 0.06875 0.096875
0 0.69140625 0.825 0.0625 0.096875
0 0.703125 0.234375 0.1984375 0.13125
0 0.878125 0.80234375 0.0578125 0.090625
0 0.153125 0.5515625 0.0859375 0.10625