0 0.2296875 0.1859375 0.08125 0.1765625
0 0.65078125 0.7203125 0.084375 0.071875
0 0.5828125 0.1609375 0.1 0.1
0 0.390625 0.42265625 0.096875 0.084375
0 0.571875 0.50234375 0.09375 0.0796875
0 0.3 0.57734375 0.09375 0.078125
0 0.6796875 0.1609375 0.1 0.0953125
0 0.396875 0.79296875 0.0875 0.071875
0 0.5734375 0.42578125 0.0921875 0.08125
0 0.29609375 0.33203125 0.0984375 0.0875
0 0.38984375 0.24453125 0.1 0.09375
0 0.3109375 0.65546875 0.09375 0.0734375
0 0.38515625 0.15703125 0.1 0.096875
0 0.3984375 0.86015625 0.0859375 0.065625
0 0.4859375 0.15625 0.1 0.096875
0 0.30234375 0.190625 0.075 0.18125
0 0.48828125 0.3375 0.096875 0.0875
0 0.2203125 0.59921875 0.075 0.140625
0 0.48828125 0.2484375 0.0984375 0.0890625
0 0.3140625 0.86796875 0.090625 0.0703125
0 0.39140625 0.33671875 0.096875 0.0875
0 0.56328125 0.85390625 0.084375 0.06875
0 0.66328125 0.42421875 0.09375 0.084375
0 0.65546875 0.65078125 0.084375 0.0734375
0 0.39921875 0.653125 0.0875 0.071875
0 0.48828125 0.42265625 0.09375 0.084375
0 0.39375 0.4984375 0.0953125 0.0796875
0 0.31328125 0.79609375 0.090625 0.0703125
0 0.76640625 0.2578125 0.0984375 0.090625
0 0.3140625 0.7296875 0.090625 0.0734375
0 0.48359375 0.50546875 0.09375 0.078125
0 0.3953125 0.57578125 0.090625 0.078125
0 0.2984375 0.41953125 0.1 0.084375
0 0.303125 0.50390625 0.096875 0.0796875
0 0.5640625 0.78828125 0.084375 0.06875
0 0.57734375 0.26015625 0.096875 0.090625
0 0.48046875 0.7890625 0.0859375 0.06875
0 0.48203125 0.57734375 0.090625 0.075
0 0.64609375 0.8515625 0.0828125 0.0703125
0 0.56796875 0.5765625 0.0875 0.075
0 0.6484375 0.7859375 0.08125 0.06875
0 0.66640625 0.33671875 0.09375 0.084375
0 0.48359375 0.65078125 0.090625 0.071875
0 0.578125 0.34375 0.09375 0.084375
0 0.48359375 0.72578125 0.0890625 0.0734375
0 0.56796875 0.65 0.0875 0.06875
0 0.8234375 0.60078125 0.065625 0.121875
0 0.40078125 0.7265625 0.0875 0.071875
0 0.76015625 0.33828125 0.0953125 0.084375
0 0.834375 0.475 0.0703125 0.13125
0 0.56640625 0.71796875 0.084375 0.071875
0 0.6734375 0.2515625 0.096875 0.090625
0 0.74609375 0.57265625 0.096875 0.075
0 0.84765625 0.34296875 0.0765625 0.1390625
0 0.48046875 0.8609375 0.084375 0.065625
0 0.23046875 0.73203125 0.0734375 0.128125
0 0.7265625 0.85 0.0765625 0.065625
0 0.6609375 0.50234375 0.090625 0.075
0 0.74765625 0.50078125 0.090625 0.078125
0 0.75703125 0.42109375 0.0953125 0.08125
0 0.740625 0.64765625 0.090625 0.071875
0 0.75078125 0.715625 0.115625 0.078125
0 0.775 0.1671875 0.1046875 0.0921875
0 0.21328125 0.47109375 0.0765625 0.121875
0 0.6578125 0.5734375 0.0875 0.075
0 0.7234375 0.7828125 0.078125 0.0671875
0 0.7953125 0.83125 0.06875 0.109375
0 0.21328125 0.3453125 0.0703125 0.13125
0 0.80390625 0.72734375 0.0796875 0.1359375
0 0.859375 0.2015625 0.0875 0.146875
0 0.234375 0.853125 0.08125 0.125