0 0.5671875 0.2296875 0.11875 0.090625
0 0.24765625 0.6390625 0.109375 0.078125
0 0.63046875 0.8671875 0.0578125 0.115625
0 0.10390625 0.20703125 0.1203125 0.09375
0 0.45234375 0.13046875 0.1203125 0.096875
0 0.56953125 0.1328125 0.1234375 0.096875
0 0.44765625 0.22890625 0.11875 0.090625
0 0.346875 0.4796875 0.1109375 0.078125
0 0.34453125 0.403125 0.1109375 0.0828125
0 0.55546875 0.63046875 0.103125 0.075
0 0.33125 0.12578125 0.11875 0.0953125
0 0.2234375 0.215625 0.11875 0.0921875
0 0.0984375 0.11171875 0.1203125 0.0984375
0 0.55703125 0.56015625 0.109375 0.071875
0 0.4546875 0.91953125 0.096875 0.0640625
0 0.24375 0.5578125 0.1109375 0.078125
0 0.45234375 0.63359375 0.1046875 0.071875
0 0.634375 0.7453125 0.059375 0.121875
0 0.3484375 0.63359375 0.10625 0.0765625
0 0.21484375 0.121875 0.11875 0.09375
0 0.4515625 0.70859375 0.103125 0.071875
0 0.55859375 0.39765625 0.109375 0.078125
0 0.23671875 0.4765625 0.109375 0.08125
0 0.225 0.30859375 0.115625 0.0890625
0 0.4546875 0.78515625 0.103125 0.071875
0 0.453125 0.5640625 0.10625 0.078125
0 0.340625 0.315625 0.11875 0.0890625
0 0.14296875 0.63515625 0.109375 0.075
0 0.26171875 0.85 0.096875 0.0625
0 0.346875 0.5625 0.109375 0.075
0 0.25078125 0.709375 0.10625 0.0703125
0 0.45078125 0.32109375 0.1140625 0.0875
0 0.3609375 0.91484375 0.096875 0.0625
0 0.55390625 0.70546875 0.103125 0.071875
0 0.33203125 0.22578125 0.11875 0.090625
0 0.5640625 0.31953125 0.115625 0.0875
0 0.4515625 0.4828125 0.109375 0.078125
0 0.359375 0.85546875 0.1 0.065625
0 0.35546875 0.784375 0.103125 0.06875
0 0.16640625 0.846875 0.1 0.0625
0 0.10859375 0.30390625 0.11875 0.0859375
0 0.35 0.71015625 0.103125 0.071875
0 0.64296875 0.4859375 0.065625 0.1390625
0 0.25625 0.78203125 0.1015625 0.065625
0 0.45546875 0.85703125 0.1 0.065625
0 0.65 0.3359375 0.06875 0.146875
0 0.125 0.4734375 0.115625 0.08125
0 0.13046875 0.55625 0.1125 0.078125
0 0.45 0.3984375 0.109375 0.08125
0 0.65859375 0.1796875 0.071875 0.1625
0 0.2640625 0.91015625 0.0953125 0.0640625
0 0.12265625 0.3828125 0.1171875 0.084375
0 0.1453125 0.70625 0.109375 0.071875
0 0.5515625 0.8421875 0.1 0.06875
0 0.2296875 0.3953125 0.1125 0.084375
0 0.55546875 0.484375 0.109375 0.078125
0 0.55390625 0.7765625 0.1015625 0.06875
0 0.5515625 0.91015625 0.0984375 0.0671875
0 0.15859375 0.7765625 0.1078125 0.0671875
0 0.165625 0.90703125 0.1 0.065625
0 0.6375 0.61640625 0.0609375 0.128125