0 0.5328125 0.7296875 0.07578125 0.10859375
0 0.615625 0.42890625 0.0859375 0.1109375
0 0.81796875 0.303125 0.10859375 0.1234375
0 0.79921875 0.65390625 0.10390625 0.11796875
0 0.6125 0.5328125 0.084375 0.1078125
0 0.621875 0.19765625 0.09140625 0.1265625
0 0.70390625 0.5375 0.0953125 0.11484375
0 0.696875 0.75390625 0.0921875 0.121875
0 0.5328125 0.63203125 0.075 0.10546875
0 0.8125 0.53984375 0.1078125 0.121875
0 0.46171875 0.43359375 0.07265625 0.10078125
0 0.3921875 0.234375 0.06796875 0.1078125
0 0.70078125 0.6484375 0.0921875 0.11484375
0 0.3890625 0.62265625 0.0640625 0.09765625
0 0.70546875 0.4265625 0.0953125 0.1171875
0 0.540625 0.2109375 0.0828125 0.125
0 0.60625 0.7421875 0.08203125 0.1125
0 0.7109375 0.31171875 0.1015625 0.12265625
0 0.5359375 0.53125 0.07890625 0.1046875
0 0.45625 0.8109375 0.0703125 0.10390625
0 0.38828125 0.71328125 0.06328125 0.09609375
0 0.5390625 0.4296875 0.07734375 0.10625
0 0.60703125 0.63984375 0.084375 0.11171875
0 0.540625 0.32421875 0.08046875 0.11328125
0 0.39296875 0.33671875 0.06640625 0.0984375
0 0.71953125 0.18515625 0.10078125 0.134375
0 0.459375 0.328125 0.07265625 0.10859375
0 0.61796875 0.32109375 0.08515625 0.121875
0 0.8078125 0.4171875 0.1078125 0.12265625
0 0.46015625 0.62109375 0.07265625 0.1015625
0 0.4578125 0.721875 0.07109375 0.1
0 0.39453125 0.4359375 0.065625 0.09765625
0 0.11015625 0.35078125 0.0484375 0.084375
0 0.83203125 0.1765625 0.11328125 0.13203125
0 0.4625 0.22109375 0.075 0.11796875
0 0.3265625 0.24296875 0.06171875 0.10234375
0 0.7953125 0.7625 0.10078125 0.12109375
0 0.603125 0.83984375 0.08203125 0.115625
0 0.4625 0.53125 0.06875 0.1
0 0.2734375 0.52421875 0.05625 0.0890625
0 0.26484375 0.34375 0.05625 0.09140625
0 0.21171875 0.34765625 0.05234375 0.090625
0 0.33046875 0.609375 0.06171875 0.09296875
0 0.328125 0.3390625 0.0609375 0.0953125
0 0.53046875 0.828125 0.075 0.10703125
0 0.39765625 0.53046875 0.0625 0.09453125
0 0.3296875 0.4359375 0.06171875 0.09375
0 0.275 0.43671875 0.053125 0.09140625
0 0.69296875 0.86640625 0.090625 0.1140625
0 0.16796875 0.59140625 0.04921875 0.08046875
0 0.103125 0.265625 0.04921875 0.08671875
0 0.22109375 0.59765625 0.05078125 0.08359375
0 0.27578125 0.6046875 0.05390625 0.0890625
0 0.16015625 0.3515625 0.05078125 0.0859375
0 0.16796875 0.67265625 0.046875 0.07734375
0 0.12421875 0.515625 0.046875 0.07890625
0 0.334375 0.52734375 0.0625 0.090625
0 0.33125 0.69609375 0.0609375 0.09140625
0 0.221875 0.5203125 0.0515625 0.08125
0 0.12421875 0.66640625 0.04765625 0.07734375
0 0.121875 0.58984375 0.0453125 0.08046875
0 0.16796875 0.51953125 0.0484375 0.08125
0 0.2171875 0.43671875 0.05234375 0.0859375
0 0.26328125 0.24921875 0.0578125 0.09921875
0 0.15078125 0.26171875 0.05078125 0.090625
0 0.20859375 0.25703125 0.05625 0.0953125
0 0.11953125 0.43515625 0.0484375 0.08125
0 0.26953125 0.68828125 0.05625 0.08671875
0 0.3890625 0.80078125 0.0625 0.0921875
0 0.22109375 0.68125 0.0515625 0.08515625
0 0.16484375 0.43671875 0.05078125 0.0828125
0 0.79140625 0.87734375 0.1 0.125
0 0.278125 0.775 0.05546875 0.084375
0 0.2234375 0.7640625 0.05390625 0.0890625
0 0.1265625 0.7421875 0.05390625 0.09765625
0 0.33359375 0.78515625 0.0640625 0.10234375
0 0.175 0.74921875 0.06015625 0.09296875