0 0.2890625 0.66875 0.103125 0.1015625
0 0.40625 0.8078125 0.1359375 0.178125
0 0.528125 0.80703125 0.13125 0.178125
0 0.83125 0.35625 0.0921875 0.1375
0 0.5 0.4015625 0.071875 0.125
0 0.4328125 0.16875 0.11875 0.075
0 0.5953125 0.4671875 0.125 0.0875
0 0.43125 0.096875 0.115625 0.071875
0 0.32265625 0.0921875 0.1140625 0.06875
0 0.48515625 0.65 0.109375 0.14375
0 0.7125 0.65078125 0.103125 0.1453125
0 0.3859375 0.65546875 0.1 0.11875
0 0.31796875 0.1609375 0.11875 0.075
0 0.21171875 0.2484375 0.103125 0.1046875
0 0.27578125 0.8109375 0.140625 0.18125
0 0.65703125 0.171875 0.1125 0.0765625
0 0.59921875 0.56015625 0.128125 0.1046875
0 0.48984375 0.52109375 0.1015625 0.11875
0 0.87109375 0.6390625 0.1 0.1625
0 0.51875 0.27890625 0.0875 0.1203125
0 0.3078125 0.39453125 0.134375 0.0828125
0 0.653125 0.09296875 0.1125 0.0890625
0 0.546875 0.0859375 0.1140625 0.0828125
0 0.7 0.50703125 0.096875 0.1328125
0 0.5921875 0.38203125 0.125 0.09375
0 0.3171875 0.5203125 0.075 0.175
0 0.69296875 0.38671875 0.084375 0.121875
0 0.39609375 0.525 0.090625 0.134375
0 0.59765625 0.2765625 0.0875 0.11875
0 0.16953125 0.690625 0.11875 0.1078125
0 0.421875 0.23671875 0.11875 0.071875
0 0.64609375 0.80703125 0.1 0.178125
0 0.41484375 0.41328125 0.096875 0.09375
0 0.55 0.1671875 0.1171875 0.0890625
0 0.60234375 0.66484375 0.134375 0.1125
0 0.68203125 0.26640625 0.0875 0.115625
0 0.19921875 0.378125 0.109375 0.159375
0 0.4234375 0.3171875 0.1 0.090625
0 0.1640625 0.821875 0.115625 0.1609375
0 0.21640625 0.13125 0.090625 0.134375
0 0.23984375 0.54296875 0.084375 0.1546875
0 0.31484375 0.25390625 0.1078125 0.121875
0 0.31875 0.309375 0.1234375 0.0859375
0 0.153125 0.54609375 0.0921875 0.15625
0 0.7515625 0.23046875 0.065625 0.125
0 0.78046875 0.4890625 0.08125 0.14375
0 0.7796875 0.4984375 0.0875 0.146875
0 0.79375 0.63984375 0.084375 0.15625
0 0.7640625 0.35859375 0.075 0.13125
0 0.73203125 0.80703125 0.096875 0.184375
0 0.81328125 0.80625 0.103125 0.18125
0 0.89140625 0.803125 0.103125 0.175
0 0.740625 0.1171875 0.071875 0.125
0 0.815625 0.23515625 0.0875 0.121875
0 0.803125 0.1203125 0.078125 0.11875
0 0.8484375 0.49375 0.0953125 0.146875