0 0.5890625 0.890625 0.1375 0.21875
0 0.47890625 0.67109375 0.1015625 0.178125
0 0.55703125 0.25703125 0.10625 0.1
0 0.26171875 0.37421875 0.0875 0.1109375
0 0.2359375 0.49609375 0.096875 0.134375
0 0.3859375 0.65703125 0.1125 0.171875
0 0.42421875 0.37109375 0.0875 0.125
0 0.59296875 0.6828125 0.11875 0.1875
0 0.40546875 0.50234375 0.103125 0.14375
0 0.33984375 0.37421875 0.0859375 0.115625
0 0.28671875 0.640625 0.11875 0.159375
0 0.478125 0.87890625 0.1171875 0.23125
0 0.65703125 0.075 0.103125 0.09375
0 0.65859375 0.13828125 0.109375 0.0765625
0 0.6640625 0.22890625 0.11875 0.103125
0 0.56171875 0.0921875 0.09375 0.090625
0 0.559375 0.16796875 0.0984375 0.1
0 0.4765625 0.10625 0.090625 0.084375
0 0.46953125 0.178125 0.09375 0.090625
0 0.46171875 0.26171875 0.103125 0.1
0 0.39921875 0.12265625 0.0875 0.084375
0 0.38671875 0.1921875 0.0953125 0.090625
0 0.3734375 0.2703125 0.1 0.096875
0 0.32734375 0.13671875 0.084375 0.08125
0 0.31171875 0.20546875 0.090625 0.084375
0 0.2921875 0.28046875 0.096875 0.090625
0 0.590625 0.36640625 0.103125 0.14375
0 0.58984375 0.50859375 0.115625 0.1578125
0 0.4953125 0.36953125 0.1 0.128125
0 0.48671875 0.50546875 0.1078125 0.153125
0 0.3140625 0.49609375 0.10625 0.1359375
0 0.203125 0.6375 0.11875 0.159375
0 0.3546875 0.84765625 0.134375 0.2328125
0 0.2578125 0.825 0.1328125 0.221875
0 0.1625 0.809375 0.13125 0.203125