0 0.51875 0.69453125 0.0984375 0.190625
0 0.93203125 0.21953125 0.125 0.3078125
0 0.690625 0.246875 0.134375 0.2703125
0 0.82265625 0.2328125 0.140625 0.2859375
0 0.82890625 0.496875 0.125 0.25625
0 0.93359375 0.49921875 0.1203125 0.259375
0 0.42734375 0.49296875 0.1046875 0.2
0 0.70546875 0.49453125 0.11875 0.234375
0 0.82734375 0.73046875 0.121875 0.21875
0 0.51015625 0.490625 0.1046875 0.20625
0 0.93203125 0.74921875 0.121875 0.234375
0 0.61015625 0.49140625 0.10625 0.215625
0 0.590625 0.2515625 0.121875 0.25625
0 0.71171875 0.715625 0.109375 0.2125
0 0.43984375 0.68359375 0.0875 0.184375
0 0.565625 0.88203125 0.2453125 0.0796875
0 0.40859375 0.27578125 0.1234375 0.228125
0 0.84296875 0.90078125 0.3125 0.1234375
0 0.61953125 0.703125 0.1 0.196875
0 0.55546875 0.815625 0.2484375 0.071875
0 0.49140625 0.2609375 0.125 0.2421875