0 0.540625 0.35234375 0.1015625 0.071875
0 0.78203125 0.78046875 0.125 0.0953125
0 0.74609375 0.3546875 0.1125 0.0734375
0 0.64765625 0.43125 0.1109375 0.0765625
0 0.77265625 0.68671875 0.121875 0.0890625
0 0.43359375 0.5015625 0.109375 0.078125
0 0.2375 0.3484375 0.103125 0.06875
0 0.6578125 0.88515625 0.1234375 0.1
0 0.7671875 0.59765625 0.115625 0.084375
0 0.21640625 0.5859375 0.115625 0.084375
0 0.18671875 0.86875 0.11875 0.1
0 0.54140625 0.6796875 0.115625 0.090625
0 0.4265625 0.775 0.11875 0.0921875
0 0.65390625 0.68046875 0.11875 0.09375
0 0.65859375 0.78203125 0.121875 0.096875
0 0.54296875 0.28515625 0.1 0.071875
0 0.22421875 0.509375 0.1125 0.078125
0 0.43984375 0.34765625 0.1015625 0.0734375
0 0.64609375 0.28515625 0.10625 0.071875
0 0.6515625 0.5125 0.1140625 0.0796875
0 0.6453125 0.35546875 0.10625 0.075
0 0.42578125 0.684375 0.11875 0.0875
0 0.42265625 0.875 0.121875 0.096875
0 0.3375 0.35234375 0.1015625 0.071875
0 0.73671875 0.14296875 0.1 0.065625
0 0.20078125 0.67578125 0.11875 0.084375
0 0.4421875 0.28046875 0.1 0.071875
0 0.7609375 0.5125 0.115625 0.0828125
0 0.54296875 0.77578125 0.1203125 0.0921875
0 0.1171875 0.50625 0.1125 0.078125
0 0.54375 0.590625 0.1125 0.084375
0 0.19765625 0.76953125 0.11875 0.0921875
0 0.54296875 0.21015625 0.1 0.0703125
0 0.540625 0.8796875 0.121875 0.1015625
0 0.13671875 0.3484375 0.1046875 0.0734375
0 0.32578125 0.5078125 0.1109375 0.0796875
0 0.7796875 0.87890625 0.121875 0.096875
0 0.303125 0.875 0.1203125 0.1
0 0.24453125 0.28203125 0.103125 0.0703125
0 0.0953125 0.66953125 0.121875 0.0859375
0 0.5421875 0.50390625 0.1078125 0.078125
0 0.75234375 0.43515625 0.115625 0.078125
0 0.32421875 0.5921875 0.115625 0.084375
0 0.0765625 0.8578125 0.1203125 0.0953125
0 0.5421875 0.1359375 0.1 0.06875
0 0.3125 0.68125 0.115625 0.090625
0 0.34296875 0.28359375 0.1 0.0703125
0 0.6421875 0.21328125 0.103125 0.0703125
0 0.6421875 0.13828125 0.1015625 0.0703125
0 0.084375 0.76171875 0.11875 0.0921875
0 0.253125 0.13984375 0.096875 0.065625
0 0.30625 0.775 0.121875 0.090625
0 0.33203125 0.42890625 0.10625 0.075
0 0.6515625 0.59296875 0.115625 0.084375
0 0.4453125 0.1359375 0.1 0.0703125
0 0.2296875 0.4203125 0.1125 0.0734375
0 0.3453125 0.2125 0.1 0.071875
0 0.74375 0.2140625 0.103125 0.065625
0 0.146875 0.28203125 0.1078125 0.0703125
0 0.24609375 0.21171875 0.1015625 0.0703125
0 0.75 0.28046875 0.109375 0.06875
0 0.10546875 0.584375 0.11875 0.084375
0 0.44375 0.20703125 0.0984375 0.06875
0 0.64296875 0.06484375 0.0984375 0.0640625
0 0.5421875 0.06796875 0.1 0.06875
0 0.12265625 0.428125 0.1109375 0.075
0 0.42734375 0.5828125 0.1140625 0.084375
0 0.44375 0.06875 0.1 0.06875
0 0.346875 0.13984375 0.1 0.0703125
0 0.1640625 0.140625 0.1 0.065625
0 0.42890625 0.42734375 0.0875 0.075
0 0.15 0.2109375 0.1 0.0703125
0 0.35 0.07109375 0.0984375 0.0671875
0 0.16796875 0.08046875 0.096875 0.0625
0 0.546875 0.42890625 0.084375 0.0734375
0 0.74140625 0.06875 0.103125 0.0640625
0 0.2625 0.06875 0.096875 0.0640625