0 0.60234375 0.203125 0.0765625 0.08125
0 0.45078125 0.44453125 0.078125 0.078125
0 0.3796875 0.5984375 0.078125 0.0765625
0 0.38125 0.671875 0.078125 0.0765625
0 0.3765625 0.4453125 0.0796875 0.078125
0 0.45390625 0.66953125 0.075 0.075
0 0.6 0.28359375 0.075 0.0796875
0 0.5265625 0.20078125 0.08125 0.084375
0 0.29765625 0.52890625 0.0828125 0.078125
0 0.52890625 0.665625 0.0734375 0.075
0 0.3828125 0.828125 0.078125 0.08125
0 0.2234375 0.6921875 0.084375 0.078125
0 0.28671875 0.20234375 0.0875 0.084375
0 0.44609375 0.20625 0.078125 0.084375
0 0.38203125 0.74921875 0.078125 0.0765625
0 0.365625 0.2046875 0.084375 0.084375
0 0.60078125 0.11640625 0.078125 0.084375
0 0.29609375 0.4484375 0.0828125 0.08125
0 0.44609375 0.11796875 0.08125 0.0859375
0 0.37734375 0.52109375 0.075 0.078125
0 0.4546875 0.7421875 0.0765625 0.075
0 0.596875 0.36171875 0.075 0.0765625
0 0.528125 0.115625 0.0796875 0.084375
0 0.52890625 0.2796875 0.078125 0.0796875
0 0.4484375 0.28359375 0.08125 0.08125
0 0.45390625 0.59609375 0.078125 0.0765625
0 0.5296875 0.88671875 0.071875 0.0765625
0 0.52890625 0.4390625 0.0734375 0.078125
0 0.37109375 0.365625 0.08125 0.08125
0 0.5296875 0.74375 0.071875 0.071875
0 0.5296875 0.8109375 0.071875 0.075
0 0.59453125 0.8078125 0.0703125 0.0765625
0 0.5953125 0.7296875 0.071875 0.071875
0 0.4546875 0.88984375 0.071875 0.078125
0 0.2921875 0.28359375 0.084375 0.084375
0 0.528125 0.3625 0.075 0.078125
0 0.3671875 0.28203125 0.08125 0.0828125
0 0.5296875 0.58984375 0.0734375 0.075
0 0.36796875 0.11484375 0.084375 0.0875
0 0.28359375 0.11484375 0.084375 0.0875
0 0.45546875 0.81328125 0.071875 0.0734375
0 0.52890625 0.5125 0.0734375 0.075
0 0.59921875 0.5828125 0.071875 0.071875
0 0.23046875 0.91015625 0.078125 0.075
0 0.45078125 0.36640625 0.078125 0.08125
0 0.21328125 0.45078125 0.0875 0.08125
0 0.2203125 0.609375 0.084375 0.0796875
0 0.596875 0.43984375 0.075 0.0765625
0 0.38125 0.90703125 0.075 0.084375
0 0.5953125 0.66171875 0.071875 0.075
0 0.29140625 0.36953125 0.084375 0.0796875
0 0.3078125 0.76171875 0.078125 0.078125
0 0.309375 0.84140625 0.075 0.078125
0 0.2 0.11328125 0.0875 0.0875
0 0.2125 0.36796875 0.0859375 0.08125
0 0.2171875 0.5328125 0.084375 0.078125
0 0.30390625 0.6046875 0.08125 0.078125
0 0.59609375 0.88515625 0.071875 0.0734375
0 0.30546875 0.6859375 0.0796875 0.0796875
0 0.20703125 0.2890625 0.0875 0.0875
0 0.22578125 0.76796875 0.084375 0.0765625
0 0.3109375 0.91171875 0.075 0.0765625
0 0.596875 0.515625 0.075 0.075
0 0.45234375 0.521875 0.078125 0.075
0 0.20390625 0.20625 0.0875 0.0859375
0 0.22890625 0.8421875 0.0796875 0.075