0 0.5296875 0.60703125 0.096875 0.1125
0 0.61796875 0.29453125 0.140625 0.115625
0 0.56171875 0.50703125 0.1078125 0.109375
0 0.37109375 0.2734375 0.128125 0.121875
0 0.6171875 0.60390625 0.084375 0.1078125
0 0.1515625 0.63828125 0.2109375 0.1375
0 0.325 0.50078125 0.13125 0.121875
0 0.16328125 0.50625 0.196875 0.134375
0 0.86640625 0.41328125 0.0765625 0.096875
0 0.49609375 0.83203125 0.1140625 0.121875
0 0.28671875 0.74609375 0.14375 0.1265625
0 0.5609375 0.1828125 0.1078125 0.121875
0 0.59765625 0.81796875 0.0921875 0.115625
0 0.74296875 0.3109375 0.103125 0.109375
0 0.3140625 0.62109375 0.1203125 0.128125
0 0.8625 0.6859375 0.0796875 0.1015625
0 0.11484375 0.25078125 0.1375 0.14375
0 0.5828125 0.403125 0.1078125 0.1125
0 0.390625 0.84921875 0.109375 0.1234375
0 0.45078125 0.50390625 0.125 0.115625
0 0.278125 0.86953125 0.121875 0.1359375
0 0.44453125 0.1671875 0.11875 0.13125
0 0.85 0.31640625 0.11875 0.103125
0 0.85859375 0.78203125 0.090625 0.1046875
0 0.62109375 0.71015625 0.090625 0.109375
0 0.47578125 0.3921875 0.1171875 0.115625
0 0.4921875 0.2828125 0.1171875 0.11875
0 0.68515625 0.4109375 0.1 0.103125
0 0.78359375 0.4125 0.09375 0.1
0 0.3375 0.38515625 0.175 0.121875
0 0.7875 0.68984375 0.078125 0.1046875
0 0.68515625 0.80625 0.0875 0.1109375
0 0.4125 0.73046875 0.1109375 0.1203125
0 0.5203125 0.71640625 0.1140625 0.115625
0 0.1515625 0.38125 0.203125 0.134375
0 0.13515625 0.76640625 0.16875 0.15625
0 0.86484375 0.58828125 0.0765625 0.1
0 0.66640625 0.5109375 0.1046875 0.09375
0 0.77265625 0.20546875 0.1078125 0.11875
0 0.2453125 0.2640625 0.121875 0.1328125
0 0.42890625 0.61640625 0.10625 0.11875
0 0.7859375 0.59296875 0.08125 0.1
0 0.12734375 0.88984375 0.1625 0.1375
0 0.77265625 0.79140625 0.0859375 0.10625
0 0.70234375 0.59921875 0.084375 0.103125
0 0.8625 0.5015625 0.0875 0.0875
0 0.76640625 0.51015625 0.096875 0.090625
0 0.703125 0.7 0.084375 0.1078125
0 0.66875 0.2 0.1 0.11875
0 0.30703125 0.14453125 0.134375 0.1328125
0 0.86640625 0.215625 0.0875 0.109375
0 0.146875 0.1140625 0.1546875 0.16875