0 0.43359375 0.446875 0.121875 0.04609375
0 0.13359375 0.57890625 0.075 0.06640625
0 0.21640625 0.63515625 0.08203125 0.06796875
0 0.54765625 0.44609375 0.1234375 0.0484375
0 0.30859375 0.8078125 0.1234375 0.05390625
0 0.21171875 0.50625 0.07734375 0.065625
0 0.21484375 0.69921875 0.08125 0.07109375
0 0.13203125 0.5203125 0.07734375 0.06484375
0 0.21640625 0.565625 0.08046875 0.065625
0 0.21015625 0.7703125 0.08203125 0.06953125
0 0.41640625 0.39765625 0.075 0.06484375
0 0.12734375 0.45234375 0.07109375 0.06484375
0 0.43515625 0.59921875 0.1203125 0.090625
0 0.19921875 0.44296875 0.07109375 0.06328125
0 0.7859375 0.440625 0.121875 0.0484375
0 0.8125 0.6671875 0.13828125 0.0546875
0 0.13046875 0.64765625 0.075 0.0640625
0 0.1328125 0.68203125 0.0765625 0.1359375
0 0.1203125 0.7796875 0.0921875 0.0640625
0 0.64453125 0.38671875 0.078125 0.06484375
0 0.82109375 0.8671875 0.13203125 0.0546875
0 0.72578125 0.38359375 0.07890625 0.06640625
0 0.2703125 0.396875 0.0734375 0.06484375
0 0.340625 0.39921875 0.0703125 0.06484375
0 0.56015625 0.8640625 0.12734375 0.05078125
0 0.128125 0.71328125 0.07890625 0.07265625
0 0.315625 0.76328125 0.11640625 0.04765625
0 0.21015625 0.846875 0.08203125 0.07109375
0 0.30546875 0.45 0.11875 0.046875
0 0.81953125 0.7640625 0.13671875 0.05390625
0 0.690625 0.86640625 0.1265625 0.05390625
0 0.4328125 0.53515625 0.11640625 0.04375
0 0.79765625 0.528125 0.1328125 0.05078125
0 0.43515625 0.8609375 0.12421875 0.0515625
0 0.1171875 0.84921875 0.09375 0.06640625
0 0.1609375 0.38671875 0.121875 0.0453125
0 0.490625 0.39375 0.084375 0.06796875
0 0.56640625 0.390625 0.084375 0.06796875
0 0.803125 0.3859375 0.09296875 0.071875
0 0.43359375 0.48984375 0.12109375 0.04453125
0 0.66875 0.4421875 0.12421875 0.0484375
0 0.67265625 0.4859375 0.12734375 0.04921875
0 0.79140625 0.4828125 0.12890625 0.0484375
0 0.80078125 0.5734375 0.1359375 0.0484375
0 0.31796875 0.4921875 0.121875 0.046875
0 0.55078125 0.48828125 0.12421875 0.04765625
0 0.6765625 0.5296875 0.1296875 0.05078125
0 0.5515625 0.53203125 0.12578125 0.04765625
0 0.6765625 0.57421875 0.12578125 0.04921875
0 0.5546875 0.57578125 0.128125 0.0515625
0 0.315625 0.53359375 0.11953125 0.0515625
0 0.315625 0.5765625 0.12421875 0.05078125
0 0.315625 0.621875 0.12734375 0.05234375
0 0.559375 0.61953125 0.1296875 0.05
0 0.68046875 0.6203125 0.134375 0.05078125
0 0.80625 0.61875 0.1375 0.0515625
0 0.315625 0.66640625 0.12890625 0.0484375
0 0.4359375 0.665625 0.121875 0.05
0 0.55703125 0.6671875 0.12734375 0.05078125
0 0.68203125 0.66640625 0.1328125 0.0515625
0 0.31171875 0.71328125 0.125 0.04921875
0 0.4359375 0.7125 0.1296875 0.0515625
0 0.56015625 0.7140625 0.1328125 0.053125
0 0.6875 0.71484375 0.134375 0.053125
0 0.81640625 0.715625 0.1390625 0.05390625
0 0.309375 0.85546875 0.12734375 0.05546875
0 0.4359375 0.76015625 0.1359375 0.053125
0 0.5609375 0.7625 0.13515625 0.0546875
0 0.690625 0.7640625 0.13828125 0.053125
0 0.434375 0.80859375 0.1328125 0.053125
0 0.5625 0.8109375 0.13828125 0.05234375
0 0.69140625 0.8125 0.1375 0.05390625
0 0.82109375 0.81328125 0.13515625 0.053125