0 0.225 0.10703125 0.2578125 0.14375
0 0.23359375 0.23125 0.25 0.125
0 0.5125 0.4515625 0.234375 0.1078125
0 0.47421875 0.08984375 0.275 0.1375
0 0.484375 0.22265625 0.259375 0.134375
0 0.4984375 0.33984375 0.246875 0.1203125
0 0.2546875 0.34296875 0.240625 0.115625
0 0.31484375 0.73359375 0.203125 0.084375
0 0.28359375 0.5515625 0.215625 0.1
0 0.2765625 0.453125 0.225 0.1046875
0 0.303125 0.6484375 0.215625 0.090625
0 0.51796875 0.55390625 0.23125 0.0984375
0 0.53125 0.746875 0.209375 0.0984375
0 0.52578125 0.6484375 0.2203125 0.09375
0 0.33359375 0.82578125 0.2 0.084375
0 0.54140625 0.83359375 0.209375 0.078125
0 0.35625 0.8953125 0.1796875 0.0796875
0 0.54921875 0.90625 0.20625 0.0765625