0 0.27734375 0.83125 0.04921875 0.1640625
0 0.43125 0.8375 0.05234375 0.17109375
0 0.5984375 0.84375 0.05625 0.175
0 0.4890625 0.8390625 0.05546875 0.17421875
0 0.59140625 0.50078125 0.0546875 0.16328125
0 0.7109375 0.67421875 0.059375 0.1734375
0 0.42890625 0.38828125 0.090625 0.08984375
0 0.2515625 0.38828125 0.084375 0.0875
0 0.66015625 0.84609375 0.059375 0.1765625
0 0.278125 0.671875 0.04921875 0.1609375
0 0.325 0.834375 0.05078125 0.16640625
0 0.6578125 0.675 0.0578125 0.17109375
0 0.32890625 0.50859375 0.05 0.153125
0 0.37421875 0.83671875 0.0515625 0.16796875
0 0.7203125 0.846875 0.05859375 0.178125
0 0.3765625 0.5078125 0.05078125 0.15546875
0 0.5953125 0.6734375 0.05546875 0.1703125
0 0.5453125 0.84140625 0.0546875 0.17578125
0 0.22265625 0.82890625 0.05 0.1640625
0 0.7484375 0.36484375 0.103125 0.09609375
0 0.32734375 0.6734375 0.0515625 0.1609375
0 0.76875 0.4984375 0.06015625 0.17265625
0 0.70625 0.496875 0.05859375 0.16875
0 0.378125 0.67265625 0.05390625 0.1640625
0 0.22578125 0.67109375 0.05 0.1578125
0 0.27578125 0.509375 0.04765625 0.153125
0 0.62265625 0.36953125 0.096875 0.09375
0 0.48515625 0.50625 0.053125 0.15703125
0 0.653125 0.50078125 0.0546875 0.165625
0 0.22890625 0.50859375 0.05 0.153125
0 0.775 0.67109375 0.0609375 0.175
0 0.778125 0.84765625 0.0625 0.178125
0 0.5296875 0.38203125 0.08984375 0.090625
0 0.5421875 0.50234375 0.05234375 0.16015625
0 0.4171875 0.96328125 0.0671875 0.0734375
0 0.5453125 0.67265625 0.053125 0.16796875
0 0.4828125 0.965625 0.07109375 0.06796875
0 0.33671875 0.3921875 0.08671875 0.08671875
0 0.284375 0.959375 0.06328125 0.08125
0 0.43515625 0.5125 0.053125 0.1578125
0 0.48828125 0.66796875 0.053125 0.16796875
0 0.22265625 0.95703125 0.0609375 0.0859375
0 0.43671875 0.67109375 0.05078125 0.1625
0 0.35234375 0.96171875 0.06328125 0.0765625
0 0.55234375 0.9671875 0.07109375 0.06484375
0 0.621875 0.97109375 0.0734375 0.05703125
0 0.77734375 0.9734375 0.0796875 0.053125
0 0.6953125 0.97265625 0.07734375 0.0546875