0 0.25703125 0.49609375 0.0875 0.075
0 0.340625 0.49609375 0.084375 0.07265625
0 0.25625 0.42421875 0.090625 0.075
0 0.259375 0.56640625 0.0890625 0.0734375
0 0.43125 0.69921875 0.08046875 0.06796875
0 0.34765625 0.70390625 0.08203125 0.0703125
0 0.259375 0.64140625 0.0890625 0.07421875
0 0.3421875 0.56484375 0.0859375 0.07265625
0 0.2609375 0.70703125 0.08828125 0.0734375
0 0.428125 0.62890625 0.0796875 0.0703125
0 0.4265625 0.49453125 0.0796875 0.07109375
0 0.34375 0.63125 0.0828125 0.07265625
0 0.428125 0.56328125 0.0796875 0.071875
0 0.5046875 0.53046875 0.08359375 0.05546875
0 0.5046875 0.4734375 0.08359375 0.0609375
0 0.340625 0.42734375 0.084375 0.07109375
0 0.42578125 0.4265625 0.0765625 0.0703125
0 0.509375 0.58359375 0.08828125 0.06328125
0 0.50625 0.64140625 0.0890625 0.0640625
0 0.51015625 0.69375 0.084375 0.065625