0 0.64140625 0.7625 0.13046875 0.23125
0 0.30703125 0.92109375 0.171875 0.1453125
0 0.515625 0.5484375 0.10546875 0.18125
0 0.4875 0.93203125 0.184375 0.1359375
0 0.6890625 0.92890625 0.2078125 0.12890625
0 0.04453125 0.9046875 0.0890625 0.178125
0 0.89375 0.93359375 0.20703125 0.11953125
0 0.4984375 0.75390625 0.1421875 0.23515625
0 0.23984375 0.75390625 0.13046875 0.19921875
0 0.371875 0.75078125 0.134375 0.2171875
0 0.228125 0.5328125 0.08828125 0.2125
0 0.31484375 0.54921875 0.1125 0.18515625
0 0.62734375 0.53125 0.11484375 0.20234375
0 0.753125 0.521875 0.13359375 0.2125
0 0.4140625 0.55234375 0.10625 0.1734375
0 0.15078125 0.915625 0.15703125 0.1609375
0 0.76640625 0.74453125 0.14609375 0.26015625
0 0.91796875 0.7578125 0.15703125 0.26875
0 0.87421875 0.5234375 0.13828125 0.20859375
0 0.140625 0.5484375 0.0921875 0.17578125
0 0.1203125 0.72734375 0.11953125 0.20703125
0 0.034375 0.71015625 0.06875 0.22734375