0 0.815625 0.28671875 0.153125 0.153125
0 0.77265625 0.678125 0.1625 0.0953125
0 0.6421875 0.378125 0.15 0.08125
0 0.50390625 0.37265625 0.1375 0.075
0 0.25234375 0.37578125 0.121875 0.0703125
0 0.48984375 0.59140625 0.134375 0.0828125
0 0.7984375 0.41484375 0.165625 0.09375
0 0.578125 0.28359375 0.1 0.115625
0 0.36875 0.45625 0.128125 0.071875
0 0.63046875 0.53671875 0.15 0.0765625
0 0.76953125 0.76015625 0.165625 0.1046875
0 0.365625 0.52578125 0.125 0.071875
0 0.6359375 0.45859375 0.15 0.08125
0 0.50234375 0.4484375 0.140625 0.0765625
0 0.684375 0.2859375 0.1109375 0.11875
0 0.66640625 0.1875 0.15625 0.090625
0 0.24609375 0.4453125 0.121875 0.0703125
0 0.62421875 0.81640625 0.1421875 0.13125
0 0.371875 0.38515625 0.128125 0.071875
0 0.36015625 0.76484375 0.125 0.146875
0 0.28125 0.3 0.0859375 0.10625
0 0.790625 0.5078125 0.165625 0.0953125
0 0.246875 0.5171875 0.11875 0.06875
0 0.48671875 0.29296875 0.0953125 0.10625
0 0.628125 0.603125 0.15 0.078125
0 0.5171875 0.19375 0.1375 0.09375
0 0.3625 0.66015625 0.125 0.071875
0 0.2515625 0.20859375 0.1234375 0.078125
0 0.8234375 0.184375 0.146875 0.08125
0 0.62890625 0.6796875 0.146875 0.078125
0 0.7828125 0.58515625 0.1625 0.09375
0 0.49453125 0.5234375 0.1359375 0.071875
0 0.4921875 0.66796875 0.1328125 0.071875
0 0.19921875 0.296875 0.084375 0.103125
0 0.24375 0.58125 0.1171875 0.0796875
0 0.24140625 0.6515625 0.11875 0.071875
0 0.38046875 0.2140625 0.13125 0.08125
0 0.23984375 0.75234375 0.121875 0.1375
0 0.37734375 0.3046875 0.10625 0.10625
0 0.36328125 0.5921875 0.125 0.06875
0 0.48046875 0.8078125 0.13125 0.096875
0 0.13125 0.3734375 0.1109375 0.06875
0 0.4859375 0.73828125 0.13125 0.078125
0 0.35546875 0.7296875 0.128125 0.0765625
0 0.61875 0.74765625 0.14375 0.075
0 0.1296875 0.57421875 0.1125 0.0765625
0 0.1265625 0.64140625 0.115625 0.078125
0 0.8109375 0.25078125 0.15 0.08125
0 0.115625 0.29921875 0.0765625 0.096875
0 0.23984375 0.7140625 0.11875 0.075
0 0.13359375 0.21328125 0.1109375 0.0734375
0 0.134375 0.509375 0.109375 0.06875
0 0.13125 0.44453125 0.109375 0.065625
0 0.1265625 0.703125 0.115625 0.078125
0 0.1265625 0.76953125 0.1171875 0.0875
0 0.76640625 0.84140625 0.1671875 0.1109375