0 0.4859375 0.62734375 0.246875 0.1125
0 0.2796875 0.24921875 0.20625 0.096875
0 0.20625 0.86484375 0.259375 0.125
0 0.275 0.3421875 0.203125 0.096875
0 0.2453125 0.62265625 0.2375 0.10625
0 0.4640625 0.87421875 0.284375 0.134375
0 0.4703125 0.746875 0.2625 0.1234375
0 0.30390625 0.0921875 0.1984375 0.0953125
0 0.26328125 0.43046875 0.215625 0.1015625
0 0.25390625 0.52578125 0.2265625 0.096875
0 0.29375 0.1734375 0.2015625 0.090625
0 0.22734375 0.740625 0.253125 0.11875
0 0.490625 0.33515625 0.21875 0.1
0 0.48515625 0.5296875 0.23125 0.103125
0 0.49453125 0.24375 0.209375 0.096875
0 0.48359375 0.43203125 0.21875 0.1
0 0.5015625 0.0796875 0.2140625 0.103125
0 0.4984375 0.16015625 0.209375 0.0890625