0 0.37578125 0.80078125 0.1125 0.1734375
0 0.71640625 0.75859375 0.125 0.065625
0 0.5890625 0.75859375 0.1265625 0.06875
0 0.59765625 0.8265625 0.134375 0.078125
0 0.4484375 0.61875 0.096875 0.15
0 0.35703125 0.609375 0.096875 0.146875
0 0.55390625 0.6375 0.046875 0.1765625
0 0.61796875 0.34296875 0.05 0.134375
0 0.5484375 0.340625 0.040625 0.134375
0 0.4734375 0.4734375 0.046875 0.15625
0 0.73203125 0.48359375 0.0578125 0.146875
0 0.4765625 0.33515625 0.04375 0.134375
0 0.47421875 0.79921875 0.1109375 0.178125
0 0.37265625 0.46953125 0.096875 0.1359375
0 0.36640625 0.33046875 0.0453125 0.134375
0 0.378125 0.209375 0.0453125 0.11875
0 0.38125 0.1015625 0.0421875 0.10625
0 0.403125 0.33203125 0.046875 0.1375
0 0.41015625 0.20859375 0.0421875 0.1234375
0 0.4140625 0.10390625 0.040625 0.109375
0 0.43515625 0.475 0.0453125 0.153125
0 0.440625 0.33515625 0.0453125 0.134375
0 0.44453125 0.2125 0.0421875 0.121875
0 0.44609375 0.10703125 0.0359375 0.1109375
0 0.47734375 0.2140625 0.0359375 0.1234375
0 0.4765625 0.10546875 0.034375 0.109375
0 0.5125 0.6328125 0.046875 0.1734375
0 0.5125 0.475 0.0375 0.153125
0 0.55 0.478125 0.046875 0.153125
0 0.5890625 0.47890625 0.04375 0.15
0 0.59375 0.63515625 0.053125 0.171875
0 0.6328125 0.6390625 0.05 0.1703125
0 0.6703125 0.63984375 0.05625 0.171875
0 0.70859375 0.63984375 0.05625 0.1734375
0 0.74765625 0.6421875 0.059375 0.1671875
0 0.784375 0.6390625 0.05625 0.1671875
0 0.81953125 0.6390625 0.059375 0.16875
0 0.85390625 0.64140625 0.059375 0.1609375
0 0.72578125 0.8328125 0.13125 0.078125
0 0.8453125 0.83984375 0.128125 0.0734375
0 0.83671875 0.76484375 0.1296875 0.0796875
0 0.6234375 0.48359375 0.0515625 0.146875
0 0.6609375 0.48359375 0.053125 0.15
0 0.696875 0.48359375 0.053125 0.1453125
0 0.7671875 0.4875 0.05625 0.1453125
0 0.80234375 0.4859375 0.0578125 0.1453125
0 0.8375 0.4859375 0.059375 0.14375
0 0.5125 0.3375 0.04375 0.134375
0 0.58125 0.340625 0.046875 0.134375
0 0.65078125 0.3453125 0.046875 0.134375
0 0.6859375 0.34609375 0.05 0.134375
0 0.71875 0.34765625 0.05 0.1390625
0 0.7546875 0.34921875 0.05 0.1296875
0 0.7890625 0.34765625 0.059375 0.134375
0 0.821875 0.346875 0.059375 0.134375
0 0.5109375 0.21640625 0.0421875 0.115625
0 0.5453125 0.21875 0.0421875 0.11875
0 0.5765625 0.2203125 0.04375 0.115625
0 0.61015625 0.2203125 0.04375 0.1171875
0 0.64296875 0.22265625 0.0453125 0.1140625
0 0.675 0.2234375 0.04375 0.1125
0 0.70625 0.22578125 0.05 0.115625
0 0.7390625 0.22734375 0.05 0.115625
0 0.771875 0.2234375 0.046875 0.11875
0 0.80234375 0.2234375 0.046875 0.125
0 0.51015625 0.10703125 0.040625 0.1078125
0 0.540625 0.10703125 0.040625 0.109375
0 0.5734375 0.1078125 0.040625 0.1125
0 0.6046875 0.1109375 0.040625 0.103125
0 0.6359375 0.1140625 0.040625 0.10625
0 0.6640625 0.115625 0.0421875 0.103125
0 0.69609375 0.11953125 0.046875 0.1046875
0 0.73046875 0.11640625 0.04375 0.10625
0 0.75546875 0.1125 0.0453125 0.109375
0 0.78828125 0.11484375 0.0484375 0.10625