0 0.228125 0.815625 0.1 0.2078125
0 0.48515625 0.83515625 0.096875 0.2
0 0.79453125 0.3234375 0.08125 0.109375
0 0.38828125 0.8265625 0.1 0.2
0 0.565625 0.834375 0.103125 0.2078125
0 0.7125 0.18125 0.078125 0.15
0 0.12734375 0.83828125 0.115625 0.1703125
0 0.35859375 0.49609375 0.090625 0.140625
0 0.4578125 0.28828125 0.090625 0.1
0 0.721875 0.43671875 0.075 0.128125
0 0.53515625 0.45078125 0.090625 0.109375
0 0.7140625 0.30859375 0.08125 0.1078125
0 0.4671875 0.184375 0.0921875 0.1
0 0.27890625 0.38046875 0.096875 0.109375
0 0.3671875 0.37734375 0.096875 0.103125
0 0.6703125 0.621875 0.084375 0.225
0 0.63515625 0.45625 0.1125 0.1046875
0 0.596875 0.62109375 0.08125 0.228125
0 0.525 0.61328125 0.08125 0.228125
0 0.43828125 0.57734375 0.096875 0.090625
0 0.2875 0.2703125 0.090625 0.103125
0 0.34765625 0.640625 0.1015625 0.15625
0 0.44375 0.48125 0.0953125 0.096875
0 0.55546875 0.18984375 0.08125 0.0984375
0 0.74609375 0.61953125 0.084375 0.221875
0 0.3078125 0.81796875 0.084375 0.203125
0 0.1515625 0.665625 0.11875 0.1625
0 0.209375 0.27421875 0.09375 0.10625
0 0.37578125 0.2703125 0.096875 0.1125
0 0.16953125 0.51015625 0.115625 0.134375
0 0.7921875 0.1875 0.084375 0.153125
0 0.19296875 0.3875 0.096875 0.121875
0 0.45546875 0.38359375 0.09375 0.103125
0 0.7921875 0.43671875 0.078125 0.1125
0 0.54765625 0.2734375 0.0890625 0.0734375
0 0.63515625 0.2171875 0.0890625 0.0703125
0 0.54453125 0.353125 0.0890625 0.0796875
0 0.25 0.6375 0.109375 0.134375
0 0.43671875 0.67890625 0.1015625 0.0984375
0 0.6375 0.14140625 0.0875 0.0734375
0 0.30703125 0.17578125 0.0921875 0.1
0 0.3921875 0.16484375 0.0875 0.090625
0 0.21640625 0.17265625 0.0921875 0.096875
0 0.26796875 0.5046875 0.109375 0.1359375
0 0.6359375 0.290625 0.090625 0.0734375
0 0.63828125 0.36484375 0.0953125 0.078125
0 0.725 0.83671875 0.1078125 0.209375
0 0.803125 0.553125 0.0703125 0.11875
0 0.8640625 0.8359375 0.1 0.2171875
0 0.8125 0.6734375 0.0671875 0.13125
0 0.8015625 0.83828125 0.0890625 0.2046875
0 0.64453125 0.83515625 0.084375 0.20625