0 0.8375 0.35078125 0.08828125 0.1140625
0 0.73828125 0.3484375 0.0890625 0.115625
0 0.56171875 0.35078125 0.08359375 0.1140625
0 0.83359375 0.24140625 0.08671875 0.11640625
0 0.9234375 0.35 0.08984375 0.11484375
0 0.39453125 0.775 0.0796875 0.1109375
0 0.23203125 0.3515625 0.0828125 0.1125
0 0.31484375 0.35078125 0.0828125 0.11328125
0 0.478125 0.571875 0.078125 0.10234375
0 0.6484375 0.35 0.0828125 0.115625
0 0.48359375 0.2421875 0.08203125 0.11484375
0 0.14453125 0.34921875 0.08359375 0.1125
0 0.32109375 0.24375 0.08359375 0.1140625
0 0.91875 0.24296875 0.084375 0.11171875
0 0.5625 0.77890625 0.08125 0.10859375
0 0.478125 0.77890625 0.08125 0.10859375
0 0.475 0.35234375 0.0828125 0.11171875
0 0.63984375 0.5703125 0.08515625 0.109375
0 0.73203125 0.67734375 0.0859375 0.11171875
0 0.73984375 0.240625 0.08671875 0.1125
0 0.23046875 0.46015625 0.08203125 0.10546875
0 0.81640625 0.68046875 0.08828125 0.1109375
0 0.39921875 0.35234375 0.07890625 0.11171875
0 0.64765625 0.67421875 0.08359375 0.1125
0 0.646875 0.78203125 0.08125 0.10703125
0 0.146875 0.8734375 0.07890625 0.10703125
0 0.47265625 0.88359375 0.0796875 0.10390625
0 0.834375 0.4640625 0.08828125 0.11328125
0 0.56171875 0.675 0.08046875 0.11171875
0 0.82734375 0.5734375 0.0875 0.1125
0 0.32109375 0.6734375 0.08203125 0.10625
0 0.22734375 0.5671875 0.0796875 0.10546875
0 0.73828125 0.57265625 0.08671875 0.1140625
0 0.315625 0.56796875 0.08203125 0.10703125
0 0.7296875 0.7859375 0.084375 0.10859375
0 0.55703125 0.5703125 0.08359375 0.1109375
0 0.2359375 0.2421875 0.0796875 0.11328125
0 0.23828125 0.775 0.0796875 0.10625
0 0.2375 0.67265625 0.08125 0.10625
0 0.1421875 0.45859375 0.0828125 0.1078125
0 0.65703125 0.240625 0.0828125 0.1125
0 0.9125 0.78828125 0.08828125 0.10625
0 0.91953125 0.571875 0.08984375 0.11328125
0 0.23515625 0.878125 0.08046875 0.1046875
0 0.72578125 0.89609375 0.08359375 0.109375
0 0.56171875 0.4609375 0.0828125 0.1078125
0 0.82109375 0.78984375 0.08359375 0.10859375
0 0.9140625 0.68515625 0.08828125 0.109375
0 0.646875 0.46171875 0.084375 0.11015625
0 0.74296875 0.46171875 0.090625 0.1109375
0 0.8125 0.89296875 0.08359375 0.10625
0 0.9234375 0.46796875 0.08828125 0.11484375
0 0.56875 0.24140625 0.0828125 0.11484375
0 0.31875 0.878125 0.0796875 0.10625
0 0.3125 0.4609375 0.08203125 0.10703125
0 0.065625 0.24296875 0.084375 0.11328125
0 0.6390625 0.88828125 0.08359375 0.10546875
0 0.06484375 0.56796875 0.0828125 0.109375
0 0.14453125 0.2421875 0.0828125 0.11328125
0 0.3984375 0.246875 0.07890625 0.115625
0 0.39296875 0.56875 0.0796875 0.1078125
0 0.56015625 0.890625 0.08359375 0.10859375
0 0.05859375 0.46171875 0.08359375 0.109375
0 0.40078125 0.67265625 0.0796875 0.10859375
0 0.06953125 0.67265625 0.084375 0.1078125
0 0.1453125 0.56640625 0.08203125 0.10859375
0 0.153125 0.6734375 0.0828125 0.10546875
0 0.0703125 0.878125 0.08203125 0.1046875
0 0.0625 0.35078125 0.0828125 0.11171875
0 0.475 0.67734375 0.0796875 0.10703125
0 0.90234375 0.89296875 0.09140625 0.10625
0 0.3203125 0.7765625 0.08125 0.10625
0 0.39296875 0.88359375 0.078125 0.10234375
0 0.15546875 0.775 0.08046875 0.103125
0 0.075 0.775 0.0828125 0.10546875
0 0.396875 0.46640625 0.07890625 0.11015625
0 0.475 0.46796875 0.08046875 0.11328125