0 0.559375 0.48125 0.20625 0.0625
0 0.35078125 0.4328125 0.19375 0.059375
0 0.55078125 0.4234375 0.2 0.059375
0 0.35078125 0.378125 0.1921875 0.05625
0 0.35 0.3171875 0.1875 0.05625
0 0.18359375 0.5671875 0.134375 0.1171875
0 0.5703125 0.54765625 0.215625 0.0625
0 0.16875 0.69296875 0.14375 0.1328125
0 0.35390625 0.55703125 0.2125 0.0625
0 0.8046875 0.6875 0.2359375 0.0765625
0 0.19453125 0.353125 0.11875 0.096875
0 0.190625 0.45625 0.121875 0.10625
0 0.56875 0.61875 0.215625 0.06875
0 0.35234375 0.496875 0.20625 0.065625
0 0.8140625 0.7703125 0.24375 0.0796875
0 0.3375 0.86796875 0.25 0.09375
0 0.34609375 0.62734375 0.21875 0.0703125
0 0.7453125 0.41796875 0.209375 0.0625
0 0.78828125 0.61796875 0.228125 0.071875
0 0.58046875 0.7703125 0.2375 0.0828125
0 0.15390625 0.83359375 0.15 0.1453125
0 0.3484375 0.69609375 0.2265625 0.078125
0 0.34453125 0.259375 0.1875 0.0546875
0 0.77578125 0.54765625 0.2203125 0.0625
0 0.834375 0.859375 0.246875 0.0875
0 0.3421875 0.778125 0.2359375 0.0828125
0 0.76015625 0.478125 0.2171875 0.0625
0 0.20390625 0.265625 0.109375 0.0875
0 0.571875 0.68984375 0.234375 0.075
0 0.54453125 0.359375 0.1921875 0.059375
0 0.53359375 0.25546875 0.1875 0.053125
0 0.5828125 0.86328125 0.259375 0.0984375
0 0.734375 0.35546875 0.2046875 0.06875
0 0.540625 0.31015625 0.1921875 0.0484375
0 0.34375 0.21015625 0.1875 0.053125
0 0.715625 0.24609375 0.1921875 0.0515625
0 0.5265625 0.2015625 0.1734375 0.0625
0 0.72109375 0.3046875 0.2 0.065625
0 0.70078125 0.2 0.203125 0.065625