0 0.5359375 0.6078125 0.1078125 0.1046875
0 0.43359375 0.609375 0.10078125 0.10234375
0 0.81796875 0.58359375 0.1625 0.09296875
0 0.53671875 0.515625 0.09921875 0.1
0 0.8 0.4234375 0.15859375 0.07421875
0 0.33125 0.42421875 0.09375 0.09375
0 0.51796875 0.33203125 0.12734375 0.07734375
0 0.82265625 0.671875 0.1640625 0.09765625
0 0.803125 0.34453125 0.15390625 0.08359375
0 0.65234375 0.34453125 0.140625 0.07890625
0 0.43125 0.809375 0.10234375 0.115625
0 0.70078125 0.25390625 0.096875 0.10546875
0 0.40546875 0.24609375 0.11484375 0.071875
0 0.659375 0.5828125 0.1453125 0.08671875
0 0.65078125 0.42578125 0.14453125 0.08046875
0 0.53828125 0.71171875 0.10859375 0.11328125
0 0.65859375 0.50703125 0.14453125 0.084375
0 0.3390625 0.5140625 0.0953125 0.0953125
0 0.4359375 0.51328125 0.10234375 0.09765625
0 0.4109375 0.328125 0.09609375 0.09453125
0 0.3265625 0.33515625 0.07734375 0.090625
0 0.4296875 0.41796875 0.10078125 0.09609375
0 0.52734375 0.415625 0.09296875 0.0984375
0 0.43515625 0.70390625 0.10234375 0.109375
0 0.81171875 0.25 0.11953125 0.10859375
0 0.809375 0.50234375 0.1578125 0.0875
0 0.1640625 0.59921875 0.084375 0.09375
0 0.2453125 0.5140625 0.08671875 0.09375
0 0.33515625 0.6015625 0.0953125 0.09765625
0 0.53671875 0.815625 0.11328125 0.11484375
0 0.6671875 0.665625 0.14609375 0.0921875
0 0.24453125 0.3375 0.084375 0.0890625
0 0.16171875 0.68828125 0.0859375 0.09609375
0 0.2484375 0.69375 0.0921875 0.09921875
0 0.59921875 0.240625 0.10546875 0.10390625
0 0.66953125 0.75390625 0.14921875 0.096875
0 0.24765625 0.4265625 0.078125 0.0890625
0 0.17265625 0.4296875 0.08125 0.08671875
0 0.2484375 0.59921875 0.090625 0.0953125
0 0.66953125 0.8453125 0.14921875 0.1046875
0 0.16640625 0.34140625 0.0703125 0.084375
0 0.3375 0.696875 0.09609375 0.10390625
0 0.16796875 0.51484375 0.08203125 0.0921875
0 0.82734375 0.81953125 0.16484375 0.19609375
0 0.50078125 0.246875 0.0875 0.09921875
0 0.29296875 0.253125 0.10859375 0.07734375
0 0.3328125 0.7984375 0.09296875 0.10859375
0 0.1890625 0.265625 0.1 0.06640625
0 0.1515625 0.78359375 0.0890625 0.1046875
0 0.24140625 0.78984375 0.096875 0.11328125