0 0.76640625 0.8109375 0.1578125 0.184375
0 0.58984375 0.4796875 0.1 0.1125
0 0.1953125 0.46171875 0.115625 0.10625
0 0.128125 0.7484375 0.1203125 0.1796875
0 0.68828125 0.48046875 0.0984375 0.1453125
0 0.59140625 0.37265625 0.096875 0.103125
0 0.4890625 0.478125 0.103125 0.1171875
0 0.290625 0.4640625 0.1171875 0.10625
0 0.40234375 0.36796875 0.109375 0.1
0 0.4140625 0.2734375 0.1 0.09375
0 0.50390625 0.609375 0.09375 0.146875
0 0.6046875 0.6203125 0.103125 0.171875
0 0.615625 0.80703125 0.140625 0.1625
0 0.3953125 0.46796875 0.1125 0.109375
0 0.7828125 0.4734375 0.1046875 0.1125
0 0.77890625 0.365625 0.1078125 0.1
0 0.5046875 0.10859375 0.090625 0.075
0 0.5 0.78046875 0.1078125 0.1734375
0 0.3046875 0.3671875 0.109375 0.096875
0 0.5921875 0.1875 0.0875 0.0890625
0 0.50390625 0.18203125 0.09375 0.084375
0 0.90234375 0.80859375 0.159375 0.1859375
0 0.684375 0.26796875 0.096875 0.0984375
0 0.328125 0.60078125 0.1046875 0.1578125
0 0.32109375 0.28125 0.1 0.0875
0 0.4984375 0.36640625 0.096875 0.103125
0 0.696875 0.634375 0.103125 0.171875
0 0.4046875 0.7703125 0.109375 0.171875
0 0.68125 0.178125 0.090625 0.0859375
0 0.50703125 0.26953125 0.1 0.0921875
0 0.77890625 0.26796875 0.103125 0.09375
0 0.21015625 0.36484375 0.109375 0.096875
0 0.6 0.27421875 0.090625 0.0953125
0 0.23984375 0.59453125 0.1046875 0.153125
0 0.415625 0.60234375 0.1 0.146875
0 0.59609375 0.10703125 0.084375 0.075
0 0.6734375 0.10390625 0.0875 0.071875
0 0.4171875 0.1859375 0.09375 0.0875
0 0.76875 0.17578125 0.096875 0.0875
0 0.68125 0.3609375 0.1 0.0953125
0 0.309375 0.76640625 0.1125 0.1828125
0 0.21484375 0.76640625 0.1125 0.184375
0 0.15625 0.5875 0.1125 0.146875
0 0.22734375 0.28046875 0.1046875 0.084375
0 0.421875 0.11328125 0.0890625 0.06875
0 0.7625 0.10078125 0.090625 0.0703125
0 0.3265625 0.19453125 0.090625 0.0875
0 0.825 0.62578125 0.171875 0.203125
0 0.340625 0.121875 0.0953125 0.08125
0 0.2609375 0.1265625 0.09375 0.0765625
0 0.2453125 0.20078125 0.1 0.084375