0 0.20234375 0.13359375 0.12734375 0.24453125
0 0.3328125 0.3765625 0.12109375 0.24765625
0 0.31015625 0.13984375 0.1125 0.23359375
0 0.4375 0.3703125 0.103125 0.23046875
0 0.075 0.3984375 0.15 0.29375
0 0.0734375 0.128125 0.13984375 0.24765625
0 0.44140625 0.5984375 0.096875 0.22109375
0 0.76015625 0.34609375 0.06796875 0.19296875
0 0.22578125 0.6515625 0.13203125 0.25234375
0 0.565625 0.15859375 0.07265625 0.19609375
0 0.33671875 0.61953125 0.1171875 0.225
0 0.39921875 0.14765625 0.09609375 0.21875
0 0.0921875 0.6734375 0.14375 0.2828125
0 0.21015625 0.3953125 0.1359375 0.27421875
0 0.609375 0.35703125 0.08515625 0.20390625
0 0.63984375 0.16015625 0.06875 0.1890625
0 0.70390625 0.1578125 0.0625 0.1828125
0 0.609375 0.565625 0.07734375 0.19296875
0 0.48515625 0.15703125 0.08203125 0.20390625
0 0.81953125 0.3390625 0.0625 0.18828125
0 0.6859375 0.3515625 0.071875 0.20078125
0 0.76640625 0.16015625 0.06015625 0.17734375
0 0.7578125 0.53828125 0.06796875 0.1828125
0 0.68359375 0.54609375 0.06953125 0.1859375
0 0.534375 0.5796875 0.08359375 0.20078125
0 0.528125 0.3609375 0.0875 0.21484375
0 0.81796875 0.525 0.0609375 0.175
0 0.65234375 0.03125 0.04921875 0.06171875
0 0.7 0.03359375 0.0484375 0.06640625
0 0.3296875 0.01640625 0.075 0.03125
0 0.753125 0.03359375 0.046875 0.0671875
0 0.59765625 0.02890625 0.0546875 0.0578125
0 0.4109375 0.02109375 0.07109375 0.040625
0 0.246875 0.01171875 0.08359375 0.0234375