0 0.246875 0.72734375 0.259375 0.096875
0 0.26015625 0.64140625 0.246875 0.090625
0 0.303125 0.32265625 0.2265625 0.08125
0 0.3046875 0.2484375 0.23125 0.0796875
0 0.29765625 0.40234375 0.234375 0.08125
0 0.31640625 0.1734375 0.225 0.0828125
0 0.5078125 0.73125 0.2625 0.096875
0 0.28515625 0.559375 0.2421875 0.084375
0 0.51484375 0.64453125 0.24375 0.090625
0 0.50234375 0.83828125 0.2796875 0.1046875
0 0.2859375 0.475 0.2375 0.08125
0 0.53828125 0.2421875 0.2296875 0.0828125
0 0.51875 0.559375 0.2453125 0.084375
0 0.240625 0.8296875 0.2625 0.0984375
0 0.52734375 0.47734375 0.234375 0.078125
0 0.5328125 0.3234375 0.23125 0.0828125
0 0.52890625 0.3953125 0.225 0.0796875
0 0.54140625 0.16953125 0.23125 0.0828125