0 0.42265625 0.328125 0.1140625 0.071875
0 0.74609375 0.20390625 0.115625 0.08125
0 0.53671875 0.80859375 0.134375 0.153125
0 0.19609375 0.2265625 0.115625 0.1046875
0 0.17890625 0.48125 0.125 0.1203125
0 0.409375 0.67421875 0.128125 0.1359375
0 0.140625 0.8375 0.134375 0.0984375
0 0.64921875 0.3515625 0.11875 0.075
0 0.40859375 0.546875 0.121875 0.1234375
0 0.775 0.5265625 0.1265625 0.075
0 0.41875 0.42578125 0.1171875 0.11875
0 0.7734375 0.4453125 0.1234375 0.090625
0 0.28359375 0.69453125 0.13125 0.0875
0 0.6609375 0.7125 0.1375 0.109375
0 0.528125 0.36328125 0.1171875 0.0828125
0 0.7578125 0.359375 0.1140625 0.08125
0 0.52890625 0.45234375 0.11875 0.090625
0 0.1609375 0.6640625 0.1328125 0.0828125
0 0.28671875 0.609375 0.1296875 0.08125
0 0.53046875 0.21484375 0.115625 0.065625
0 0.53046875 0.55390625 0.1234375 0.1
0 0.5296875 0.665625 0.128125 0.109375
0 0.1671875 0.58046875 0.128125 0.078125
0 0.296875 0.51484375 0.125 0.11875
0 0.6703125 0.8234375 0.1375 0.115625
0 0.73671875 0.128125 0.103125 0.0671875
0 0.7921875 0.71796875 0.134375 0.10625
0 0.52890625 0.1296875 0.1125 0.103125
0 0.18671875 0.31328125 0.121875 0.071875
0 0.4078125 0.81171875 0.1328125 0.153125
0 0.42109375 0.2328125 0.1125 0.1109375
0 0.528125 0.28828125 0.115625 0.0765625
0 0.65390625 0.4375 0.1234375 0.090625
0 0.32109375 0.10625 0.1125 0.0609375
0 0.2765625 0.80859375 0.13125 0.146875
0 0.6453125 0.275 0.1125 0.078125
0 0.80078125 0.82265625 0.1390625 0.1125
0 0.78203125 0.609375 0.1328125 0.1
0 0.6421875 0.20078125 0.1078125 0.078125
0 0.1859375 0.38203125 0.121875 0.0734375
0 0.6359375 0.125 0.10625 0.075
0 0.30390625 0.40078125 0.121875 0.1125
0 0.20546875 0.12578125 0.115625 0.096875
0 0.6578125 0.61171875 0.1296875 0.096875
0 0.3046875 0.28671875 0.1171875 0.1078125
0 0.42265625 0.1328125 0.1125 0.096875
0 0.74921875 0.27890625 0.115625 0.08125
0 0.15546875 0.74921875 0.1265625 0.0796875
0 0.6546875 0.52421875 0.125 0.084375
0 0.30859375 0.18671875 0.115625 0.1