0 0.5421875 0.12265625 0.1546875 0.140625
0 0.38671875 0.10703125 0.165625 0.146875
0 0.38984375 0.34921875 0.140625 0.10625
0 0.3859375 0.23828125 0.1546875 0.1203125
0 0.53828125 0.24609375 0.14375 0.115625
0 0.39609375 0.4515625 0.1328125 0.09375
0 0.27421875 0.54296875 0.13125 0.08125
0 0.23359375 0.23828125 0.16875 0.121875
0 0.665625 0.25859375 0.1390625 0.1109375
0 0.653125 0.36328125 0.1296875 0.0984375
0 0.265625 0.4546875 0.1453125 0.0921875
0 0.67890625 0.1328125 0.15 0.13125
0 0.24609375 0.35859375 0.15625 0.103125
0 0.875 0.37578125 0.1265625 0.090625
0 0.3984375 0.53984375 0.125 0.08125
0 0.6296875 0.53671875 0.11875 0.08125
0 0.896875 0.28125 0.1328125 0.1
0 0.7359375 0.5359375 0.115625 0.078125
0 0.5296875 0.3625 0.13125 0.1
0 0.5265625 0.4515625 0.125 0.090625
0 0.4984375 0.86328125 0.0953125 0.059375
0 0.5203125 0.5390625 0.11875 0.08125
0 0.7875 0.2671875 0.1375 0.10625
0 0.40078125 0.6203125 0.11875 0.075
0 0.76796875 0.36484375 0.128125 0.0953125
0 0.39921875 0.815625 0.10625 0.06875
0 0.72265625 0.61171875 0.1125 0.075
0 0.64375 0.44921875 0.125 0.0859375
0 0.509375 0.68359375 0.109375 0.071875
0 0.753125 0.4515625 0.11875 0.084375
0 0.80234375 0.14921875 0.1390625 0.128125
0 0.70625 0.67421875 0.10625 0.0703125
0 0.515625 0.61953125 0.1109375 0.075
0 0.21484375 0.103125 0.1875 0.14375
0 0.40234375 0.6875 0.1125 0.0734375
0 0.85078125 0.45859375 0.121875 0.084375
0 0.30546875 0.83125 0.1078125 0.05625
0 0.8140625 0.61171875 0.1078125 0.071875
0 0.61171875 0.678125 0.10625 0.0671875
0 0.296875 0.76796875 0.1125 0.0671875
0 0.4015625 0.87421875 0.096875 0.059375
0 0.921875 0.17265625 0.134375 0.115625
0 0.590625 0.79375 0.0953125 0.0625
0 0.83125 0.53828125 0.109375 0.075
0 0.4984375 0.91171875 0.0875 0.05625
0 0.5875 0.85 0.090625 0.0625
0 0.79296875 0.67578125 0.1 0.071875
0 0.28203125 0.69375 0.128125 0.078125
0 0.5046875 0.8046875 0.1 0.0640625
0 0.50234375 0.7484375 0.1 0.0625
0 0.6015625 0.73515625 0.103125 0.0625
0 0.3109375 0.88125 0.1015625 0.05625
0 0.6875 0.7359375 0.096875 0.0578125
0 0.61640625 0.61328125 0.1125 0.0703125
0 0.40859375 0.9265625 0.09375 0.059375
0 0.6828125 0.7875 0.084375 0.05625
0 0.58046875 0.9 0.084375 0.053125
0 0.3078125 0.9328125 0.1015625 0.0703125
0 0.27734375 0.61875 0.134375 0.0796875
0 0.4015625 0.7578125 0.109375 0.078125
0 0.66796875 0.840625 0.1 0.06875
0 0.659375 0.88828125 0.09375 0.059375
0 0.7734375 0.73515625 0.109375 0.0703125
0 0.75859375 0.78515625 0.10625 0.065625
0 0.7453125 0.8359375 0.096875 0.0625
0 0.73671875 0.8765625 0.09375 0.065625