0 0.7890625 0.2734375 0.30703125 0.1671875
0 0.78515625 0.42890625 0.3046875 0.159375
0 0.12265625 0.590625 0.13828125 0.178125
0 0.78046875 0.85703125 0.2890625 0.17421875
0 0.28828125 0.56171875 0.21796875 0.13359375
0 0.7875 0.58203125 0.30234375 0.1625
0 0.12109375 0.75859375 0.1390625 0.175
0 0.29375 0.79921875 0.2234375 0.159375
0 0.5234375 0.6953125 0.2546875 0.15625
0 0.778125 0.71328125 0.2921875 0.171875
0 0.2828125 0.2984375 0.221875 0.13984375
0 0.51796875 0.28828125 0.2484375 0.153125
0 0.2984375 0.67734375 0.2171875 0.13515625
0 0.51640625 0.825 0.246875 0.1703125
0 0.52265625 0.56875 0.2375 0.1484375
0 0.1203125 0.4234375 0.1390625 0.178125
0 0.51875 0.43359375 0.2421875 0.14140625
0 0.28671875 0.4359375 0.2203125 0.1328125
0 0.115625 0.2515625 0.13203125 0.17890625
0 0.790625 0.13125 0.30390625 0.1671875
0 0.29609375 0.178125 0.2203125 0.140625
0 0.51953125 0.15234375 0.25234375 0.16953125