0 0.83046875 0.346875 0.0703125 0.1171875
0 0.8359375 0.56953125 0.075 0.11640625
0 0.2875 0.36953125 0.115625 0.078125
0 0.7359375 0.37109375 0.11015625 0.07578125
0 0.6359375 0.825 0.1140625 0.078125
0 0.40390625 0.4484375 0.11484375 0.07578125
0 0.2859375 0.7546875 0.11953125 0.0796875
0 0.51640625 0.4484375 0.109375 0.07421875
0 0.515625 0.371875 0.109375 0.07578125
0 0.28671875 0.5953125 0.11875 0.07578125
0 0.28984375 0.4484375 0.115625 0.07578125
0 0.4046875 0.67265625 0.115625 0.07578125
0 0.6296875 0.5921875 0.1140625 0.075
0 0.8265625 0.46171875 0.071875 0.109375
0 0.2890625 0.52578125 0.1171875 0.075
0 0.171875 0.36796875 0.11640625 0.07890625
0 0.73828125 0.52421875 0.1109375 0.071875
0 0.628125 0.5234375 0.11015625 0.0734375
0 0.40234375 0.52734375 0.11640625 0.075
0 0.84140625 0.68203125 0.07421875 0.1171875
0 0.628125 0.66875 0.115625 0.0765625
0 0.40390625 0.3703125 0.11484375 0.0765625
0 0.73203125 0.44765625 0.1109375 0.07265625
0 0.17265625 0.44765625 0.11875 0.0765625
0 0.17421875 0.83671875 0.11875 0.0796875
0 0.171875 0.52578125 0.11875 0.0765625
0 0.62421875 0.44765625 0.11171875 0.0734375
0 0.5171875 0.59296875 0.109375 0.07421875
0 0.5203125 0.6703125 0.1125 0.07578125
0 0.5171875 0.52421875 0.1109375 0.0734375
0 0.2921875 0.83515625 0.11875 0.08359375
0 0.521875 0.7484375 0.11484375 0.07734375
0 0.4046875 0.59453125 0.1171875 0.0765625
0 0.6265625 0.3703125 0.109375 0.075
0 0.63359375 0.746875 0.11640625 0.07734375
0 0.40703125 0.83125 0.11875 0.078125
0 0.74375 0.59140625 0.1140625 0.07421875
0 0.28515625 0.67421875 0.11953125 0.07734375
0 0.16796875 0.596875 0.11953125 0.0765625
0 0.75078125 0.82421875 0.11328125 0.07734375
0 0.40546875 0.7515625 0.11796875 0.07734375
0 0.5234375 0.82890625 0.1140625 0.08046875
0 0.746875 0.66796875 0.11328125 0.075
0 0.171875 0.6765625 0.1171875 0.0796875
0 0.8421875 0.79921875 0.07734375 0.12109375
0 0.746875 0.7453125 0.11328125 0.078125
0 0.17265625 0.75625 0.1171875 0.08046875
0 0.7125 0.31328125 0.15546875 0.05234375
0 0.37890625 0.309375 0.1625 0.0578125
0 0.203125 0.3078125 0.16953125 0.05625
0 0.54453125 0.309375 0.175 0.05546875