0 0.7 0.83515625 0.1671875 0.2390625
0 0.54375 0.8296875 0.1546875 0.2265625
0 0.39453125 0.83046875 0.1390625 0.225
0 0.84453125 0.6046875 0.1796875 0.21875
0 0.67265625 0.41640625 0.14765625 0.19296875
0 0.2734375 0.61875 0.12578125 0.1890625
0 0.2890625 0.2796875 0.11953125 0.165625
0 0.396875 0.4359375 0.1296875 0.1828125
0 0.67890625 0.60859375 0.16328125 0.2078125
0 0.13671875 0.81640625 0.125 0.20546875
0 0.16328125 0.4484375 0.11484375 0.171875
0 0.3953125 0.61875 0.13359375 0.196875
0 0.53828125 0.62109375 0.14453125 0.2
0 0.53125 0.25625 0.13203125 0.17890625
0 0.26015625 0.82421875 0.13046875 0.21875
0 0.14765625 0.625 0.1140625 0.18359375
0 0.28125 0.44296875 0.12265625 0.17421875
0 0.66328125 0.2328125 0.14296875 0.18203125
0 0.5328125 0.428125 0.13671875 0.1859375
0 0.40078125 0.271875 0.12109375 0.17109375
0 0.86640625 0.83671875 0.1875 0.24453125
0 0.8015625 0.2203125 0.15390625 0.1953125
0 0.8171875 0.40703125 0.16484375 0.2015625
0 0.16484375 0.284375 0.11796875 0.1625