0 0.56484375 0.2703125 0.0921875 0.146875
0 0.46875 0.4578125 0.109375 0.115625
0 0.57265625 0.5109375 0.1125 0.115625
0 0.5703125 0.86484375 0.1140625 0.1203125
0 0.396875 0.696875 0.090625 0.146875
0 0.6828125 0.51171875 0.115625 0.11875
0 0.140625 0.6921875 0.090625 0.146875
0 0.36015625 0.5671875 0.1109375 0.115625
0 0.39453125 0.84375 0.090625 0.146875
0 0.4671875 0.340625 0.1125 0.1171875
0 0.3609375 0.45625 0.109375 0.115625
0 0.6765625 0.7515625 0.1171875 0.1203125
0 0.79921875 0.51875 0.1234375 0.1171875
0 0.4734375 0.7046875 0.084375 0.14375
0 0.6546875 0.26328125 0.090625 0.153125
0 0.67890625 0.634375 0.11875 0.1171875
0 0.46875 0.571875 0.109375 0.11875
0 0.47265625 0.84375 0.084375 0.146875
0 0.36015625 0.3390625 0.1078125 0.11875
0 0.31171875 0.69609375 0.0875 0.146875
0 0.571875 0.6265625 0.1140625 0.115625
0 0.5734375 0.39375 0.1140625 0.11875
0 0.4703125 0.2265625 0.1109375 0.11875
0 0.3671875 0.221875 0.109375 0.11875
0 0.2265625 0.6953125 0.084375 0.146875
0 0.25390625 0.5640625 0.1109375 0.115625
0 0.6796875 0.39921875 0.115625 0.11875
0 0.25859375 0.22578125 0.109375 0.115625
0 0.25546875 0.45234375 0.1078125 0.103125
0 0.57109375 0.746875 0.1140625 0.11875
0 0.6578125 0.11953125 0.0890625 0.15
0 0.25546875 0.34140625 0.109375 0.115625
0 0.15078125 0.3234375 0.1125 0.11875
0 0.15 0.440625 0.1125 0.115625
0 0.13984375 0.8359375 0.0875 0.14375
0 0.15 0.5609375 0.1125 0.115625
0 0.36875 0.1078125 0.109375 0.11875
0 0.1515625 0.215625 0.1109375 0.1
0 0.56796875 0.11875 0.0921875 0.15
0 0.47109375 0.10703125 0.1140625 0.1203125
0 0.3078125 0.83828125 0.0875 0.14375
0 0.68046875 0.86640625 0.115625 0.11875
0 0.2234375 0.8421875 0.0875 0.14375
0 0.75546875 0.278125 0.11875 0.11875
0 0.7984375 0.4 0.121875 0.11875
0 0.79453125 0.6375 0.11875 0.121875
0 0.746875 0.1390625 0.0953125 0.1515625
0 0.79375 0.75390625 0.115625 0.1125
0 0.784375 0.86171875 0.103125 0.109375
0 0.2625 0.11171875 0.1125 0.11875
0 0.159375 0.11015625 0.1125 0.11875