0 0.16953125 0.22421875 0.08671875 0.1015625
0 0.828125 0.2 0.1640625 0.1421875
0 0.8578125 0.384375 0.09375 0.24140625
0 0.51015625 0.57890625 0.06875 0.1921875
0 0.509375 0.3828125 0.06875 0.20390625
0 0.2515625 0.365625 0.0546875 0.184375
0 0.4390625 0.375 0.065625 0.19765625
0 0.315625 0.36796875 0.06171875 0.1875
0 0.8328125 0.8578125 0.0921875 0.23515625
0 0.58671875 0.59140625 0.0734375 0.2078125
0 0.26171875 0.22421875 0.09921875 0.11015625
0 0.66484375 0.81328125 0.07734375 0.21875
0 0.5796875 0.3796875 0.07421875 0.21328125
0 0.584375 0.796875 0.07109375 0.20703125
0 0.67109375 0.38125 0.08125 0.22578125
0 0.85 0.62890625 0.090625 0.23984375
0 0.203125 0.36328125 0.0515625 0.18046875
0 0.37109375 0.371875 0.06015625 0.190625
0 0.51875 0.21484375 0.1265625 0.12109375
0 0.3828125 0.22265625 0.1109375 0.11484375
0 0.66796875 0.60234375 0.0796875 0.2234375
0 0.7625 0.384375 0.08984375 0.23515625
0 0.4453125 0.57265625 0.06484375 0.19453125
0 0.2078125 0.53828125 0.05078125 0.17265625
0 0.14921875 0.36015625 0.05078125 0.17578125
0 0.446875 0.76640625 0.06328125 0.19765625
0 0.75625 0.61171875 0.0859375 0.22734375
0 0.3765625 0.55859375 0.0609375 0.1875
0 0.65390625 0.21015625 0.1453125 0.134375
0 0.31640625 0.55546875 0.05859375 0.18203125
0 0.37265625 0.74765625 0.059375 0.18515625
0 0.74609375 0.840625 0.08203125 0.225
0 0.509375 0.778125 0.065625 0.196875
0 0.1515625 0.52890625 0.04921875 0.1703125
0 0.2578125 0.54609375 0.05546875 0.171875
0 0.31796875 0.72890625 0.05703125 0.1828125
0 0.2578125 0.71875 0.05390625 0.178125
0 0.209375 0.70625 0.0515625 0.16796875
0 0.1546875 0.690625 0.05078125 0.16171875