0 0.68984375 0.4609375 0.246875 0.109375
0 0.69453125 0.35390625 0.253125 0.115625
0 0.684375 0.56015625 0.234375 0.1015625
0 0.68046875 0.6609375 0.228125 0.0984375
0 0.4515625 0.34921875 0.228125 0.1078125
0 0.4609375 0.121875 0.2484375 0.13125
0 0.72578125 0.1125 0.29375 0.1375
0 0.7 0.2375 0.259375 0.125
0 0.67109375 0.9328125 0.225 0.1109375
0 0.45 0.23671875 0.2375 0.115625
0 0.6765625 0.8484375 0.23125 0.0875
0 0.45625 0.65 0.215625 0.090625
0 0.45546875 0.553125 0.21875 0.09375
0 0.4546875 0.45234375 0.221875 0.1
0 0.45546875 0.8359375 0.20625 0.084375
0 0.6765625 0.75859375 0.225 0.09375
0 0.45546875 0.746875 0.209375 0.09375
0 0.45859375 0.91953125 0.20625 0.0859375