0 0.54453125 0.42578125 0.14375 0.05
0 0.44453125 0.81328125 0.0921875 0.09375
0 0.44140625 0.64609375 0.0890625 0.084375
0 0.61171875 0.565625 0.08984375 0.0828125
0 0.525 0.4890625 0.090625 0.08359375
0 0.43984375 0.4890625 0.08828125 0.08359375
0 0.621875 0.8125 0.09609375 0.0890625
0 0.6984375 0.6453125 0.08828125 0.0859375
0 0.534375 0.728125 0.08984375 0.084375
0 0.61171875 0.64609375 0.09296875 0.08828125
0 0.60546875 0.48828125 0.08359375 0.084375
0 0.44296875 0.56640625 0.0859375 0.0796875
0 0.096875 0.8140625 0.0921875 0.090625
0 0.5265625 0.6453125 0.090625 0.08515625
0 0.52734375 0.5640625 0.09296875 0.08125
0 0.27109375 0.6484375 0.0921875 0.08515625
0 0.71171875 0.8125 0.09609375 0.0890625
0 0.190625 0.56953125 0.0859375 0.07734375
0 0.2703125 0.81328125 0.09453125 0.0875
0 0.18671875 0.490625 0.09140625 0.08203125
0 0.44609375 0.7265625 0.0859375 0.08515625
0 0.1828125 0.8125 0.09140625 0.0875
0 0.6203125 0.72890625 0.09609375 0.08828125
0 0.184375 0.73515625 0.08671875 0.08515625
0 0.27109375 0.728125 0.0859375 0.084375
0 0.70859375 0.728125 0.096875 0.0875
0 0.35390625 0.646875 0.0875 0.08515625
0 0.103125 0.36640625 0.08359375 0.07734375
0 0.35546875 0.8109375 0.0875 0.08515625
0 0.5328125 0.81328125 0.09296875 0.09296875
0 0.18515625 0.6484375 0.0953125 0.08515625
0 0.35859375 0.728125 0.090625 0.0859375
0 0.4421875 0.36328125 0.08359375 0.078125
0 0.8171875 0.43203125 0.12109375 0.0578125
0 0.10078125 0.5703125 0.08671875 0.078125
0 0.26875 0.428125 0.140625 0.0484375
0 0.09921875 0.7296875 0.08984375 0.08203125
0 0.68515625 0.4234375 0.14375 0.05
0 0.18515625 0.36640625 0.08671875 0.078125
0 0.27578125 0.56875 0.084375 0.07890625
0 0.275 0.3640625 0.09375 0.07890625
0 0.3546875 0.490625 0.0890625 0.0859375
0 0.0984375 0.65 0.08984375 0.08515625
0 0.69453125 0.5640625 0.0921875 0.08125
0 0.3546875 0.36328125 0.084375 0.07734375
0 0.096875 0.49375 0.09453125 0.08515625
0 0.35546875 0.56796875 0.08515625 0.07890625
0 0.40546875 0.42734375 0.1421875 0.04921875
0 0.6953125 0.48515625 0.08984375 0.07734375
0 0.271875 0.490625 0.090625 0.0828125
0 0.13203125 0.43125 0.13984375 0.04921875
0 0.69453125 0.3671875 0.08984375 0.06484375
0 0.60703125 0.3625 0.08359375 0.07734375
0 0.52734375 0.3625 0.08671875 0.07890625
0 0.82734375 0.72890625 0.15234375 0.05625
0 0.81484375 0.37265625 0.1203125 0.06015625
0 0.81015625 0.4828125 0.1453125 0.04765625
0 0.81015625 0.53125 0.14921875 0.05234375
0 0.8125 0.5796875 0.15078125 0.0515625
0 0.81875 0.62890625 0.15234375 0.0546875
0 0.82265625 0.67890625 0.15390625 0.05703125
0 0.8296875 0.7796875 0.15625 0.05625
0 0.83125 0.8296875 0.15390625 0.05703125