0 0.51875 0.559375 0.06171875 0.20625
0 0.5671875 0.35078125 0.06015625 0.19453125
0 0.5765625 0.55078125 0.059375 0.20078125
0 0.621875 0.35078125 0.05625 0.1921875
0 0.6828125 0.35 0.05546875 0.1875
0 0.4328125 0.18359375 0.1171875 0.13359375
0 0.45234375 0.5703125 0.0625 0.21640625
0 0.30703125 0.16875 0.1328125 0.14375
0 0.44296875 0.35390625 0.06328125 0.2125
0 0.3125 0.8046875 0.07578125 0.2359375
0 0.646875 0.19453125 0.096875 0.11796875
0 0.54375 0.190625 0.10703125 0.12109375
0 0.38125 0.56875 0.06796875 0.21640625
0 0.503125 0.35234375 0.06484375 0.20546875
0 0.2296875 0.8140625 0.07890625 0.24375
0 0.13203125 0.3375 0.09296875 0.24921875
0 0.37265625 0.34609375 0.0703125 0.21796875
0 0.58203125 0.7453125 0.06171875 0.21015625
0 0.38203125 0.78828125 0.07109375 0.22890625
0 0.2296875 0.58046875 0.0828125 0.23671875
0 0.16640625 0.15390625 0.1453125 0.14921875
0 0.30390625 0.3484375 0.07734375 0.2265625
0 0.740625 0.34453125 0.0546875 0.1875
0 0.45234375 0.77578125 0.0625 0.2203125
0 0.140625 0.834375 0.0875 0.24765625
0 0.221875 0.3421875 0.0828125 0.2359375
0 0.521875 0.76015625 0.06171875 0.2171875
0 0.734375 0.20390625 0.08828125 0.10859375
0 0.31015625 0.571875 0.07578125 0.234375
0 0.640625 0.54453125 0.059375 0.1921875
0 0.74453125 0.53359375 0.05390625 0.18828125
0 0.13671875 0.5828125 0.0984375 0.26015625
0 0.64453125 0.734375 0.06796875 0.2046875
0 0.68984375 0.540625 0.0484375 0.1921875
0 0.78984375 0.34375 0.05390625 0.18828125
0 0.75390625 0.715625 0.0515625 0.1921875
0 0.7984375 0.5265625 0.06171875 0.1734375
0 0.6953125 0.72109375 0.06640625 0.2
0 0.8 0.70078125 0.06640625 0.20234375