0 0.4953125 0.46796875 0.121875 0.21875
0 0.72578125 0.66796875 0.1234375 0.2
0 0.6109375 0.859375 0.1078125 0.1796875
0 0.5359375 0.23671875 0.084375 0.23125
0 0.378125 0.48046875 0.140625 0.2125
0 0.5109375 0.85390625 0.1015625 0.1734375
0 0.84296875 0.446875 0.1375 0.2375
0 0.72734375 0.45078125 0.128125 0.2375
0 0.7265625 0.86328125 0.11875 0.1875
0 0.60703125 0.6703125 0.115625 0.2015625
0 0.609375 0.2296875 0.0875 0.228125
0 0.50703125 0.67265625 0.1125 0.19375
0 0.459375 0.24140625 0.0875 0.2296875
0 0.6109375 0.45625 0.125 0.2375
0 0.83984375 0.665625 0.140625 0.2015625
0 0.36015625 0.253125 0.134375 0.2609375
0 0.41953125 0.85 0.1015625 0.16875
0 0.6890625 0.225 0.096875 0.228125
0 0.403125 0.6734375 0.1140625 0.1875
0 0.2703125 0.246875 0.096875 0.2578125
0 0.3359375 0.8515625 0.0828125 0.165625
0 0.17734375 0.25625 0.121875 0.25
0 0.3140625 0.67890625 0.078125 0.1875
0 0.86171875 0.2140625 0.1390625 0.2359375
0 0.771875 0.21796875 0.1 0.234375
0 0.83984375 0.86796875 0.13125 0.2
0 0.290625 0.48359375 0.103125 0.2140625
0 0.21484375 0.484375 0.115625 0.221875
0 0.24375 0.67734375 0.10625 0.190625
0 0.25859375 0.8515625 0.096875 0.178125