0 0.5609375 0.5078125 0.128125 0.11875
0 0.68125 0.50546875 0.11640625 0.11484375
0 0.55703125 0.61484375 0.125 0.1171875
0 0.55390625 0.38671875 0.125 0.121875
0 0.5515625 0.725 0.12421875 0.11640625
0 0.40703125 0.378125 0.1609375 0.10078125
0 0.4125 0.471875 0.1625 0.0984375
0 0.22578125 0.365625 0.17578125 0.10703125
0 0.23046875 0.46484375 0.1796875 0.1046875
0 0.2328125 0.5640625 0.1734375 0.1015625
0 0.79140625 0.49921875 0.109375 0.11171875
0 0.4046875 0.65234375 0.159375 0.09375
0 0.24140625 0.746875 0.16875 0.09375
0 0.41484375 0.5609375 0.16328125 0.09609375
0 0.40859375 0.74140625 0.15703125 0.09453125
0 0.23515625 0.6578125 0.1703125 0.09921875
0 0.7953125 0.39609375 0.11015625 0.1125
0 0.68046875 0.3875 0.1203125 0.11796875
0 0.790625 0.60625 0.1171875 0.11015625
0 0.6765625 0.60625 0.115625 0.11328125
0 0.675 0.7171875 0.12734375 0.11328125
0 0.79140625 0.71015625 0.11953125 0.1109375