0 0.86328125 0.3875 0.2 0.10234375
0 0.871875 0.28125 0.20625 0.103125
0 0.66015625 0.72734375 0.1640625 0.1234375
0 0.50703125 0.52109375 0.15078125 0.07890625
0 0.50859375 0.6125 0.1453125 0.1171875
0 0.678125 0.1640625 0.18125 0.11953125
0 0.3671875 0.43984375 0.1390625 0.0796875
0 0.36796875 0.5171875 0.1375 0.07578125
0 0.225 0.29140625 0.13125 0.08359375
0 0.51171875 0.353125 0.15625 0.0890625
0 0.85703125 0.46875 0.19140625 0.09453125
0 0.66484375 0.62578125 0.16953125 0.11875
0 0.50625 0.43828125 0.153125 0.084375
0 0.509375 0.71796875 0.14140625 0.109375
0 0.87734375 0.1796875 0.2109375 0.12734375
0 0.671875 0.52265625 0.171875 0.08515625
0 0.3734375 0.6046875 0.1328125 0.11015625
0 0.675 0.440625 0.1765625 0.08828125
0 0.23046875 0.36484375 0.1328125 0.08046875
0 0.67109375 0.34921875 0.1734375 0.0953125
0 0.36015625 0.35390625 0.140625 0.0953125
0 0.840625 0.5578125 0.1859375 0.09609375
0 0.5109375 0.259375 0.159375 0.10703125
0 0.5125 0.16171875 0.15859375 0.10234375
0 0.35390625 0.2640625 0.1453125 0.09296875
0 0.2578125 0.69296875 0.12109375 0.0984375
0 0.353125 0.1828125 0.14765625 0.09375
0 0.2375 0.4421875 0.12890625 0.07421875
0 0.67734375 0.26015625 0.18046875 0.10234375
0 0.24375 0.515625 0.1234375 0.0734375
0 0.834375 0.7421875 0.1859375 0.12734375
0 0.21640625 0.19921875 0.134375 0.1109375
0 0.2484375 0.59453125 0.1234375 0.10234375
0 0.3765625 0.70234375 0.1296875 0.1015625
0 0.371875 0.79140625 0.10234375 0.1046875
0 0.0984375 0.29453125 0.121875 0.0796875
0 0.284375 0.78203125 0.0859375 0.0953125
0 0.109375 0.365625 0.11171875 0.0734375
0 0.146875 0.67734375 0.11171875 0.0953125
0 0.47421875 0.80859375 0.11328125 0.11328125
0 0.08671875 0.20703125 0.134375 0.11015625
0 0.11796875 0.4375 0.12421875 0.07578125
0 0.12578125 0.503125 0.1234375 0.07421875
0 0.13828125 0.58671875 0.12265625 0.10625
0 0.1703125 0.7609375 0.11328125 0.09609375
0 0.58125 0.82578125 0.1203125 0.1234375
0 0.7 0.8421875 0.13359375 0.12109375
0 0.83125 0.85625 0.16015625 0.13046875
0 0.8359375 0.646875 0.18984375 0.11015625