0 0.41875 0.46875 0.06171875 0.18203125
0 0.2953125 0.47265625 0.06015625 0.17734375
0 0.3546875 0.471875 0.06171875 0.18046875
0 0.61015625 0.4640625 0.06875 0.1921875
0 0.5515625 0.66015625 0.06484375 0.19921875
0 0.8359375 0.45703125 0.07734375 0.203125
0 0.68359375 0.4625 0.06953125 0.1953125
0 0.23125 0.659375 0.06015625 0.1859375
0 0.6140625 0.66015625 0.06796875 0.2
0 0.29453125 0.65390625 0.059375 0.18828125
0 0.28125 0.8546875 0.06015625 0.19375
0 0.17265625 0.6578125 0.05859375 0.184375
0 0.76875 0.875 0.0734375 0.21171875
0 0.759375 0.45859375 0.07421875 0.2
0 0.79453125 0.3046875 0.12890625 0.1140625
0 0.47890625 0.46796875 0.06328125 0.1875
0 0.1578125 0.840625 0.0640625 0.19296875
0 0.16328125 0.475 0.06015625 0.1734375
0 0.3546875 0.6578125 0.0640625 0.190625
0 0.4171875 0.6609375 0.059375 0.19453125
0 0.54609375 0.4671875 0.0671875 0.18828125
0 0.3484375 0.85546875 0.0625 0.19765625
0 0.19140625 0.340625 0.103125 0.1
0 0.690625 0.87265625 0.07265625 0.21015625
0 0.840625 0.665625 0.08125 0.2078125
0 0.61875 0.8671875 0.0734375 0.2140625
0 0.6671875 0.3125 0.11796875 0.1125
0 0.7640625 0.665625 0.075 0.203125
0 0.41171875 0.328125 0.10234375 0.103125
0 0.47890625 0.86484375 0.065625 0.2015625
0 0.23203125 0.47890625 0.059375 0.17734375
0 0.221875 0.84453125 0.0609375 0.1890625
0 0.29609375 0.3328125 0.1046875 0.0984375
0 0.41640625 0.85546875 0.06171875 0.20078125
0 0.55078125 0.86640625 0.0703125 0.2046875
0 0.48359375 0.6609375 0.0703125 0.19296875
0 0.6890625 0.6640625 0.0734375 0.20234375
0 0.8515625 0.88203125 0.084375 0.221875
0 0.5546875 0.32109375 0.10859375 0.10703125