0 0.53125 0.41875 0.18125 0.0625
0 0.52734375 0.2953125 0.178125 0.059375
0 0.528125 0.3546875 0.18125 0.0625
0 0.5359375 0.61015625 0.1921875 0.06875
0 0.33984375 0.5515625 0.2 0.065625
0 0.54296875 0.8359375 0.203125 0.078125
0 0.5375 0.68359375 0.1953125 0.06875
0 0.340625 0.23125 0.1859375 0.059375
0 0.33984375 0.6140625 0.2 0.06875
0 0.34609375 0.29453125 0.1875 0.059375
0 0.1453125 0.28125 0.19375 0.059375
0 0.3421875 0.17265625 0.184375 0.059375
0 0.125 0.76875 0.2125 0.0734375
0 0.54140625 0.759375 0.2 0.075
0 0.6953125 0.79453125 0.1140625 0.1296875
0 0.53203125 0.47890625 0.1875 0.0625
0 0.159375 0.1578125 0.19375 0.0640625
0 0.525 0.16328125 0.1734375 0.059375
0 0.3421875 0.3546875 0.190625 0.0640625
0 0.3390625 0.4171875 0.19375 0.059375
0 0.5328125 0.54609375 0.1875 0.0671875
0 0.14453125 0.3484375 0.196875 0.0625
0 0.659375 0.19140625 0.1 0.103125
0 0.12734375 0.690625 0.209375 0.0734375
0 0.334375 0.840625 0.2078125 0.08125
0 0.1328125 0.61875 0.2140625 0.0734375
0 0.6875 0.6671875 0.1125 0.11875
0 0.334375 0.7640625 0.203125 0.075
0 0.671875 0.41171875 0.103125 0.103125
0 0.13515625 0.47890625 0.2015625 0.065625
0 0.52109375 0.23203125 0.178125 0.059375
0 0.15546875 0.221875 0.1890625 0.0609375
0 0.6671875 0.29609375 0.0984375 0.1046875
0 0.14453125 0.41640625 0.2 0.0625
0 0.13359375 0.55078125 0.2046875 0.0703125
0 0.3390625 0.48359375 0.19375 0.0703125
0 0.3359375 0.6890625 0.203125 0.0734375
0 0.11796875 0.8515625 0.221875 0.084375
0 0.67890625 0.5546875 0.10625 0.109375