0 0.87421875 0.3875 0.1484375 0.109375
0 0.73359375 0.45625 0.14375 0.128125
0 0.75390625 0.1578125 0.159375 0.1640625
0 0.3171875 0.15078125 0.1546875 0.159375
0 0.6 0.453125 0.13125 0.1296875
0 0.61015625 0.165625 0.153125 0.165625
0 0.4609375 0.15859375 0.15 0.1671875
0 0.89140625 0.27734375 0.1484375 0.1125
0 0.4671875 0.31953125 0.140625 0.1484375
0 0.590625 0.5734375 0.13125 0.115625
0 0.9046875 0.14765625 0.1578125 0.13125
0 0.46640625 0.6875 0.121875 0.10625
0 0.57734375 0.7609375 0.121875 0.084375
0 0.21484375 0.60546875 0.134375 0.09375
0 0.33359375 0.44765625 0.1375 0.134375
0 0.7484375 0.321875 0.1546875 0.14375
0 0.22265625 0.69921875 0.128125 0.0875
0 0.1625 0.13984375 0.15625 0.125
0 0.34140625 0.56484375 0.1328125 0.1
0 0.8265625 0.6734375 0.13125 0.0921875
0 0.8140625 0.7671875 0.13125 0.0828125
0 0.19609375 0.39140625 0.140625 0.1375
0 0.209375 0.50703125 0.134375 0.096875
0 0.6078125 0.31796875 0.146875 0.146875
0 0.58203125 0.6765625 0.125 0.0828125
0 0.18828125 0.265625 0.1484375 0.115625
0 0.71484375 0.5765625 0.1375 0.1203125
0 0.32890625 0.3109375 0.146875 0.1484375
0 0.34765625 0.76953125 0.1203125 0.10625
0 0.859375 0.490625 0.14375 0.1
0 0.346875 0.66875 0.125 0.0953125
0 0.2296875 0.78515625 0.1234375 0.0796875
0 0.70234375 0.76484375 0.125 0.084375
0 0.46328125 0.784375 0.115625 0.08125
0 0.4671875 0.45546875 0.134375 0.125
0 0.34765625 0.87421875 0.11875 0.096875
0 0.46640625 0.871875 0.115625 0.0953125
0 0.70859375 0.678125 0.134375 0.084375
0 0.2328125 0.87578125 0.1234375 0.096875
0 0.84375 0.58671875 0.134375 0.090625
0 0.5625 0.8703125 0.0875 0.13125
0 0.65 0.8671875 0.0828125 0.128125
0 0.4640625 0.57890625 0.1265625 0.11875
0 0.73515625 0.86640625 0.090625 0.125
0 0.815625 0.8671875 0.1 0.11875