0 0.24921875 0.7046875 0.0890625 0.11328125
0 0.26171875 0.24765625 0.09140625 0.12578125
0 0.3390625 0.7046875 0.0859375 0.1125
0 0.86328125 0.278125 0.08125 0.11640625
0 0.15234375 0.48046875 0.09296875 0.11796875
0 0.42578125 0.48984375 0.08359375 0.1109375
0 0.35078125 0.25859375 0.0875 0.12421875
0 0.42890625 0.70390625 0.0828125 0.1125
0 0.15234375 0.70625 0.09140625 0.1140625
0 0.4421875 0.26171875 0.0859375 0.125
0 0.521875 0.3796875 0.08359375 0.115625
0 0.5984375 0.38359375 0.08125 0.11328125
0 0.16171875 0.3640625 0.09453125 0.12109375
0 0.94140625 0.2796875 0.0796875 0.1140625
0 0.15625 0.59296875 0.09296875 0.115625
0 0.5875 0.80859375 0.08125 0.109375
0 0.8375 0.59453125 0.08046875 0.10703125
0 0.83515625 0.6984375 0.07890625 0.10703125
0 0.53125 0.2671875 0.08515625 0.12265625
0 0.0578125 0.92421875 0.0921875 0.1109375
0 0.34609375 0.3703125 0.0875 0.11875
0 0.06484375 0.70234375 0.09453125 0.11484375
0 0.06015625 0.81484375 0.09296875 0.11328125
0 0.2546875 0.36796875 0.09140625 0.11953125
0 0.2453125 0.484375 0.08828125 0.1140625
0 0.4234375 0.81171875 0.08203125 0.10546875
0 0.43515625 0.37265625 0.08515625 0.11640625
0 0.25078125 0.59296875 0.08671875 0.11484375
0 0.5046875 0.81015625 0.08046875 0.1078125
0 0.0625 0.4734375 0.09375 0.12109375
0 0.6765625 0.49453125 0.08125 0.1078125
0 0.3375 0.48671875 0.08828125 0.1140625
0 0.86015625 0.3890625 0.0796875 0.109375
0 0.61015625 0.265625 0.08203125 0.1171875
0 0.15234375 0.8140625 0.0890625 0.1125
0 0.5109375 0.69765625 0.08125 0.11171875
0 0.771875 0.38515625 0.08359375 0.11171875
0 0.334375 0.81171875 0.08359375 0.109375
0 0.340625 0.590625 0.0875 0.11171875
0 0.58125 0.909375 0.08046875 0.1046875
0 0.9328125 0.496875 0.0796875 0.10859375
0 0.24765625 0.8109375 0.08828125 0.11015625
0 0.1671875 0.24453125 0.09140625 0.1265625
0 0.759375 0.48984375 0.084375 0.1109375
0 0.93828125 0.38359375 0.08203125 0.1078125
0 0.59375 0.48671875 0.08359375 0.10546875
0 0.75546875 0.809375 0.078125 0.1046875
0 0.06328125 0.590625 0.0953125 0.115625
0 0.7625 0.59375 0.07890625 0.1078125
0 0.6828125 0.38515625 0.08359375 0.11171875
0 0.69609375 0.271875 0.08125 0.11796875
0 0.4234375 0.59140625 0.08203125 0.1078125
0 0.91171875 0.80078125 0.08046875 0.10390625
0 0.596875 0.59609375 0.07890625 0.1078125
0 0.8296875 0.803125 0.07890625 0.103125
0 0.85546875 0.49296875 0.08125 0.11015625
0 0.67265625 0.80859375 0.08046875 0.1046875
0 0.7609375 0.70078125 0.08046875 0.10625
0 0.2375 0.91640625 0.0859375 0.10703125
0 0.6765625 0.596875 0.0796875 0.10859375
0 0.7796875 0.271875 0.08046875 0.1171875
0 0.6640625 0.90625 0.078125 0.1046875
0 0.49453125 0.9109375 0.0796875 0.10390625
0 0.3265625 0.915625 0.08203125 0.10859375
0 0.40625 0.90859375 0.08203125 0.10234375
0 0.07109375 0.2359375 0.09375 0.13046875
0 0.91640625 0.59375 0.07890625 0.10625
0 0.14765625 0.91875 0.08671875 0.11015625
0 0.06875 0.35625 0.09296875 0.121875
0 0.74375 0.90234375 0.07734375 0.10390625
0 0.59296875 0.69765625 0.07890625 0.11015625
0 0.821875 0.9046875 0.0765625 0.1015625
0 0.678125 0.7 0.0796875 0.10625
0 0.9140625 0.6984375 0.0765625 0.1078125
0 0.50703125 0.48984375 0.08359375 0.11875
0 0.50625 0.596875 0.0828125 0.096875
0 0.90234375 0.90546875 0.0828125 0.10234375