0 0.38515625 0.4953125 0.096875 0.0953125
0 0.878125 0.30390625 0.1875 0.0625
0 0.51015625 0.43515625 0.1671875 0.05625
0 0.86875 0.47890625 0.184375 0.0578125
0 0.50546875 0.3109375 0.178125 0.0609375
0 0.87109375 0.42265625 0.1859375 0.059375
0 0.5171875 0.79765625 0.159375 0.05
0 0.6828125 0.75625 0.1625 0.05
0 0.5171875 0.6984375 0.159375 0.05
0 0.878125 0.23671875 0.190625 0.065625
0 0.5171875 0.60234375 0.1625 0.0515625
0 0.51484375 0.5453125 0.1640625 0.0515625
0 0.68984375 0.30625 0.1828125 0.0625
0 0.5171875 0.65 0.1609375 0.05
0 0.68671875 0.3703125 0.1796875 0.059375
0 0.39296875 0.59296875 0.09375 0.090625
0 0.37109375 0.38359375 0.103125 0.1046875
0 0.68359375 0.48125 0.175 0.059375
0 0.3671875 0.2796875 0.1046875 0.109375
0 0.4 0.77734375 0.0875 0.08125
0 0.6828125 0.69921875 0.1625 0.0515625
0 0.68984375 0.2390625 0.1875 0.065625
0 0.5078125 0.24375 0.18125 0.0640625
0 0.68359375 0.65234375 0.165625 0.046875
0 0.5171875 0.7515625 0.159375 0.046875
0 0.51796875 0.4953125 0.1671875 0.0546875
0 0.39609375 0.68671875 0.090625 0.0875
0 0.68828125 0.42734375 0.175 0.0578125
0 0.68125 0.8015625 0.1625 0.046875
0 0.8703125 0.3609375 0.184375 0.0609375
0 0.859375 0.6546875 0.175 0.0515625
0 0.51328125 0.375 0.1703125 0.0625
0 0.8625 0.603125 0.178125 0.053125
0 0.85625 0.703125 0.171875 0.0515625
0 0.68515625 0.60078125 0.165625 0.053125
0 0.84453125 0.80625 0.16875 0.0515625
0 0.85 0.75859375 0.1703125 0.053125
0 0.6859375 0.54140625 0.16875 0.053125
0 0.86328125 0.5390625 0.18125 0.0578125