0 0.9140625 0.396875 0.11171875 0.13125
0 0.7140625 0.2765625 0.09765625 0.12734375
0 0.61875 0.2859375 0.090625 0.12578125
0 0.80703125 0.39765625 0.09921875 0.1265625
0 0.44921875 0.1765625 0.0796875 0.12109375
0 0.71640625 0.14765625 0.0953125 0.13515625
0 0.534375 0.16953125 0.084375 0.128125
0 0.92578125 0.26484375 0.11484375 0.1390625
0 0.815625 0.271875 0.1046875 0.1296875
0 0.7921875 0.7625 0.09375 0.121875
0 0.7078125 0.39921875 0.0953125 0.12421875
0 0.91015625 0.53359375 0.11015625 0.13125
0 0.5125 0.61796875 0.07890625 0.1109375
0 0.6953125 0.75234375 0.08984375 0.1171875
0 0.8203125 0.13984375 0.10390625 0.13984375
0 0.61328125 0.39921875 0.0890625 0.11953125
0 0.36640625 0.18125 0.0734375 0.115625
0 0.36484375 0.71171875 0.0703125 0.10625
0 0.53125 0.40546875 0.08046875 0.11484375
0 0.79609375 0.52578125 0.09921875 0.1265625
0 0.22421875 0.19140625 0.071875 0.109375
0 0.4453125 0.4046875 0.0796875 0.1125
0 0.5328125 0.29296875 0.084375 0.11953125
0 0.6234375 0.1609375 0.08828125 0.13359375
0 0.596875 0.63046875 0.08515625 0.115625
0 0.6875 0.85625 0.08671875 0.12109375
0 0.5234375 0.83515625 0.0765625 0.11171875
0 0.3640625 0.40625 0.0734375 0.11015625
0 0.36328125 0.5109375 0.0765625 0.103125
0 0.52890625 0.72734375 0.078125 0.11328125
0 0.37265625 0.81015625 0.0703125 0.10625
0 0.78203125 0.87421875 0.0921875 0.1234375
0 0.79453125 0.6421875 0.0953125 0.1234375
0 0.6015625 0.8421875 0.0828125 0.1140625
0 0.44453125 0.29609375 0.08125 0.11640625
0 0.1640625 0.68515625 0.065625 0.096875
0 0.8984375 0.65078125 0.10703125 0.125
0 0.93203125 0.12734375 0.1125 0.140625
0 0.6046875 0.740625 0.08125 0.11171875
0 0.22265625 0.4015625 0.06953125 0.10703125
0 0.8765625 0.88125 0.10078125 0.125
0 0.8890625 0.771875 0.1046875 0.12421875
0 0.365625 0.61328125 0.06953125 0.103125
0 0.596875 0.5171875 0.08125 0.11796875
0 0.69765625 0.6390625 0.090625 0.1203125
0 0.15078125 0.19453125 0.06796875 0.109375
0 0.684375 0.525 0.09140625 0.1203125
0 0.3625 0.29765625 0.0765625 0.1140625
0 0.4421875 0.61171875 0.075 0.10390625
0 0.29921875 0.184375 0.06953125 0.11015625
0 0.28515625 0.3 0.07265625 0.1109375
0 0.29375 0.509375 0.06953125 0.1046875
0 0.52109375 0.51796875 0.07578125 0.11015625
0 0.44375 0.72421875 0.07890625 0.1140625
0 0.23515625 0.78671875 0.06796875 0.0984375
0 0.09765625 0.5875 0.0625 0.096875
0 0.2921875 0.40703125 0.07109375 0.1078125
0 0.21875 0.30078125 0.065625 0.10859375
0 0.44140625 0.51328125 0.07421875 0.10625
0 0.2265625 0.60078125 0.06953125 0.09921875
0 0.44453125 0.82109375 0.07421875 0.10703125
0 0.3 0.603125 0.06953125 0.1015625
0 0.15703125 0.59375 0.0703125 0.096875
0 0.23203125 0.69296875 0.06875 0.0984375
0 0.0796875 0.29921875 0.065625 0.1046875
0 0.0828125 0.19609375 0.06328125 0.10625
0 0.14609375 0.30234375 0.0671875 0.10625
0 0.12265625 0.496875 0.13359375 0.1
0 0.22421875 0.5015625 0.06875 0.10234375
0 0.15 0.39765625 0.06796875 0.10390625
0 0.17109375 0.7796875 0.06796875 0.096875
0 0.0796875 0.39765625 0.07265625 0.1
0 0.30078125 0.6984375 0.06640625 0.1015625
0 0.10546875 0.68515625 0.065625 0.09375
0 0.30859375 0.79375 0.06875 0.10390625
0 0.11171875 0.771875 0.059375 0.09609375
0 0.87734375 0.97109375 0.08203125 0.0578125