0 0.22734375 0.80859375 0.075 0.0828125
0 0.15390625 0.81328125 0.0765625 0.084375
0 0.28203125 0.48203125 0.0734375 0.0765625
0 0.44609375 0.78828125 0.075 0.0796875
0 0.22421875 0.71875 0.078125 0.0875
0 0.0671875 0.48984375 0.075 0.08125
0 0.07421875 0.56640625 0.075 0.08125
0 0.1484375 0.72421875 0.075 0.0875
0 0.41875 0.4734375 0.078125 0.078125
0 0.071875 0.6453125 0.0765625 0.084375
0 0.37421875 0.78671875 0.071875 0.0765625
0 0.490625 0.54609375 0.078125 0.0796875
0 0.21796875 0.640625 0.0765625 0.084375
0 0.14609375 0.64296875 0.0734375 0.0875
0 0.21015625 0.4875 0.078125 0.084375
0 0.4828125 0.47109375 0.075 0.078125
0 0.0734375 0.8171875 0.078125 0.0875
0 0.30234375 0.80234375 0.075 0.084375
0 0.13984375 0.48828125 0.075 0.0796875
0 0.07421875 0.7265625 0.078125 0.08125
0 0.42421875 0.5484375 0.075 0.084375
0 0.3484375 0.4765625 0.071875 0.078125
0 0.49921875 0.62265625 0.075 0.0796875
0 0.29140625 0.63671875 0.078125 0.0859375
0 0.2171875 0.56171875 0.075 0.08125
0 0.515625 0.784375 0.0734375 0.078125
0 0.2875 0.55703125 0.078125 0.08125
0 0.3546875 0.55234375 0.071875 0.08125
0 0.29609375 0.71328125 0.078125 0.084375
0 0.14375 0.56328125 0.0734375 0.08125
0 0.36171875 0.63125 0.071875 0.084375
0 0.43125 0.6234375 0.075 0.078125
0 0.3671875 0.70703125 0.0796875 0.0875
0 0.43828125 0.703125 0.08125 0.0875
0 0.50625 0.69609375 0.0796875 0.0890625