0 0.42890625 0.5546875 0.09296875 0.11484375
0 0.40390625 0.80703125 0.08125 0.14296875
0 0.41015625 0.45 0.07109375 0.1015625
0 0.57265625 0.79453125 0.08203125 0.1390625
0 0.4359375 0.6734375 0.1 0.1265625
0 0.33671875 0.6734375 0.10703125 0.128125
0 0.59921875 0.6703125 0.1078125 0.121875
0 0.24921875 0.5546875 0.08671875 0.1125
0 0.6046875 0.55390625 0.08984375 0.11328125
0 0.3359375 0.45546875 0.084375 0.09921875
0 0.3578125 0.359375 0.0796875 0.0921875
0 0.4375 0.3578125 0.078125 0.08984375
0 0.2359375 0.67421875 0.10859375 0.1296875
0 0.5140625 0.3546875 0.08046875 0.09296875
0 0.5203125 0.6703125 0.065625 0.11953125
0 0.6515625 0.78828125 0.08046875 0.1375
0 0.73203125 0.78671875 0.08359375 0.13671875
0 0.3234375 0.8140625 0.08515625 0.14375
0 0.3328125 0.55859375 0.096875 0.11328125
0 0.16015625 0.55546875 0.1015625 0.11796875
0 0.521875 0.55703125 0.08671875 0.1125
0 0.546875 0.45078125 0.0671875 0.1046875
0 0.69140625 0.665625 0.0875 0.12421875
0 0.47578125 0.44765625 0.0703125 0.10234375
0 0.684375 0.4421875 0.0734375 0.103125
0 0.6921875 0.54765625 0.08984375 0.11171875
0 0.4921875 0.80078125 0.084375 0.14296875
0 0.61171875 0.4453125 0.071875 0.1015625
0 0.58828125 0.34921875 0.065625 0.09453125
0 0.253125 0.45234375 0.07421875 0.0984375
0 0.28515625 0.35625 0.0796875 0.0921875
0 0.65546875 0.34765625 0.0640625 0.09375
0 0.7734375 0.5484375 0.09375 0.1125
0 0.72578125 0.34453125 0.07890625 0.09140625
0 0.8 0.340625 0.1 0.09375
0 0.75078125 0.43984375 0.06953125 0.10078125
0 0.1765625 0.45 0.0890625 0.10859375
0 0.23125 0.81484375 0.11484375 0.14765625
0 0.20390625 0.35859375 0.08203125 0.0921875
0 0.85859375 0.5421875 0.071875 0.109375
0 0.82734375 0.4375 0.10234375 0.1
0 0.7875 0.65703125 0.13359375 0.12890625
0 0.8765625 0.65390625 0.11328125 0.12734375
0 0.134375 0.6796875 0.12890625 0.140625
0 0.11328125 0.81796875 0.1125 0.1546875
0 0.80546875 0.78359375 0.1046875 0.13671875
0 0.8921875 0.77890625 0.134375 0.140625