0 0.2875 0.56875 0.2171875 0.1
0 0.51015625 0.56796875 0.2265625 0.1
0 0.521875 0.2765625 0.215625 0.103125
0 0.50625 0.46640625 0.221875 0.0984375
0 0.5046875 0.78125 0.23125 0.1125
0 0.27578125 0.77578125 0.2265625 0.109375
0 0.275 0.66640625 0.225 0.103125
0 0.5015625 0.6671875 0.2328125 0.10625
0 0.509375 0.8953125 0.24375 0.11875
0 0.50859375 0.3671875 0.21875 0.1
0 0.5234375 0.09453125 0.2203125 0.103125
0 0.26640625 0.8859375 0.228125 0.115625
0 0.30859375 0.28203125 0.20625 0.096875
0 0.52265625 0.1828125 0.2234375 0.10625
0 0.2953125 0.4671875 0.209375 0.1
0 0.30234375 0.3765625 0.209375 0.1015625
0 0.31328125 0.1953125 0.203125 0.096875
0 0.3203125 0.10546875 0.2015625 0.096875