0 0.52421875 0.3609375 0.14375 0.140625
0 0.53046875 0.490625 0.146875 0.1359375
0 0.21171875 0.621875 0.190625 0.1328125
0 0.38046875 0.3609375 0.159375 0.15
0 0.22265625 0.209375 0.2546875 0.1484375
0 0.37734375 0.49453125 0.159375 0.1296875
0 0.5265625 0.82734375 0.146875 0.1234375
0 0.6640625 0.48515625 0.128125 0.128125
0 0.66328125 0.36328125 0.1234375 0.13125
0 0.74296875 0.69296875 0.128125 0.1015625
0 0.4578125 0.7171875 0.159375 0.121875
0 0.2015625 0.3484375 0.184375 0.1625
0 0.85625 0.2578125 0.0875 0.146875
0 0.38671875 0.61484375 0.1703125 0.1203125
0 0.778125 0.3859375 0.1125 0.121875
0 0.60546875 0.70703125 0.14375 0.1078125
0 0.54921875 0.61015625 0.1484375 0.1125
0 0.309375 0.72734375 0.13125 0.1265625
0 0.73125 0.78671875 0.0953125 0.109375
0 0.20625 0.484375 0.1859375 0.1390625
0 0.45 0.140625 0.1953125 0.1
0 0.64765625 0.8015625 0.084375 0.109375
0 0.68515625 0.59609375 0.1328125 0.109375
0 0.3859375 0.8515625 0.15625 0.14375
0 0.64140625 0.1640625 0.1875 0.09375
0 0.77578125 0.25546875 0.0859375 0.15625
0 0.790625 0.49296875 0.1234375 0.103125
0 0.8921875 0.3890625 0.115625 0.115625
0 0.896875 0.4953125 0.0875 0.096875
0 0.80703125 0.58984375 0.115625 0.0984375
0 0.2203125 0.09453125 0.2578125 0.1546875
0 0.21171875 0.8703125 0.175 0.140625
0 0.85859375 0.6796875 0.109375 0.0921875
0 0.81484375 0.77265625 0.078125 0.10625
0 0.90078125 0.584375 0.06875 0.09375
0 0.18828125 0.7390625 0.13125 0.1375
0 0.8421875 0.16484375 0.19375 0.0765625
0 0.4546875 0.2265625 0.21875 0.14375
0 0.6453125 0.2484375 0.1859375 0.121875
0 0.9296875 0.2609375 0.06875 0.14375
0 0.8859375 0.76015625 0.078125 0.103125