0 0.240625 0.09140625 0.14375 0.171875
0 0.74296875 0.15703125 0.128125 0.13125
0 0.49921875 0.1265625 0.128125 0.1625
0 0.15546875 0.45 0.1 0.15625
0 0.37734375 0.25234375 0.1296875 0.1453125
0 0.25859375 0.378125 0.1296875 0.13125
0 0.16796875 0.6015625 0.0984375 0.14375
0 0.50078125 0.86953125 0.071875 0.1140625
0 0.5109375 0.7453125 0.0875 0.128125
0 0.4875 0.51484375 0.1125 0.1125
0 0.37578125 0.5078125 0.1171875 0.115625
0 0.125 0.28828125 0.11875 0.18125
0 0.7296875 0.27578125 0.1265625 0.11875
0 0.83984375 0.290625 0.125 0.115625
0 0.2671875 0.5046875 0.11875 0.11875
0 0.42734375 0.7421875 0.084375 0.128125
0 0.58203125 0.6296875 0.10625 0.1125
0 0.37734375 0.3921875 0.121875 0.125
0 0.69140625 0.58359375 0.10625 0.096875
0 0.48671875 0.63125 0.109375 0.109375
0 0.7109375 0.3859375 0.1203125 0.1078125
0 0.26640625 0.61171875 0.1125 0.109375
0 0.61875 0.275 0.125 0.1375
0 0.56640625 0.8703125 0.0828125 0.1125
0 0.60625 0.4015625 0.11875 0.125
0 0.8140625 0.40078125 0.125 0.103125
0 0.70078125 0.4921875 0.1140625 0.1
0 0.34453125 0.7296875 0.08125 0.1203125
0 0.59296875 0.5109375 0.1109375 0.1125
0 0.25234375 0.240625 0.134375 0.1515625
0 0.78359375 0.59140625 0.115625 0.0953125
0 0.49453125 0.40234375 0.11875 0.1265625
0 0.37578125 0.10703125 0.1359375 0.1703125
0 0.68203125 0.675 0.109375 0.0875
0 0.496875 0.26796875 0.125 0.140625
0 0.77734375 0.68359375 0.1125 0.090625
0 0.2609375 0.72578125 0.090625 0.1234375
0 0.1765625 0.734375 0.1 0.128125
0 0.621875 0.140625 0.1265625 0.1375
0 0.76328125 0.771875 0.1078125 0.0859375
0 0.37421875 0.6234375 0.1125 0.10625
0 0.8578125 0.16953125 0.134375 0.125
0 0.7953125 0.5 0.1140625 0.096875
0 0.58359375 0.74375 0.0859375 0.1328125
0 0.425 0.86640625 0.08125 0.11875
0 0.66796875 0.7703125 0.10625 0.096875
0 0.08984375 0.09921875 0.165625 0.19375
0 0.21015625 0.85859375 0.134375 0.14375
0 0.703125 0.87265625 0.0859375 0.125
0 0.33203125 0.85625 0.1109375 0.1171875
0 0.63671875 0.8703125 0.084375 0.115625
0 0.76328125 0.871875 0.084375 0.11875