0 0.19921875 0.37578125 0.1734375 0.11328125
0 0.24140625 0.71640625 0.06640625 0.12421875
0 0.24140625 0.5890625 0.06796875 0.1265625
0 0.1734375 0.59765625 0.078125 0.134375
0 0.38125 0.4484375 0.14921875 0.096875
0 0.390625 0.35703125 0.14609375 0.096875
0 0.3625 0.55390625 0.1765625 0.04765625
0 0.65703125 0.61796875 0.134375 0.04921875
0 0.659375 0.5484375 0.134375 0.04140625
0 0.5265625 0.4734375 0.15625 0.046875
0 0.51640625 0.73203125 0.14609375 0.0578125
0 0.66484375 0.4765625 0.13359375 0.04296875
0 0.20078125 0.47421875 0.178125 0.1109375
0 0.53046875 0.37265625 0.1359375 0.096875
0 0.66953125 0.36640625 0.13515625 0.0453125
0 0.790625 0.378125 0.11875 0.0453125
0 0.8984375 0.38125 0.10546875 0.0421875
0 0.66796875 0.403125 0.1375 0.046875
0 0.79140625 0.41015625 0.1234375 0.0421875
0 0.89609375 0.4140625 0.10859375 0.040625
0 0.525 0.43515625 0.153125 0.0453125
0 0.66484375 0.440625 0.13515625 0.0453125
0 0.7875 0.44453125 0.12109375 0.0421875
0 0.89296875 0.44609375 0.1109375 0.0359375
0 0.7859375 0.47734375 0.1234375 0.0359375
0 0.89453125 0.4765625 0.109375 0.034375
0 0.3671875 0.5125 0.1734375 0.046875
0 0.525 0.5125 0.15390625 0.03828125
0 0.521875 0.55 0.15234375 0.04609375
0 0.52109375 0.5890625 0.15 0.04453125
0 0.36484375 0.59375 0.17265625 0.05234375
0 0.3609375 0.6328125 0.1703125 0.04921875
0 0.36015625 0.6703125 0.17109375 0.05703125
0 0.36015625 0.70859375 0.1734375 0.05546875
0 0.3578125 0.74765625 0.1671875 0.05859375
0 0.3609375 0.784375 0.1671875 0.05703125
0 0.3609375 0.81953125 0.16875 0.059375
0 0.35859375 0.85390625 0.1609375 0.059375
0 0.1671875 0.72578125 0.078125 0.13203125
0 0.16015625 0.8453125 0.0734375 0.12890625
0 0.23515625 0.83671875 0.07890625 0.1296875
0 0.51640625 0.6234375 0.14765625 0.0515625
0 0.51640625 0.6609375 0.14921875 0.05234375
0 0.51640625 0.696875 0.1453125 0.05234375
0 0.5125 0.7671875 0.1453125 0.05703125
0 0.5140625 0.80234375 0.1453125 0.0578125
0 0.5140625 0.8375 0.14375 0.06015625
0 0.6625 0.5125 0.13515625 0.04453125
0 0.659375 0.58125 0.13515625 0.04609375
0 0.6546875 0.65078125 0.13515625 0.04765625
0 0.65390625 0.6859375 0.134375 0.05
0 0.65234375 0.71875 0.1390625 0.05078125
0 0.65078125 0.7546875 0.1296875 0.05
0 0.65234375 0.7890625 0.13359375 0.06015625
0 0.653125 0.821875 0.13515625 0.05859375
0 0.78359375 0.5109375 0.115625 0.0421875
0 0.78125 0.5453125 0.11875 0.0421875
0 0.7796875 0.5765625 0.115625 0.04296875
0 0.7796875 0.61015625 0.1171875 0.04296875
0 0.77734375 0.64296875 0.1140625 0.0453125
0 0.7765625 0.675 0.1125 0.04453125
0 0.77421875 0.70625 0.115625 0.04921875
0 0.77265625 0.7390625 0.115625 0.04921875
0 0.7765625 0.771875 0.11953125 0.04765625
0 0.7765625 0.80234375 0.125 0.04765625
0 0.89296875 0.51015625 0.1078125 0.03984375
0 0.89296875 0.540625 0.109375 0.04140625
0 0.8921875 0.5734375 0.11171875 0.040625
0 0.8890625 0.6046875 0.10234375 0.040625
0 0.8859375 0.6359375 0.10625 0.04140625
0 0.884375 0.6640625 0.10390625 0.0421875
0 0.88046875 0.69609375 0.1046875 0.04609375
0 0.88359375 0.73046875 0.10703125 0.04296875
0 0.8875 0.75546875 0.109375 0.0453125
0 0.88515625 0.78828125 0.10703125 0.0484375