0 0.7203125 0.65546875 0.06171875 0.165625
0 0.38515625 0.4765625 0.07109375 0.17265625
0 0.14453125 0.659375 0.0875 0.1953125
0 0.6578125 0.82734375 0.0640625 0.17421875
0 0.38046875 0.8453125 0.0734375 0.184375
0 0.22890625 0.6578125 0.0796875 0.1921875
0 0.315625 0.478125 0.07265625 0.178125
0 0.5890625 0.48515625 0.0625 0.1640625
0 0.53046875 0.8328125 0.06875 0.18125
0 0.58671875 0.65546875 0.06328125 0.1671875
0 0.58984375 0.82578125 0.065625 0.17421875
0 0.45703125 0.48359375 0.0671875 0.1703125
0 0.30859375 0.65703125 0.07578125 0.18515625
0 0.7 0.36015625 0.10234375 0.0953125
0 0.2359375 0.47578125 0.07734375 0.1828125
0 0.31171875 0.8453125 0.07421875 0.19140625
0 0.8265625 0.49296875 0.0515625 0.15859375
0 0.59453125 0.35390625 0.1078125 0.09765625
0 0.23125 0.85390625 0.08203125 0.19375
0 0.6546875 0.4890625 0.0609375 0.1609375
0 0.45546875 0.6546875 0.0703125 0.17734375
0 0.3828125 0.65859375 0.0703125 0.18359375
0 0.4578125 0.8359375 0.06953125 0.184375
0 0.7109375 0.4890625 0.059375 0.15625
0 0.6546875 0.653125 0.06328125 0.1671875
0 0.14921875 0.465625 0.0875 0.19140625
0 0.3640625 0.33828125 0.12578125 0.10390625
0 0.8296875 0.65546875 0.05546875 0.16015625
0 0.775 0.4921875 0.05859375 0.15703125
0 0.14375 0.85859375 0.08671875 0.19921875
0 0.77734375 0.65546875 0.05625 0.16171875
0 0.52734375 0.48125 0.06796875 0.1671875
0 0.725 0.825 0.0640625 0.1703125
0 0.23359375 0.31953125 0.1375 0.1140625
0 0.5265625 0.65234375 0.0640625 0.17109375
0 0.78125 0.81875 0.05390625 0.1703125
0 0.4828125 0.34609375 0.11328125 0.10234375
0 0.8 0.3703125 0.09765625 0.08828125
0 0.43203125 0.96796875 0.09375 0.06328125
0 0.334375 0.971875 0.096875 0.05625
0 0.5140625 0.96484375 0.08515625 0.0703125
0 0.83828125 0.81328125 0.05546875 0.159375
0 0.2328125 0.975 0.103125 0.05
0 0.60234375 0.95546875 0.08828125 0.0890625
0 0.678125 0.95234375 0.07734375 0.0953125
0 0.75625 0.94765625 0.096875 0.10390625
0 0.8359375 0.946875 0.078125 0.10625
0 0.12734375 0.97578125 0.115625 0.0484375