0 0.1046875 0.26171875 0.08046875 0.11328125
0 0.53125 0.2640625 0.08125 0.1125
0 0.77890625 0.26484375 0.08203125 0.11171875
0 0.35390625 0.26640625 0.0796875 0.1109375
0 0.946875 0.259375 0.08125 0.1140625
0 0.76796875 0.578125 0.08046875 0.10703125
0 0.85234375 0.57578125 0.08046875 0.10703125
0 0.1953125 0.77890625 0.08125 0.10703125
0 0.59765625 0.7796875 0.07578125 0.10625
0 0.51328125 0.47109375 0.08125 0.10390625
0 0.92109375 0.78359375 0.08125 0.1046875
0 0.865625 0.2609375 0.08125 0.11484375
0 0.43828125 0.47109375 0.07734375 0.10546875
0 0.85078125 0.67890625 0.0796875 0.10546875
0 0.2015625 0.675 0.0796875 0.10625
0 0.4390625 0.26640625 0.08203125 0.1109375
0 0.18828125 0.26171875 0.08203125 0.1125
0 0.7640625 0.678125 0.0796875 0.10546875
0 0.68125 0.67734375 0.07890625 0.10625
0 0.1046875 0.36796875 0.08046875 0.109375
0 0.1125 0.67578125 0.0828125 0.10703125
0 0.68984375 0.3671875 0.08046875 0.1078125
0 0.925 0.67890625 0.08203125 0.10546875
0 0.5234375 0.7796875 0.07890625 0.10546875
0 0.4390625 0.5734375 0.0765625 0.10234375
0 0.68203125 0.7828125 0.07890625 0.10390625
0 0.28515625 0.778125 0.07890625 0.1046875
0 0.28046875 0.88203125 0.08125 0.10390625
0 0.1078125 0.7796875 0.07890625 0.10546875
0 0.18828125 0.5734375 0.08203125 0.10703125
0 0.35859375 0.7796875 0.07890625 0.10234375
0 0.4421875 0.78046875 0.07890625 0.10390625
0 0.36015625 0.675 0.08046875 0.1046875
0 0.9359375 0.47109375 0.08203125 0.109375
0 0.69375 0.25859375 0.08046875 0.11171875
0 0.26875 0.3671875 0.08125 0.1078125
0 0.18515625 0.47109375 0.08203125 0.10625
0 0.44453125 0.67421875 0.078125 0.1078125
0 0.6078125 0.2640625 0.08046875 0.11484375
0 0.76953125 0.47265625 0.08203125 0.1078125
0 0.7625 0.78046875 0.07734375 0.10390625
0 0.26796875 0.265625 0.0796875 0.11171875
0 0.60390625 0.3703125 0.08046875 0.1109375
0 0.5265625 0.675 0.07734375 0.10546875
0 0.921875 0.88828125 0.07890625 0.10546875
0 0.8390625 0.8890625 0.08203125 0.10625
0 0.19609375 0.88203125 0.07890625 0.1046875
0 0.440625 0.88359375 0.078125 0.1046875
0 0.94140625 0.365625 0.08203125 0.1109375
0 0.11015625 0.8828125 0.08203125 0.10390625
0 0.43828125 0.36796875 0.08046875 0.1078125
0 0.59921875 0.67578125 0.0765625 0.10546875
0 0.85703125 0.4734375 0.0828125 0.1078125
0 0.67578125 0.88515625 0.07890625 0.10078125
0 0.8625 0.36484375 0.08125 0.11015625
0 0.515625 0.575 0.08671875 0.10546875
0 0.8453125 0.7828125 0.0796875 0.10234375
0 0.59375 0.884375 0.07734375 0.10078125
0 0.1046875 0.4703125 0.07890625 0.10703125
0 0.18671875 0.36640625 0.08203125 0.109375
0 0.284375 0.675 0.07890625 0.10546875
0 0.52734375 0.37109375 0.0796875 0.11015625
0 0.68515625 0.471875 0.07890625 0.1078125
0 0.35078125 0.3671875 0.078125 0.10859375
0 0.68125 0.5734375 0.08125 0.10625
0 0.9328125 0.57734375 0.08046875 0.10703125
0 0.77578125 0.3703125 0.08046875 0.11171875
0 0.3578125 0.5765625 0.08046875 0.1015625
0 0.76171875 0.88828125 0.08125 0.10546875
0 0.3546875 0.4734375 0.08046875 0.1046875
0 0.35703125 0.88671875 0.07890625 0.1046875
0 0.52109375 0.8859375 0.075 0.10390625
0 0.60078125 0.475 0.0796875 0.1046875
0 0.2765625 0.47109375 0.0796875 0.10859375
0 0.109375 0.57578125 0.08359375 0.10703125
0 0.2796875 0.57421875 0.08125 0.10546875
0 0.60078125 0.5765625 0.07734375 0.1046875