0 0.36015625 0.34765625 0.2 0.090625
0 0.58125 0.7640625 0.184375 0.075
0 0.56796875 0.4375 0.19375 0.0890625
0 0.56640625 0.34765625 0.203125 0.09375
0 0.58125 0.60078125 0.184375 0.08125
0 0.5625 0.24921875 0.2125 0.103125
0 0.57421875 0.525 0.1875 0.0796875
0 0.559375 0.1484375 0.2203125 0.1125
0 0.34765625 0.25078125 0.203125 0.0984375
0 0.33984375 0.15234375 0.209375 0.109375
0 0.39296875 0.6734375 0.175 0.078125
0 0.58359375 0.68359375 0.184375 0.0765625
0 0.3859375 0.52109375 0.1859375 0.08125
0 0.37265625 0.43984375 0.1875 0.084375
0 0.39453125 0.59453125 0.18125 0.0765625
0 0.39765625 0.7546875 0.175 0.0734375
0 0.584375 0.840625 0.178125 0.0734375
0 0.409375 0.8234375 0.165625 0.0734375