0 0.25546875 0.6640625 0.2234375 0.10625
0 0.240625 0.76796875 0.225 0.1109375
0 0.50234375 0.3890625 0.209375 0.090625
0 0.9078125 0.5875 0.184375 0.0625
0 0.27890625 0.5671875 0.209375 0.096875
0 0.9078125 0.46484375 0.184375 0.0578125
0 0.71640625 0.30859375 0.2 0.0578125
0 0.90390625 0.403125 0.171875 0.059375
0 0.484375 0.56953125 0.215625 0.096875
0 0.46875 0.778125 0.234375 0.1125
0 0.3296875 0.2328125 0.184375 0.08125
0 0.23125 0.8828125 0.228125 0.1140625
0 0.51171875 0.3046875 0.2015625 0.0859375
0 0.71484375 0.36484375 0.20625 0.0625
0 0.31953125 0.3109375 0.1921875 0.0828125
0 0.90546875 0.3 0.1703125 0.05625
0 0.90625 0.65703125 0.1875 0.0671875
0 0.5234375 0.1453125 0.1921875 0.084375
0 0.90625 0.528125 0.1875 0.059375
0 0.90625 0.3515625 0.1703125 0.053125
0 0.33828125 0.15390625 0.1875 0.0796875
0 0.71875 0.24609375 0.1984375 0.05625
0 0.91796875 0.80625 0.1609375 0.071875
0 0.515625 0.225 0.2 0.0828125
0 0.28359375 0.47109375 0.203125 0.090625
0 0.3046875 0.39140625 0.196875 0.084375
0 0.9078125 0.72421875 0.18125 0.071875
0 0.8984375 0.24375 0.16875 0.0484375
0 0.71953125 0.19296875 0.190625 0.0625
0 0.465625 0.89140625 0.24375 0.1171875
0 0.49609375 0.475 0.2078125 0.0890625
0 0.92265625 0.88828125 0.1546875 0.0796875
0 0.71484375 0.58671875 0.190625 0.0609375
0 0.478125 0.665625 0.228125 0.103125
0 0.7140625 0.52734375 0.1875 0.05625
0 0.7203125 0.8078125 0.234375 0.0796875
0 0.71875 0.42890625 0.2140625 0.071875
0 0.7171875 0.721875 0.2 0.06875
0 0.72109375 0.896875 0.2484375 0.0859375
0 0.71484375 0.65234375 0.1953125 0.0625