0 0.46328125 0.425 0.0703125 0.1359375
0 0.46171875 0.29375 0.075 0.134375
0 0.178125 0.2703125 0.0625 0.115625
0 0.1796875 0.4984375 0.0625 0.115625
0 0.325 0.2984375 0.0765625 0.1375
0 0.17890625 0.37734375 0.0625 0.11875
0 0.4015625 0.56875 0.075 0.134375
0 0.39765625 0.2953125 0.075 0.1359375
0 0.5359375 0.30078125 0.06875 0.134375
0 0.53671875 0.56484375 0.0703125 0.134375
0 0.40234375 0.7015625 0.078125 0.1390625
0 0.59921875 0.3734375 0.0578125 0.1078125
0 0.46484375 0.56484375 0.071875 0.134375
0 0.40078125 0.43046875 0.078125 0.1375
0 0.1765625 0.14921875 0.0625 0.1171875
0 0.184375 0.6140625 0.0640625 0.1125
0 0.3265625 0.571875 0.075 0.1359375
0 0.53515625 0.4265625 0.071875 0.134375
0 0.41484375 0.83671875 0.075 0.1375
0 0.25078125 0.57109375 0.078125 0.1359375
0 0.5515625 0.83046875 0.0703125 0.140625
0 0.3234375 0.1671875 0.078125 0.13125
0 0.32578125 0.43359375 0.075 0.1375
0 0.534375 0.16015625 0.071875 0.134375
0 0.32734375 0.71015625 0.075 0.1390625
0 0.2484375 0.3015625 0.078125 0.1375
0 0.33828125 0.8421875 0.078125 0.1375
0 0.2515625 0.715625 0.0796875 0.1359375
0 0.396875 0.16640625 0.075 0.13125
0 0.5921875 0.26875 0.05625 0.10625
0 0.46171875 0.1609375 0.0734375 0.1328125
0 0.26328125 0.8515625 0.078125 0.1359375
0 0.19375 0.85625 0.0828125 0.1390625
0 0.53671875 0.69453125 0.071875 0.134375
0 0.246875 0.1671875 0.078125 0.134375
0 0.17890625 0.7296875 0.0625 0.115625
0 0.24921875 0.440625 0.078125 0.1359375
0 0.4640625 0.6953125 0.075 0.134375
0 0.5953125 0.48828125 0.0578125 0.1078125
0 0.4796875 0.83125 0.071875 0.140625
0 0.62265625 0.8265625 0.075 0.140625
0 0.5921875 0.14921875 0.05625 0.1109375
0 0.6484375 0.15703125 0.059375 0.109375
0 0.590625 0.6078125 0.05 0.1125
0 0.65078125 0.275 0.0515625 0.11875
0 0.65 0.4359375 0.0515625 0.159375
0 0.64609375 0.60078125 0.05625 0.1625
0 0.6140625 0.72109375 0.0890625 0.09375