0 0.3390625 0.16640625 0.1171875 0.1390625
0 0.85703125 0.3171875 0.09296875 0.27578125
0 0.22734375 0.346875 0.06484375 0.21953125
0 0.23125 0.565625 0.06640625 0.2140625
0 0.1609375 0.34765625 0.0609375 0.21640625
0 0.509375 0.33671875 0.075 0.2375
0 0.103125 0.346875 0.0578125 0.21171875
0 0.1078125 0.56171875 0.0640625 0.209375
0 0.36640625 0.56640625 0.0703125 0.22265625
0 0.17421875 0.7703125 0.05859375 0.2078125
0 0.4859375 0.15390625 0.12734375 0.1484375
0 0.66953125 0.834375 0.08359375 0.2546875
0 0.171875 0.5609375 0.05859375 0.20703125
0 0.76171875 0.5859375 0.08984375 0.259375
0 0.296875 0.340625 0.06953125 0.2265625
0 0.67265625 0.325 0.08359375 0.26015625
0 0.30546875 0.56328125 0.07109375 0.2171875
0 0.67109375 0.58046875 0.0828125 0.2515625
0 0.11875 0.76484375 0.05546875 0.2015625
0 0.8546875 0.5796875 0.0921875 0.2703125
0 0.44140625 0.34140625 0.07265625 0.23125
0 0.81171875 0.103125 0.16328125 0.159375
0 0.23828125 0.77890625 0.0625 0.2171875
0 0.440625 0.80390625 0.07109375 0.23359375
0 0.5859375 0.57734375 0.0765625 0.24296875
0 0.36640625 0.34453125 0.06953125 0.22890625
0 0.58984375 0.3328125 0.078125 0.2484375
0 0.30625 0.790625 0.065625 0.225
0 0.5875 0.81484375 0.07890625 0.24453125
0 0.853125 0.85078125 0.09140625 0.26953125
0 0.36640625 0.79140625 0.07109375 0.2265625
0 0.7625 0.32734375 0.08828125 0.26640625
0 0.51015625 0.80546875 0.0734375 0.234375
0 0.6453125 0.134375 0.153125 0.1609375
0 0.4421875 0.57109375 0.071875 0.22578125
0 0.2265625 0.16953125 0.11171875 0.12734375
0 0.759375 0.83828125 0.08828125 0.25859375
0 0.51796875 0.575 0.07421875 0.23671875
0 0.121875 0.18515625 0.0984375 0.1265625