0 0.740625 0.38046875 0.0875 0.23984375
0 0.73984375 0.621875 0.084375 0.23046875
0 0.2015625 0.39609375 0.08671875 0.2265625
0 0.28046875 0.61484375 0.075 0.2171875
0 0.21171875 0.6171875 0.07890625 0.22109375
0 0.66015625 0.3875 0.08125 0.2390625
0 0.82734375 0.6203125 0.0875 0.23671875
0 0.3515625 0.39609375 0.078125 0.2234375
0 0.5046875 0.390625 0.08125 0.22890625
0 0.43203125 0.61875 0.0765625 0.225
0 0.50859375 0.61875 0.07734375 0.22578125
0 0.578125 0.38671875 0.08125 0.23359375
0 0.65859375 0.6203125 0.08203125 0.22890625
0 0.58046875 0.615625 0.07734375 0.22421875
0 0.42890625 0.39296875 0.078125 0.22421875
0 0.35625 0.6171875 0.07578125 0.221875
0 0.83046875 0.37578125 0.08828125 0.24140625
0 0.28125 0.39609375 0.078125 0.2234375