0 0.4515625 0.10703125 0.246875 0.121875
0 0.66875 0.33125 0.2125 0.0984375
0 0.67734375 0.23203125 0.2265625 0.10625
0 0.640625 0.609375 0.2 0.090625
0 0.4265625 0.7859375 0.20625 0.0921875
0 0.209375 0.11875 0.23125 0.08125
0 0.2109375 0.49609375 0.21875 0.0671875
0 0.2109375 0.35078125 0.21875 0.071875
0 0.21171875 0.559375 0.2140625 0.065625
0 0.21328125 0.62578125 0.209375 0.0625
0 0.415625 0.87578125 0.2125 0.090625
0 0.66015625 0.4328125 0.209375 0.09375
0 0.0515625 0.55859375 0.103125 0.06875
0 0.053125 0.69140625 0.10625 0.065625
0 0.20546875 0.28125 0.23125 0.071875
0 0.0453125 0.271875 0.090625 0.0765625
0 0.21171875 0.42578125 0.215625 0.065625
0 0.6875 0.11875 0.2296875 0.1125
0 0.44765625 0.2203125 0.234375 0.109375
0 0.0484375 0.35078125 0.096875 0.075
0 0.62890625 0.78046875 0.190625 0.0875
0 0.2078125 0.2015625 0.228125 0.075
0 0.05078125 0.49609375 0.1015625 0.06875
0 0.6359375 0.69609375 0.1953125 0.090625
0 0.053125 0.6328125 0.10625 0.0671875
0 0.05078125 0.425 0.1015625 0.06875
0 0.0546875 0.81796875 0.109375 0.0625
0 0.053125 0.7609375 0.10625 0.0625
0 0.21328125 0.80859375 0.2 0.0625
0 0.0453125 0.19921875 0.0890625 0.0765625
0 0.04375 0.1125 0.0875 0.0828125
0 0.21171875 0.7484375 0.203125 0.0625
0 0.21484375 0.68359375 0.2015625 0.0625
0 0.43203125 0.6953125 0.20625 0.0921875
0 0.65078125 0.5265625 0.20625 0.090625
0 0.4390625 0.5234375 0.2125 0.09375
0 0.44296875 0.4296875 0.21875 0.096875
0 0.621875 0.86796875 0.1984375 0.090625
0 0.44453125 0.3296875 0.225 0.1046875
0 0.43515625 0.61484375 0.209375 0.090625