0 0.8296875 0.83125 0.0984375 0.1734375
0 0.37890625 0.840625 0.121875 0.115625
0 0.81171875 0.6609375 0.0921875 0.153125
0 0.3796875 0.6046875 0.11875 0.1578125
0 0.18046875 0.40546875 0.115625 0.1625
0 0.7015625 0.4734375 0.109375 0.096875
0 0.4875 0.58828125 0.1140625 0.10625
0 0.61015625 0.12421875 0.103125 0.115625
0 0.71328125 0.58515625 0.115625 0.11875
0 0.60390625 0.40859375 0.10625 0.0953125
0 0.49140625 0.48515625 0.1109375 0.1125
0 0.509375 0.18515625 0.10625 0.0859375
0 0.50546875 0.2796875 0.10625 0.1015625
0 0.28125 0.521875 0.1171875 0.14375
0 0.1671875 0.575 0.125 0.175
0 0.50859375 0.10625 0.0984375 0.078125
0 0.4875 0.7140625 0.0984375 0.1359375
0 0.49296875 0.8453125 0.125 0.121875
0 0.7 0.2875 0.1046875 0.0890625
0 0.415625 0.11953125 0.1046875 0.1171875
0 0.40078125 0.334375 0.10625 0.1078125
0 0.71015625 0.2078125 0.103125 0.0875
0 0.2890625 0.378125 0.1125 0.134375
0 0.38984375 0.4578125 0.1109375 0.146875
0 0.6046875 0.503125 0.1109375 0.0984375
0 0.60234375 0.609375 0.115625 0.10625
0 0.49765625 0.37578125 0.1078125 0.0953125
0 0.1578125 0.71484375 0.121875 0.1140625
0 0.40390625 0.22578125 0.103125 0.1
0 0.2625 0.80703125 0.121875 0.184375
0 0.7921875 0.3734375 0.078125 0.13125
0 0.7 0.37734375 0.10625 0.0921875
0 0.59375 0.7265625 0.11875 0.1171875
0 0.79921875 0.5140625 0.078125 0.1390625
0 0.70859375 0.71640625 0.121875 0.11875
0 0.70546875 0.11484375 0.1015625 0.090625
0 0.30078125 0.24765625 0.1109375 0.13125
0 0.73125 0.8484375 0.1265625 0.121875
0 0.60625 0.31875 0.10625 0.0921875
0 0.140625 0.83203125 0.125 0.1203125
0 0.79140625 0.24765625 0.075 0.121875
0 0.271875 0.65078125 0.11875 0.125
0 0.61484375 0.846875 0.1234375 0.121875
0 0.190625 0.25234375 0.115625 0.1546875
0 0.60625 0.225 0.1046875 0.084375
0 0.37734375 0.734375 0.121875 0.096875
0 0.31171875 0.1171875 0.10625 0.1203125
0 0.796875 0.1265625 0.08125 0.128125
0 0.21171875 0.1203125 0.115625 0.1328125