0 0.33515625 0.16640625 0.096875 0.14375
0 0.2234375 0.290625 0.1078125 0.14375
0 0.12421875 0.55 0.1140625 0.13125
0 0.23359375 0.41796875 0.1046875 0.128125
0 0.26015625 0.88984375 0.09375 0.128125
0 0.1234375 0.41484375 0.1171875 0.134375
0 0.57578125 0.428125 0.078125 0.109375
0 0.57890625 0.634375 0.075 0.1
0 0.23515625 0.5453125 0.103125 0.1265625
0 0.57890625 0.53359375 0.078125 0.1015625
0 0.3265625 0.3 0.0953125 0.1328125
0 0.11015625 0.27890625 0.11875 0.1484375
0 0.42890625 0.18671875 0.0875 0.1375
0 0.415625 0.3078125 0.0875 0.125
0 0.33125 0.5453125 0.09375 0.11875
0 0.49921875 0.53515625 0.08125 0.1078125
0 0.22734375 0.15703125 0.1125 0.15625
0 0.5046875 0.31796875 0.084375 0.121875
0 0.33515625 0.425 0.09375 0.1234375
0 0.5140625 0.19453125 0.0828125 0.13125
0 0.334375 0.6578125 0.090625 0.11875
0 0.6609375 0.32578125 0.0734375 0.1125
0 0.8671875 0.2359375 0.059375 0.103125
0 0.425 0.54296875 0.08125 0.115625
0 0.11015625 0.13515625 0.128125 0.1640625
0 0.58359375 0.31953125 0.0765625 0.115625
0 0.590625 0.20703125 0.075 0.125
0 0.73515625 0.22421875 0.06875 0.1125
0 0.42734375 0.753125 0.0796875 0.1109375
0 0.1421875 0.79921875 0.1125 0.125
0 0.8671875 0.340625 0.0609375 0.096875
0 0.2484375 0.78125 0.096875 0.1234375
0 0.78828125 0.4328125 0.065625 0.096875
0 0.43203125 0.85546875 0.0796875 0.115625
0 0.8 0.33125 0.0625 0.1015625
0 0.2375 0.66796875 0.1015625 0.121875
0 0.73203125 0.33046875 0.06875 0.10625
0 0.803125 0.2296875 0.0609375 0.109375
0 0.1328125 0.678125 0.1109375 0.125
0 0.859375 0.52578125 0.065625 0.090625
0 0.33828125 0.7703125 0.090625 0.1171875
0 0.50390625 0.64140625 0.078125 0.10625
0 0.50390625 0.8421875 0.075 0.1078125
0 0.7859375 0.61796875 0.0640625 0.09375
0 0.57578125 0.73046875 0.0734375 0.1
0 0.66875 0.2203125 0.06875 0.1203125
0 0.65546875 0.43203125 0.071875 0.1046875
0 0.5015625 0.73984375 0.075 0.10625
0 0.34375 0.87265625 0.0859375 0.121875
0 0.7140625 0.715625 0.065625 0.096875
0 0.85859375 0.43515625 0.065625 0.0921875
0 0.79296875 0.52734375 0.0625 0.0953125
0 0.78203125 0.7046875 0.065625 0.0921875
0 0.7203125 0.43359375 0.06875 0.103125
0 0.421875 0.64921875 0.0828125 0.115625
0 0.65703125 0.53359375 0.0703125 0.1
0 0.7109375 0.80546875 0.065625 0.090625
0 0.6484375 0.725 0.06875 0.0984375
0 0.50078125 0.42734375 0.078125 0.115625
0 0.71953125 0.62421875 0.065625 0.0953125
0 0.42265625 0.4265625 0.084375 0.11875
0 0.64921875 0.81328125 0.06875 0.1
0 0.7234375 0.53125 0.0703125 0.096875
0 0.57734375 0.82421875 0.071875 0.1078125
0 0.90859375 0.52265625 0.053125 0.0875
0 0.85234375 0.61328125 0.0625 0.0875
0 0.91484375 0.4359375 0.05 0.090625
0 0.65546875 0.628125 0.0703125 0.09375
0 0.9203125 0.340625 0.053125 0.09375
0 0.84296875 0.6921875 0.05 0.078125
0 0.88203125 0.77421875 0.059375 0.0796875
0 0.775 0.78828125 0.0625 0.103125
0 0.15546875 0.9109375 0.1078125 0.13125
0 0.89375 0.6890625 0.0609375 0.08125
0 0.91796875 0.24453125 0.05 0.0921875
0 0.90234375 0.6046875 0.05 0.0875
0 0.825 0.778125 0.05625 0.090625