0 0.17578125 0.8859375 0.14375 0.10625
0 0.31640625 0.884375 0.134375 0.10625
0 0.1953125 0.68203125 0.13125 0.0921875
0 0.20078125 0.59140625 0.128125 0.0890625
0 0.31640625 0.77890625 0.13125 0.1
0 0.22734375 0.2671875 0.1171875 0.075
0 0.809375 0.87109375 0.121875 0.1
0 0.32265625 0.58203125 0.125 0.090625
0 0.5515625 0.5828125 0.1140625 0.0859375
0 0.44375 0.87734375 0.1296875 0.10625
0 0.328125 0.41171875 0.1171875 0.08125
0 0.6546875 0.42578125 0.1078125 0.0765625
0 0.32578125 0.5 0.1203125 0.0828125
0 0.56875 0.875 0.121875 0.1015625
0 0.22734375 0.1921875 0.1140625 0.0734375
0 0.796875 0.7734375 0.121875 0.0921875
0 0.44453125 0.33203125 0.109375 0.078125
0 0.54921875 0.3359375 0.109375 0.075
0 0.1890625 0.7796875 0.140625 0.0984375
0 0.90234375 0.76796875 0.11875 0.09375
0 0.546875 0.26640625 0.10625 0.0734375
0 0.56171875 0.77265625 0.11875 0.096875
0 0.34296875 0.04296875 0.103125 0.0703125
0 0.55 0.50390625 0.1125 0.0796875
0 0.6734375 0.6765625 0.11875 0.0875
0 0.8984375 0.6734375 0.1203125 0.0859375
0 0.2125 0.4234375 0.1234375 0.078125
0 0.6875 0.87265625 0.125 0.0984375
0 0.33125 0.3296875 0.1125 0.0765625
0 0.44453125 0.77578125 0.125 0.0984375
0 0.5453125 0.18828125 0.1046875 0.075
0 0.44375 0.59140625 0.115625 0.0875
0 0.34140625 0.1109375 0.10625 0.06875
0 0.3359375 0.2515625 0.1078125 0.071875
0 0.20703125 0.50703125 0.128125 0.0828125
0 0.5546875 0.67890625 0.115625 0.090625
0 0.66796875 0.59375 0.115625 0.084375
0 0.33984375 0.1828125 0.10625 0.071875
0 0.23125 0.1140625 0.1109375 0.075
0 0.32109375 0.6796875 0.128125 0.09375
0 0.91796875 0.8671875 0.115625 0.1
0 0.44453125 0.4171875 0.1125 0.08125
0 0.5546875 0.41875 0.109375 0.08125
0 0.234375 0.03671875 0.1125 0.0734375
0 0.44609375 0.5046875 0.115625 0.08125
0 0.678125 0.77421875 0.1203125 0.09375
0 0.6609375 0.5078125 0.109375 0.08125
0 0.4453125 0.6796875 0.121875 0.090625
0 0.22265625 0.34140625 0.1203125 0.078125
0 0.86953125 0.42578125 0.1109375 0.0765625
0 0.6421875 0.11953125 0.1 0.0671875
0 0.4421875 0.25625 0.1078125 0.075
0 0.88671875 0.59296875 0.115625 0.084375
0 0.8390625 0.13125 0.0984375 0.0671875
0 0.78359375 0.6765625 0.115625 0.0890625
0 0.85703125 0.3453125 0.10625 0.075
0 0.7578125 0.3578125 0.1046875 0.071875
0 0.44453125 0.11328125 0.103125 0.06875
0 0.646875 0.19375 0.103125 0.06875
0 0.73984375 0.1265625 0.096875 0.065625
0 0.775 0.59296875 0.115625 0.084375
0 0.76953125 0.5125 0.1125 0.08125
0 0.65 0.26875 0.103125 0.075
0 0.65625 0.34140625 0.103125 0.0765625
0 0.76171875 0.43203125 0.10625 0.075
0 0.4421875 0.184375 0.10625 0.071875
0 0.753125 0.271875 0.1046875 0.075
0 0.44375 0.04765625 0.1 0.065625
0 0.878125 0.5078125 0.1140625 0.078125
0 0.63984375 0.05859375 0.096875 0.065625
0 0.8328125 0.06484375 0.103125 0.0671875
0 0.5453125 0.1140625 0.1 0.06875
0 0.54140625 0.05390625 0.096875 0.0625
0 0.734375 0.059375 0.096875 0.06875
0 0.7453125 0.196875 0.1 0.06875
0 0.8453125 0.2015625 0.1046875 0.06875
0 0.8546875 0.27578125 0.1046875 0.0734375