0 0.50859375 0.4140625 0.0734375 0.09609375
0 0.43828125 0.40859375 0.071875 0.09609375
0 0.58046875 0.4140625 0.07421875 0.09765625
0 0.2203125 0.49765625 0.07109375 0.0890625
0 0.36328125 0.40703125 0.07421875 0.09453125
0 0.509375 0.5015625 0.071875 0.09140625
0 0.29453125 0.4125 0.07265625 0.09375
0 0.5765625 0.503125 0.0734375 0.09296875
0 0.21953125 0.4078125 0.07265625 0.09296875
0 0.29296875 0.584375 0.06796875 0.0875
0 0.29375 0.49609375 0.07265625 0.090625
0 0.49765625 0.67734375 0.0703125 0.0859375
0 0.42890625 0.675 0.06796875 0.08203125
0 0.22265625 0.58203125 0.06953125 0.08515625
0 0.4296875 0.58671875 0.071875 0.090625
0 0.65234375 0.50625 0.0765625 0.09375
0 0.07890625 0.49609375 0.0671875 0.08671875
0 0.72734375 0.50703125 0.0859375 0.09921875
0 0.14765625 0.40625 0.075 0.09375
0 0.1484375 0.496875 0.0703125 0.08984375
0 0.5671875 0.68203125 0.071875 0.08828125
0 0.15625 0.5796875 0.06484375 0.08203125
0 0.64921875 0.5953125 0.0734375 0.09375
0 0.3578125 0.58671875 0.06796875 0.0875
0 0.72109375 0.59765625 0.0890625 0.0984375
0 0.29453125 0.66796875 0.06484375 0.08046875
0 0.57421875 0.5953125 0.071875 0.08984375
0 0.36484375 0.7546875 0.065625 0.08203125
0 0.359375 0.6703125 0.06796875 0.08359375
0 0.50390625 0.59375 0.07265625 0.08984375
0 0.434375 0.5 0.0734375 0.09140625
0 0.5640625 0.7640625 0.07109375 0.08046875
0 0.640625 0.68515625 0.07109375 0.0875
0 0.0875 0.58125 0.071875 0.08515625
0 0.43359375 0.75703125 0.065625 0.0796875
0 0.1609375 0.6625 0.06640625 0.08359375
0 0.23125 0.6640625 0.06484375 0.08125
0 0.4984375 0.76015625 0.0671875 0.0796875
0 0.303125 0.74453125 0.0625 0.07734375
0 0.06640625 0.41171875 0.0734375 0.09296875
0 0.359375 0.4984375 0.06953125 0.09375
0 0.47265625 0.3171875 0.07265625 0.10234375
0 0.40078125 0.31640625 0.0734375 0.0984375
0 0.31484375 0.3140625 0.075 0.10078125
0 0.090625 0.31328125 0.078125 0.10546875
0 0.16171875 0.3125 0.07265625 0.103125
0 0.2390625 0.3140625 0.07734375 0.103125
0 0.54609375 0.31015625 0.07890625 0.10390625
0 0.659375 0.3078125 0.13828125 0.0453125
0 0.79609375 0.30625 0.14453125 0.0421875
0 0.6546875 0.34453125 0.13984375 0.03984375
0 0.78515625 0.34453125 0.14140625 0.04140625
0 0.65703125 0.41171875 0.0875 0.10390625
0 0.7328125 0.4125 0.0859375 0.10859375
0 0.80859375 0.41328125 0.09375 0.103125
0 0.1 0.65859375 0.08203125 0.084375
0 0.1171875 0.73515625 0.0734375 0.07890625
0 0.18046875 0.7375 0.07734375 0.08203125
0 0.2421875 0.73984375 0.07578125 0.0859375
0 0.63359375 0.76328125 0.0796875 0.0890625
0 0.7015625 0.771875 0.08046875 0.09296875
0 0.77578125 0.77578125 0.084375 0.09453125
0 0.71171875 0.68359375 0.08671875 0.0921875
0 0.78125 0.6890625 0.0875 0.096875
0 0.79296875 0.6 0.09375 0.09609375
0 0.80078125 0.509375 0.0890625 0.09765625