0 0.47890625 0.55 0.078125 0.0796875
0 0.5578125 0.1703125 0.078125 0.0734375
0 0.396875 0.625 0.08125 0.0828125
0 0.48125 0.46953125 0.078125 0.078125
0 0.55546875 0.47890625 0.078125 0.075
0 0.55390625 0.64375 0.078125 0.0828125
0 0.3953125 0.8953125 0.084375 0.0921875
0 0.4828125 0.39453125 0.078125 0.075
0 0.55625 0.39921875 0.078125 0.075
0 0.55546875 0.55703125 0.0796875 0.075
0 0.4140625 0.09375 0.078125 0.0734375
0 0.559375 0.24453125 0.075 0.0734375
0 0.48515625 0.1703125 0.078125 0.075
0 0.55546875 0.809375 0.08125 0.0859375
0 0.4796875 0.31953125 0.075 0.075
0 0.40546875 0.31796875 0.0765625 0.075
0 0.55625 0.8984375 0.0828125 0.0890625
0 0.475 0.62734375 0.078125 0.08125
0 0.3140625 0.79296875 0.0859375 0.0875
0 0.55703125 0.32421875 0.075 0.0734375
0 0.48203125 0.2421875 0.075 0.071875
0 0.4078125 0.38828125 0.0765625 0.075
0 0.4015625 0.4671875 0.078125 0.078125
0 0.55859375 0.09609375 0.078125 0.071875
0 0.471875 0.89375 0.08125 0.0875
0 0.62109375 0.87109375 0.046875 0.1578125
0 0.4734375 0.721875 0.078125 0.08125
0 0.39921875 0.54765625 0.0796875 0.0796875
0 0.47265625 0.80859375 0.08125 0.0875
0 0.48359375 0.096875 0.0734375 0.075
0 0.55390625 0.72421875 0.08125 0.084375
0 0.4125 0.240625 0.075 0.0734375
0 0.4 0.709375 0.08125 0.084375
0 0.39296875 0.7953125 0.0828125 0.084375
0 0.3234375 0.5453125 0.08125 0.078125
0 0.32890625 0.3859375 0.078125 0.075
0 0.31640625 0.7046875 0.08125 0.08125
0 0.334375 0.1609375 0.078125 0.075
0 0.4125 0.16796875 0.078125 0.0734375
0 0.3265625 0.465625 0.078125 0.075
0 0.3359375 0.084375 0.078125 0.071875
0 0.3125 0.88515625 0.084375 0.0921875
0 0.33125 0.31484375 0.0765625 0.075
0 0.32109375 0.62734375 0.0796875 0.08125
0 0.3328125 0.2390625 0.078125 0.075
0 0.62109375 0.12421875 0.04375 0.128125
0 0.2421875 0.56796875 0.0734375 0.040625
0 0.61953125 0.25 0.046875 0.128125
0 0.6171875 0.378125 0.046875 0.1375
0 0.61796875 0.5234375 0.05 0.1359375
0 0.61953125 0.71875 0.0484375 0.146875