0 0.515625 0.721875 0.025 0.278125
0 0.48671875 0.72265625 0.025 0.28046875
0 0.740625 0.721875 0.025 0.28828125
0 0.53359375 0.721875 0.0265625 0.2796875
0 0.34296875 0.7265625 0.03515625 0.284375
0 0.43671875 0.72265625 0.03828125 0.28359375
0 0.8921875 0.72109375 0.02890625 0.290625
0 0.66640625 0.72265625 0.02890625 0.28984375
0 0.14453125 0.7265625 0.05390625 0.26953125
0 0.7609375 0.721875 0.0234375 0.2890625
0 0.71015625 0.72265625 0.0296875 0.290625
0 0.91328125 0.7203125 0.03359375 0.29140625
0 0.46484375 0.721875 0.02421875 0.28203125
0 0.55703125 0.72265625 0.028125 0.28125
0 0.31640625 0.7265625 0.02578125 0.28203125
0 0.38125 0.72421875 0.0328125 0.28359375
0 0.78125 0.72265625 0.02578125 0.2890625
0 0.6390625 0.7234375 0.04609375 0.28828125
0 0.35546875 0.7234375 0.02890625 0.28359375
0 0.690625 0.721875 0.025 0.28984375
0 0.83984375 0.7234375 0.03984375 0.290625
0 0.27265625 0.72578125 0.0671875 0.28125
0 0.8671875 0.721875 0.02734375 0.290625
0 0.8046875 0.7234375 0.03046875 0.290625
0 0.16875 0.728125 0.046875 0.2640625
0 0.1859375 0.72265625 0.04375 0.26796875
0 0.209375 0.725 0.03828125 0.2734375
0 0.23046875 0.72578125 0.04296875 0.275
0 0.25234375 0.728125 0.04375 0.275
0 0.46328125 0.43515625 0.03046875 0.29921875
0 0.4390625 0.4390625 0.03046875 0.3046875
0 0.4171875 0.4359375 0.0359375 0.30703125
0 0.3921875 0.4375 0.03515625 0.30703125
0 0.37109375 0.4375 0.0375 0.3046875
0 0.60078125 0.43515625 0.02421875 0.30703125
0 0.625 0.43125 0.021875 0.31015625
0 0.646875 0.43359375 0.028125 0.3125
0 0.66953125 0.428125 0.03046875 0.3109375
0 0.6984375 0.4265625 0.0328125 0.303125
0 0.3921875 0.2484375 0.21484375 0.0328125
0 0.3921875 0.275 0.21796875 0.03125
0 0.60625 0.24375 0.225 0.04453125
0 0.8265625 0.234375 0.2328125 0.04140625
0 0.82421875 0.26015625 0.234375 0.03671875
0 0.6046875 0.26640625 0.2125 0.0375
0 0.5734375 0.72109375 0.03046875 0.27109375
0 0.5984375 0.7171875 0.03203125 0.27890625
0 0.4859375 0.4359375 0.028125 0.30078125
0 0.5078125 0.4375 0.03125 0.30703125