0 0.44296875 0.55546875 0.06640625 0.2140625
0 0.36875 0.5625 0.07109375 0.22265625
0 0.43984375 0.33828125 0.06640625 0.2078125
0 0.39140625 0.165625 0.125 0.13671875
0 0.50546875 0.33984375 0.06484375 0.203125
0 0.5046875 0.546875 0.06328125 0.20546875
0 0.75703125 0.51953125 0.05390625 0.1828125
0 0.56875 0.53984375 0.0609375 0.19921875
0 0.6953125 0.3359375 0.05546875 0.19375
0 0.36640625 0.33828125 0.07265625 0.215625
0 0.85703125 0.3328125 0.05078125 0.1828125
0 0.69609375 0.525 0.05546875 0.184375
0 0.7546875 0.33828125 0.0515625 0.18984375
0 0.2390625 0.15546875 0.14140625 0.14453125
0 0.6421875 0.340625 0.06015625 0.196875
0 0.3046875 0.7890625 0.07421875 0.221875
0 0.21328125 0.334375 0.08203125 0.23828125
0 0.5359375 0.17421875 0.11171875 0.12578125
0 0.80234375 0.3359375 0.0484375 0.184375
0 0.7421875 0.18828125 0.09296875 0.10859375
0 0.221875 0.79609375 0.08046875 0.23125
0 0.8296875 0.18984375 0.0859375 0.1046875
0 0.56953125 0.3375 0.06015625 0.203125
0 0.44375 0.76328125 0.065625 0.20703125
0 0.75703125 0.709375 0.05234375 0.18515625
0 0.21796875 0.57265625 0.08125 0.2265625
0 0.6421875 0.18515625 0.1015625 0.115625
0 0.640625 0.72734375 0.05859375 0.190625
0 0.571875 0.73984375 0.05859375 0.19921875
0 0.6390625 0.534375 0.059375 0.19296875
0 0.696875 0.7171875 0.05546875 0.1859375
0 0.3 0.56640625 0.075 0.221875
0 0.51484375 0.75234375 0.06328125 0.20390625
0 0.3734375 0.7796875 0.07109375 0.21953125
0 0.85859375 0.509375 0.046875 0.1796875
0 0.2953125 0.33671875 0.078125 0.22890625
0 0.80546875 0.5140625 0.0484375 0.18046875
0 0.8046875 0.7 0.05078125 0.17734375
0 0.859375 0.69375 0.04765625 0.178125