0 0.296875 0.5328125 0.115625 0.0625
0 0.62109375 0.52265625 0.103125 0.059375
0 0.5171875 0.40625 0.103125 0.0625
0 0.51640625 0.4625 0.103125 0.059375
0 0.41015625 0.52734375 0.1125 0.0625
0 0.62109375 0.46171875 0.103125 0.059375
0 0.721875 0.52109375 0.1 0.059375
0 0.4078125 0.4078125 0.109375 0.065625
0 0.528125 0.64453125 0.10625 0.0625
0 0.61953125 0.40703125 0.1015625 0.059375
0 0.52421875 0.5234375 0.1046875 0.0609375
0 0.296875 0.46796875 0.115625 0.0625
0 0.4125 0.6484375 0.1125 0.0625
0 0.7234375 0.4625 0.096875 0.059375
0 0.7203125 0.40703125 0.1 0.059375
0 0.825 0.57578125 0.096875 0.059375
0 0.5203125 0.58203125 0.103125 0.059375
0 0.62890625 0.5796875 0.103125 0.059375
0 0.178125 0.465625 0.11875 0.0625
0 0.3 0.7796875 0.11875 0.065625
0 0.8203125 0.4078125 0.096875 0.059375
0 0.63359375 0.69921875 0.103125 0.0625
0 0.41171875 0.58515625 0.1125 0.0625
0 0.83125 0.75859375 0.09375 0.0625
0 0.409375 0.465625 0.1125 0.059375
0 0.82109375 0.4609375 0.096875 0.059375
0 0.73125 0.578125 0.1 0.0609375
0 0.734375 0.6953125 0.103125 0.0625
0 0.53125 0.76875 0.1078125 0.0625
0 0.8296875 0.6921875 0.096875 0.0625
0 0.41875 0.77265625 0.1125 0.065625
0 0.41328125 0.7078125 0.1125 0.065625
0 0.82109375 0.52109375 0.0984375 0.059375
0 0.83125 0.63828125 0.096875 0.059375
0 0.5234375 0.7046875 0.1078125 0.0625
0 0.73046875 0.640625 0.1 0.059375
0 0.18359375 0.534375 0.11875 0.0671875
0 0.7171875 0.34140625 0.1 0.0625
0 0.7328125 0.76171875 0.1 0.0640625
0 0.634375 0.765625 0.103125 0.0640625
0 0.63046875 0.64375 0.1015625 0.0609375
0 0.29765625 0.59140625 0.1171875 0.0625
0 0.178125 0.72421875 0.1203125 0.0640625
0 0.2984375 0.65546875 0.11875 0.065625
0 0.8171875 0.34453125 0.096875 0.0609375
0 0.61640625 0.340625 0.1 0.0625
0 0.18671875 0.7859375 0.121875 0.065625
0 0.1828125 0.65859375 0.11875 0.0640625
0 0.30390625 0.7140625 0.115625 0.0625
0 0.51484375 0.34140625 0.103125 0.065625
0 0.15859375 0.3953125 0.090625 0.084375
0 0.32109375 0.4015625 0.071875 0.075
0 0.215625 0.3359375 0.19375 0.053125
0 0.39609375 0.34296875 0.14375 0.0578125
0 0.23984375 0.396875 0.0875 0.084375
0 0.18203125 0.5921875 0.128125 0.0703125