0 0.6921875 0.89921875 0.24375 0.1328125
0 0.4375 0.9125 0.271875 0.1421875
0 0.428125 0.56171875 0.23125 0.10625
0 0.6828125 0.78046875 0.2359375 0.125
0 0.43125 0.66953125 0.24375 0.1171875
0 0.409375 0.37421875 0.2171875 0.09375
0 0.43046875 0.7875 0.253125 0.1328125
0 0.65703125 0.5640625 0.215625 0.103125
0 0.671875 0.66484375 0.221875 0.1125
0 0.4203125 0.4640625 0.2203125 0.1
0 0.41171875 0.27421875 0.2125 0.090625
0 0.6453125 0.465625 0.2109375 0.096875
0 0.6234375 0.28828125 0.1984375 0.084375
0 0.6140625 0.11953125 0.19375 0.0796875
0 0.63515625 0.37265625 0.20625 0.090625
0 0.61953125 0.2046875 0.19375 0.08125
0 0.40625 0.190625 0.209375 0.08125
0 0.409375 0.1109375 0.2046875 0.075