0 0.61953125 0.740625 0.240625 0.0875
0 0.378125 0.73984375 0.23125 0.084375
0 0.60390625 0.2015625 0.2265625 0.0875
0 0.38515625 0.28046875 0.2171875 0.075
0 0.3828125 0.21171875 0.221875 0.078125
0 0.6125 0.66015625 0.2390625 0.08125
0 0.3796875 0.82734375 0.2375 0.0875
0 0.60390625 0.3515625 0.2234375 0.078125
0 0.609375 0.5046875 0.228125 0.08125
0 0.38125 0.43203125 0.225 0.0765625
0 0.38125 0.50859375 0.225 0.078125
0 0.61328125 0.578125 0.234375 0.08125
0 0.3796875 0.65859375 0.228125 0.08125
0 0.384375 0.58046875 0.225 0.078125
0 0.60703125 0.42890625 0.225 0.078125
0 0.3828125 0.35625 0.221875 0.075
0 0.62421875 0.83046875 0.240625 0.0890625
0 0.60390625 0.28125 0.2234375 0.078125