0 0.17421875 0.41015625 0.08125 0.078125
0 0.3953125 0.56015625 0.0671875 0.06875
0 0.6390625 0.48125 0.059375 0.065625
0 0.69921875 0.48046875 0.05625 0.065625
0 0.396875 0.70625 0.065625 0.06875
0 0.325 0.4890625 0.0703125 0.075
0 0.32421875 0.41328125 0.071875 0.075
0 0.703125 0.41171875 0.059375 0.06875
0 0.5203125 0.41171875 0.0640625 0.0703125
0 0.2484375 0.41328125 0.075 0.075
0 0.52109375 0.62265625 0.0609375 0.0640625
0 0.45859375 0.41328125 0.065625 0.0734375
0 0.39765625 0.63125 0.065625 0.06875
0 0.58046875 0.4828125 0.059375 0.0671875
0 0.3984375 0.77734375 0.065625 0.0625
0 0.75078125 0.48046875 0.05625 0.0625
0 0.6390625 0.55 0.059375 0.0625
0 0.51953125 0.5546875 0.0625 0.065625
0 0.3921875 0.48671875 0.06875 0.071875
0 0.746875 0.675 0.053125 0.059375
0 0.74296875 0.7390625 0.05 0.05625
0 0.45859375 0.55703125 0.0640625 0.06875
0 0.32890625 0.56640625 0.06875 0.065625
0 0.25234375 0.4890625 0.0734375 0.078125
0 0.4578125 0.4859375 0.0640625 0.0703125
0 0.58046875 0.61953125 0.059375 0.0625
0 0.25625 0.56953125 0.0734375 0.065625
0 0.51875 0.48515625 0.0625 0.06875
0 0.85546875 0.54609375 0.0515625 0.05625
0 0.26171875 0.6484375 0.075 0.065625
0 0.46015625 0.771875 0.0625 0.0625
0 0.39296875 0.41328125 0.06875 0.071875
0 0.75 0.546875 0.05625 0.059375
0 0.178125 0.4921875 0.0796875 0.075
0 0.3328125 0.63828125 0.06875 0.065625
0 0.63828125 0.61875 0.0578125 0.059375
0 0.46171875 0.7015625 0.0625 0.065625
0 0.5796875 0.5515625 0.059375 0.065625
0 0.3328125 0.71328125 0.0671875 0.06875
0 0.18125 0.5734375 0.078125 0.065625
0 0.33515625 0.85390625 0.06875 0.065625
0 0.334375 0.78359375 0.06875 0.065625
0 0.121875 0.88046875 0.078125 0.071875
0 0.80390625 0.546875 0.053125 0.05625
0 0.19453125 0.875 0.071875 0.0671875
0 0.1 0.4953125 0.084375 0.0703125
0 0.1890625 0.7265625 0.0765625 0.065625
0 0.8953125 0.725 0.05 0.0546875
0 0.18984375 0.7984375 0.075 0.0640625
0 0.8859375 0.784375 0.046875 0.05
0 0.26328125 0.72109375 0.071875 0.065625
0 0.90625 0.54296875 0.05 0.0578125
0 0.80546875 0.47578125 0.053125 0.0625
0 0.6984375 0.5484375 0.05625 0.0625
0 0.57578125 0.82265625 0.05625 0.059375
0 0.79375 0.7359375 0.0515625 0.05625
0 0.184375 0.65234375 0.075 0.0703125
0 0.58203125 0.4125 0.0625 0.0671875
0 0.6359375 0.74921875 0.0578125 0.059375
0 0.85546875 0.60703125 0.05 0.0578125
0 0.46171875 0.6265625 0.0625 0.0671875
0 0.690625 0.74453125 0.053125 0.059375
0 0.7984375 0.671875 0.05 0.05625
0 0.5203125 0.69609375 0.059375 0.059375
0 0.578125 0.7578125 0.05625 0.0625
0 0.5796875 0.68984375 0.059375 0.059375
0 0.09453125 0.4140625 0.0859375 0.08125
0 0.1140625 0.7296875 0.08125 0.0734375
0 0.6375 0.684375 0.059375 0.059375
0 0.83828125 0.7890625 0.046875 0.0515625
0 0.1171875 0.80703125 0.078125 0.06875
0 0.63203125 0.8171875 0.05625 0.0546875
0 0.85859375 0.4796875 0.0515625 0.059375
0 0.6953125 0.67890625 0.053125 0.059375
0 0.64296875 0.4125 0.0578125 0.06875
0 0.75625 0.41015625 0.05625 0.0625
0 0.91015625 0.47890625 0.0515625 0.05625
0 0.1671875 0.32890625 0.08125 0.0765625
0 0.26484375 0.7921875 0.071875 0.0609375
0 0.78984375 0.7984375 0.053125 0.053125
0 0.85 0.66953125 0.053125 0.053125
0 0.8046875 0.61015625 0.053125 0.0578125
0 0.52265625 0.765625 0.059375 0.059375
0 0.109375 0.65625 0.08125 0.0703125
0 0.51796875 0.8296875 0.0625 0.059375
0 0.753125 0.609375 0.053125 0.059375
0 0.31875 0.33046875 0.0734375 0.0796875
0 0.45546875 0.33359375 0.0671875 0.078125
0 0.2671875 0.86484375 0.0703125 0.065625
0 0.45859375 0.8359375 0.0609375 0.0609375
0 0.86484375 0.409375 0.05 0.0640625
0 0.8109375 0.41640625 0.053125 0.0609375
0 0.84921875 0.7328125 0.05 0.05625
0 0.7390625 0.803125 0.05 0.053125
0 0.39375 0.84921875 0.0625 0.0625
0 0.0859375 0.33046875 0.0875 0.078125
0 0.24296875 0.3265625 0.078125 0.08125
0 0.86484375 0.34609375 0.0515625 0.0578125
0 0.9171875 0.3453125 0.053125 0.059375
0 0.69375 0.61171875 0.053125 0.059375
0 0.51796875 0.33359375 0.065625 0.075
0 0.10390625 0.5765625 0.08125 0.0734375
0 0.58125 0.33359375 0.0625 0.075
0 0.3875 0.33125 0.071875 0.084375
0 0.6421875 0.33203125 0.0625 0.075
0 0.70234375 0.334375 0.065625 0.075
0 0.76015625 0.33515625 0.0625 0.075
0 0.8109375 0.33671875 0.0546875 0.071875
0 0.9171875 0.40546875 0.05625 0.06875
0 0.90390625 0.5984375 0.05 0.0640625
0 0.8984375 0.66015625 0.053125 0.0625
0 0.68671875 0.80546875 0.053125 0.0671875