0 0.62734375 0.5140625 0.1125 0.246875
0 0.24921875 0.7203125 0.096875 0.20625
0 0.86484375 0.79375 0.125 0.259375
0 0.3421875 0.725 0.096875 0.203125
0 0.62265625 0.7546875 0.10625 0.2375
0 0.87421875 0.5359375 0.134375 0.284375
0 0.746875 0.5296875 0.1234375 0.2625
0 0.0921875 0.69609375 0.0953125 0.1984375
0 0.43046875 0.73671875 0.1015625 0.215625
0 0.52578125 0.74609375 0.096875 0.2265625
0 0.1734375 0.70625 0.090625 0.2015625
0 0.740625 0.77265625 0.11875 0.253125
0 0.33515625 0.509375 0.1 0.21875
0 0.5296875 0.51484375 0.103125 0.23125
0 0.24375 0.50546875 0.096875 0.209375
0 0.43203125 0.51640625 0.1 0.21875
0 0.0796875 0.4984375 0.103125 0.2140625
0 0.16015625 0.5015625 0.0890625 0.209375