0 0.4578125 0.87734375 0.1546875 0.140625
0 0.61328125 0.89296875 0.165625 0.146875
0 0.61015625 0.65078125 0.140625 0.10625
0 0.6140625 0.76171875 0.1546875 0.1203125
0 0.46171875 0.75390625 0.14375 0.115625
0 0.60390625 0.5484375 0.1328125 0.09375
0 0.72578125 0.45703125 0.13125 0.08125
0 0.76640625 0.76171875 0.16875 0.1234375
0 0.334375 0.74140625 0.1390625 0.1109375
0 0.346875 0.63671875 0.1296875 0.0984375
0 0.734375 0.5453125 0.1453125 0.0921875
0 0.32109375 0.8671875 0.15 0.13125
0 0.75390625 0.64140625 0.15625 0.103125
0 0.125 0.62421875 0.1265625 0.090625
0 0.6015625 0.46015625 0.125 0.08125
0 0.3703125 0.46328125 0.11875 0.08125
0 0.103125 0.71875 0.1328125 0.1
0 0.2640625 0.4640625 0.115625 0.078125
0 0.4703125 0.6375 0.13125 0.1
0 0.4734375 0.5484375 0.125 0.090625
0 0.5015625 0.13671875 0.0953125 0.059375
0 0.4796875 0.4609375 0.11875 0.08125
0 0.2125 0.7328125 0.1375 0.10625
0 0.59921875 0.3796875 0.11875 0.075
0 0.23203125 0.63515625 0.128125 0.0953125
0 0.60078125 0.184375 0.10625 0.06875
0 0.27734375 0.38828125 0.1125 0.075
0 0.35625 0.55078125 0.125 0.0859375
0 0.490625 0.31640625 0.109375 0.071875
0 0.246875 0.5484375 0.11875 0.084375
0 0.19765625 0.85078125 0.1390625 0.1296875
0 0.29375 0.32578125 0.10625 0.0703125
0 0.484375 0.38046875 0.1109375 0.075
0 0.78515625 0.896875 0.1875 0.14375
0 0.59765625 0.3125 0.1125 0.0734375
0 0.14921875 0.54140625 0.121875 0.084375
0 0.69453125 0.16875 0.1078125 0.05625
0 0.1859375 0.38828125 0.1078125 0.071875
0 0.38828125 0.321875 0.10625 0.0671875
0 0.703125 0.23203125 0.1125 0.065625
0 0.5984375 0.12578125 0.096875 0.059375
0 0.078125 0.82734375 0.134375 0.115625
0 0.409375 0.20625 0.0953125 0.0625
0 0.16875 0.46171875 0.109375 0.075
0 0.5015625 0.08828125 0.0875 0.05625
0 0.4125 0.15 0.090625 0.0625
0 0.20703125 0.32421875 0.1 0.071875
0 0.71796875 0.30625 0.128125 0.078125
0 0.4953125 0.1953125 0.1 0.0640625
0 0.49765625 0.2515625 0.1 0.0625
0 0.3984375 0.26484375 0.103125 0.0625
0 0.6890625 0.11875 0.1015625 0.05625
0 0.3125 0.2640625 0.096875 0.0578125
0 0.38359375 0.38671875 0.1125 0.0703125
0 0.59140625 0.0734375 0.09375 0.059375
0 0.3171875 0.2125 0.084375 0.05625
0 0.41953125 0.1 0.084375 0.053125
0 0.6921875 0.0671875 0.1015625 0.06875
0 0.72265625 0.38125 0.134375 0.0796875
0 0.5984375 0.2421875 0.109375 0.078125
0 0.33203125 0.159375 0.1 0.06875
0 0.340625 0.11171875 0.09375 0.059375
0 0.2265625 0.26484375 0.109375 0.0703125
0 0.24140625 0.21484375 0.10625 0.065625
0 0.2546875 0.1640625 0.096875 0.0625
0 0.26328125 0.1234375 0.09375 0.065625