0 0.44453125 0.3671875 0.20625 0.06875
0 0.653125 0.3703125 0.2171875 0.06875
0 0.30625 0.72109375 0.10625 0.090625
0 0.65078125 0.4359375 0.209375 0.0640625
0 0.64609375 0.51015625 0.2 0.059375
0 0.45234375 0.5578125 0.190625 0.0609375
0 0.45234375 0.49921875 0.196875 0.0625
0 0.45078125 0.43203125 0.203125 0.065625
0 0.83359375 0.63359375 0.1953125 0.05625
0 0.6375 0.63359375 0.1890625 0.05625
0 0.87890625 0.36953125 0.21875 0.06875
0 0.66484375 0.2921875 0.215625 0.0734375
0 0.446875 0.2890625 0.215625 0.0734375
0 0.6390625 0.56640625 0.19375 0.059375
0 0.3015625 0.625 0.109375 0.103125
0 0.45234375 0.62734375 0.1890625 0.059375
0 0.8578125 0.50703125 0.203125 0.0625
0 0.83828125 0.56875 0.2 0.059375
0 0.86796875 0.43515625 0.2125 0.0671875
0 0.45390625 0.68125 0.184375 0.05625
0 0.88984375 0.21328125 0.2203125 0.0765625
0 0.62890625 0.74375 0.184375 0.053125
0 0.3125 0.81484375 0.1015625 0.084375
0 0.43984375 0.21171875 0.225 0.078125
0 0.66875 0.2125 0.225 0.0828125
0 0.88515625 0.29453125 0.225 0.0734375
0 0.6265625 0.84296875 0.1765625 0.0515625
0 0.284375 0.38203125 0.1234375 0.11875
0 0.81015625 0.7921875 0.184375 0.05
0 0.628125 0.7921875 0.18125 0.046875
0 0.8203125 0.74453125 0.184375 0.053125
0 0.26015625 0.2453125 0.128125 0.1359375
0 0.63515625 0.684375 0.1859375 0.0546875
0 0.2984375 0.5140625 0.1140625 0.109375
0 0.8296875 0.6859375 0.1875 0.05625
0 0.45078125 0.74140625 0.1828125 0.053125
0 0.44765625 0.84296875 0.175 0.05
0 0.78046875 0.84921875 0.134375 0.05
0 0.45234375 0.79140625 0.178125 0.053125