0 0.378125 0.284375 0.08359375 0.11640625
0 0.92734375 0.2734375 0.1 0.12578125
0 0.7953125 0.8328125 0.084375 0.10703125
0 0.8359375 0.2765625 0.09609375 0.12421875
0 0.40390625 0.19375 0.14765625 0.071875
0 0.828125 0.3921875 0.09296875 0.11953125
0 0.64765625 0.2796875 0.08828125 0.11953125
0 0.6453125 0.50703125 0.08671875 0.1140625
0 0.74140625 0.27890625 0.0921875 0.121875
0 0.55390625 0.2828125 0.08828125 0.1203125
0 0.7359375 0.390625 0.09296875 0.1171875
0 0.81328125 0.7296875 0.08828125 0.11171875
0 0.821875 0.51015625 0.08984375 0.1140625
0 0.29921875 0.2859375 0.08203125 0.11640625
0 0.9015625 0.73125 0.09453125 0.11015625
0 0.4640625 0.284375 0.08671875 0.11953125
0 0.3796875 0.6078125 0.08203125 0.10859375
0 0.55390625 0.615625 0.08359375 0.10703125
0 0.21796875 0.39140625 0.0828125 0.11015625
0 0.72109375 0.1875 0.15546875 0.06875
0 0.9171875 0.50625 0.09453125 0.115625
0 0.471875 0.39453125 0.08515625 0.11484375
0 0.26171875 0.196875 0.1390625 0.06796875
0 0.3 0.60703125 0.0796875 0.10703125
0 0.55625 0.50703125 0.08515625 0.1109375
0 0.14140625 0.4953125 0.084375 0.1078125
0 0.21640625 0.28515625 0.08359375 0.1125
0 0.21953125 0.60546875 0.0796875 0.10703125
0 0.9078125 0.61875 0.09609375 0.11484375
0 0.73203125 0.51015625 0.0890625 0.1140625
0 0.4671875 0.6109375 0.08359375 0.10625
0 0.31640625 0.50390625 0.08125 0.11015625
0 0.925 0.3921875 0.09921875 0.12109375
0 0.64140625 0.390625 0.0875 0.115625
0 0.81796875 0.61640625 0.09140625 0.11328125
0 0.37734375 0.39375 0.08359375 0.1140625
0 0.13359375 0.2875 0.08125 0.11171875
0 0.13515625 0.396875 0.08203125 0.1109375
0 0.63671875 0.71796875 0.08515625 0.11015625
0 0.884375 0.8390625 0.0921875 0.10859375
0 0.55859375 0.18984375 0.14921875 0.06953125
0 0.47109375 0.50546875 0.08515625 0.11015625
0 0.55625 0.39140625 0.0859375 0.11484375
0 0.7234375 0.6203125 0.08828125 0.1125
0 0.13984375 0.5984375 0.078125 0.10546875
0 0.7109375 0.8296875 0.08203125 0.109375
0 0.37890625 0.81484375 0.0796875 0.10234375
0 0.3046875 0.70859375 0.07578125 0.10234375
0 0.378125 0.7125 0.0828125 0.1046875
0 0.4640625 0.8125 0.07890625 0.10078125
0 0.3046875 0.80625 0.0765625 0.103125
0 0.05 0.2828125 0.0828125 0.1109375
0 0.6359375 0.61171875 0.0859375 0.11015625
0 0.47109375 0.7171875 0.08203125 0.10546875
0 0.55859375 0.7203125 0.08359375 0.10625
0 0.5453125 0.8203125 0.08125 0.10546875
0 0.225 0.70390625 0.078125 0.10078125
0 0.39375 0.50625 0.08046875 0.11015625
0 0.0515625 0.39140625 0.08125 0.109375
0 0.30078125 0.39375 0.0796875 0.11328125
0 0.0625 0.596875 0.08203125 0.1046875
0 0.625 0.821875 0.0828125 0.10625
0 0.2328125 0.49765625 0.08125 0.1078125
0 0.10546875 0.19921875 0.13671875 0.06640625
0 0.896875 0.178125 0.1625 0.07109375
0 0.05859375 0.49375 0.0796875 0.10546875
0 0.7234375 0.7265625 0.08515625 0.109375
0 0.14609375 0.69765625 0.07578125 0.103125
0 0.225 0.79765625 0.07734375 0.09921875
0 0.0765625 0.7921875 0.078125 0.09921875
0 0.15234375 0.7953125 0.07734375 0.1
0 0.0734375 0.6953125 0.08046875 0.1046875