0 0.36875 0.83125 0.078125 0.05
0 0.37109375 0.78125 0.075 0.0515625
0 0.43984375 0.8828125 0.075 0.053125
0 0.4453125 0.78359375 0.075 0.05
0 0.3734375 0.6890625 0.075 0.046875
0 0.44453125 0.73515625 0.071875 0.05
0 0.24375 0.60546875 0.071875 0.04375
0 0.3125 0.60390625 0.071875 0.0421875
0 0.378125 0.6453125 0.071875 0.04375
0 0.4421875 0.83125 0.078125 0.053125
0 0.22109375 0.83125 0.075 0.05
0 0.2953125 0.83203125 0.071875 0.0515625
0 0.45078125 0.52578125 0.0640625 0.040625
0 0.37265625 0.73515625 0.075 0.05
0 0.2015625 0.45234375 0.06875 0.0375
0 0.265625 0.45390625 0.065625 0.0390625
0 0.3265625 0.4546875 0.0640625 0.0375
0 0.3875 0.453125 0.0625 0.0375
0 0.4484375 0.45234375 0.0625 0.0375
0 0.4953125 0.4515625 0.0328125 0.0375
0 0.49765625 0.48671875 0.0328125 0.0375
0 0.45 0.48828125 0.0640625 0.0375
0 0.38515625 0.48828125 0.0640625 0.0375
0 0.3234375 0.48984375 0.0640625 0.0375
0 0.26015625 0.4890625 0.06875 0.0375
0 0.196875 0.48984375 0.071875 0.0390625
0 0.38671875 0.525 0.0671875 0.040625
0 0.32265625 0.5265625 0.0703125 0.0375
0 0.259375 0.52734375 0.075 0.0390625
0 0.19140625 0.52734375 0.078125 0.0375
0 0.184375 0.56640625 0.075 0.040625
0 0.25234375 0.56484375 0.071875 0.040625
0 0.31796875 0.56484375 0.0703125 0.0421875
0 0.3828125 0.56328125 0.0703125 0.040625
0 0.4484375 0.5625 0.065625 0.040625
0 0.496875 0.5609375 0.03125 0.0421875
0 0.49765625 0.60078125 0.028125 0.0421875
0 0.49765625 0.64375 0.0328125 0.04375
0 0.3828125 0.60390625 0.071875 0.0421875
0 0.44921875 0.60234375 0.06875 0.04375
0 0.17734375 0.6046875 0.075 0.040625
0 0.16953125 0.64765625 0.078125 0.0453125
0 0.2390625 0.646875 0.078125 0.04375
0 0.3078125 0.64609375 0.075 0.0453125
0 0.4484375 0.6453125 0.0703125 0.046875
0 0.496875 0.6890625 0.0375 0.046875
0 0.44453125 0.6890625 0.06875 0.046875
0 0.30234375 0.68984375 0.0734375 0.046875
0 0.2328125 0.68984375 0.075 0.046875
0 0.16328125 0.69140625 0.075 0.0453125
0 0.496875 0.73515625 0.034375 0.05
0 0.49921875 0.7828125 0.0328125 0.05
0 0.4984375 0.83125 0.0375 0.053125
0 0.49765625 0.88203125 0.040625 0.053125
0 0.3015625 0.7359375 0.0765625 0.05
0 0.23125 0.7359375 0.078125 0.046875
0 0.159375 0.7359375 0.078125 0.0515625
0 0.153125 0.7828125 0.0796875 0.0515625
0 0.22734375 0.78203125 0.078125 0.0515625
0 0.2984375 0.7828125 0.0796875 0.0515625
0 0.1453125 0.83125 0.0765625 0.05
0 0.14140625 0.88125 0.084375 0.05625
0 0.21484375 0.88203125 0.08125 0.0546875
0 0.29140625 0.88203125 0.0796875 0.05625
0 0.36484375 0.88125 0.08125 0.05625
0 0.49765625 0.5234375 0.0296875 0.0390625