0 0.68515625 0.1640625 0.065625 0.0546875
0 0.75 0.1609375 0.0671875 0.0546875
0 0.6625 0.58046875 0.059375 0.090625
0 0.44609375 0.775 0.053125 0.109375
0 0.5578125 0.115625 0.0625 0.05625
0 0.61484375 0.67265625 0.0546875 0.09375
0 0.6125 0.58046875 0.0546875 0.0875
0 0.74609375 0.10234375 0.065625 0.05625
0 0.23359375 0.57578125 0.0515625 0.0953125
0 0.5640625 0.671875 0.05625 0.09375
0 0.56484375 0.76796875 0.0625 0.1
0 0.71015625 0.4875 0.05625 0.0921875
0 0.559375 0.5765625 0.05 0.0953125
0 0.50703125 0.88515625 0.0625 0.115625
0 0.33828125 0.7765625 0.0625 0.10625
0 0.6171875 0.7671875 0.059375 0.103125
0 0.61875 0.16328125 0.0625 0.0546875
0 0.8375 0.7640625 0.0703125 0.1015625
0 0.71328125 0.57890625 0.059375 0.090625
0 0.2390625 0.10078125 0.0625 0.059375
0 0.78046875 0.76640625 0.0640625 0.1015625
0 0.665625 0.6734375 0.059375 0.09375
0 0.17578125 0.1625 0.0625 0.0546875
0 0.34921875 0.39140625 0.059375 0.0890625
0 0.5078125 0.765625 0.0640625 0.109375
0 0.3921875 0.77734375 0.05625 0.1078125
0 0.1359375 0.5734375 0.05 0.09375
0 0.75234375 0.3109375 0.0546875 0.084375
0 0.28828125 0.675 0.0625 0.1
0 0.67109375 0.77109375 0.0625 0.1
0 0.803125 0.3125 0.05 0.084375
0 0.76640625 0.6703125 0.05625 0.0953125
0 0.66015625 0.4953125 0.059375 0.09375
0 0.38671875 0.88359375 0.0546875 0.1125
0 0.44765625 0.67109375 0.05 0.1015625
0 0.440625 0.8875 0.059375 0.1125
0 0.828125 0.6671875 0.06875 0.096875
0 0.33515625 0.884375 0.065625 0.1125
0 0.28359375 0.77734375 0.059375 0.1046875
0 0.3671875 0.07734375 0.065625 0.0578125
0 0.75859375 0.4890625 0.05 0.090625
0 0.49765625 0.12109375 0.059375 0.053125
0 0.68203125 0.1078125 0.0640625 0.053125
0 0.61171875 0.496875 0.05 0.090625
0 0.17734375 0.671875 0.053125 0.1
0 0.725 0.7671875 0.0625 0.103125
0 0.71640625 0.67265625 0.0671875 0.09375
0 0.1796875 0.10390625 0.0609375 0.059375
0 0.34375 0.6734375 0.059375 0.1
0 0.76328125 0.5765625 0.0546875 0.0890625
0 0.225 0.7765625 0.05625 0.1046875
0 0.5078125 0.671875 0.0609375 0.09375
0 0.60703125 0.40859375 0.053125 0.0859375
0 0.46171875 0.421875 0.0578125 0.084375
0 0.85078125 0.8703125 0.071875 0.1078125
0 0.396875 0.28828125 0.05 0.0890625
0 0.3453125 0.28828125 0.05 0.090625
0 0.67421875 0.87265625 0.065625 0.1046875
0 0.815625 0.48515625 0.05625 0.084375
0 0.28984375 0.57578125 0.0625 0.09375
0 0.5578125 0.1703125 0.0625 0.053125
0 0.228125 0.67578125 0.0515625 0.1015625
0 0.73203125 0.87265625 0.0640625 0.10625
0 0.62265625 0.8703125 0.0609375 0.10625
0 0.278125 0.884375 0.0640625 0.109375
0 0.34609375 0.48203125 0.059375 0.09375
0 0.18125 0.5734375 0.0484375 0.0953125
0 0.61796875 0.11015625 0.0625 0.053125
0 0.7890625 0.87109375 0.071875 0.103125
0 0.125 0.66953125 0.053125 0.0984375
0 0.4609375 0.4953125 0.04375 0.071875
0 0.39453125 0.6734375 0.0546875 0.1
0 0.55859375 0.4765625 0.053125 0.0890625
0 0.17109375 0.77265625 0.053125 0.1046875
0 0.3671875 0.13515625 0.06875 0.053125
0 0.56640625 0.871875 0.0625 0.109375
0 0.55546875 0.2359375 0.0546875 0.0796875
0 0.1171875 0.77109375 0.0515625 0.1046875
0 0.65546875 0.409375 0.05625 0.0859375
0 0.70390625 0.4 0.059375 0.0875
0 0.75234375 0.403125 0.053125 0.0875
0 0.49765625 0.17578125 0.059375 0.0515625
0 0.46484375 0.3375 0.0484375 0.0828125
0 0.24765625 0.30625 0.0484375 0.0875
0 0.51171875 0.57734375 0.05625 0.090625
0 0.346875 0.57578125 0.05625 0.1
0 0.19921875 0.3046875 0.05 0.0875
0 0.25 0.3953125 0.05 0.0890625
0 0.51015625 0.3171875 0.0484375 0.0859375
0 0.20078125 0.39375 0.059375 0.0890625
0 0.30078125 0.39296875 0.05625 0.090625
0 0.7984375 0.40234375 0.05 0.0875
0 0.69609375 0.23125 0.059375 0.0875
0 0.6984375 0.3125 0.059375 0.0875
0 0.2953125 0.48359375 0.0609375 0.09375
0 0.65078125 0.315625 0.05625 0.0875
0 0.159375 0.3078125 0.053125 0.084375
0 0.30390625 0.08125 0.0640625 0.05625
0 0.51171875 0.48046875 0.053125 0.0859375
0 0.15234375 0.39609375 0.0625 0.090625
0 0.60546875 0.3203125 0.05 0.0875
0 0.553125 0.315625 0.0453125 0.08125
0 0.7453125 0.2296875 0.053125 0.084375
0 0.23828125 0.4828125 0.05 0.090625
0 0.196875 0.4828125 0.059375 0.09375
0 0.109375 0.8734375 0.059375 0.10625
0 0.41484375 0.4203125 0.040625 0.084375
0 0.16328125 0.22734375 0.0484375 0.084375
0 0.55625 0.31171875 0.05 0.0828125
0 0.303125 0.2890625 0.053125 0.0875
0 0.50703125 0.23828125 0.04375 0.078125
0 0.65 0.234375 0.05625 0.084375
0 0.39765625 0.571875 0.05625 0.0984375
0 0.8171875 0.1609375 0.0703125 0.053125
0 0.4625 0.25859375 0.053125 0.08125
0 0.82421875 0.5734375 0.0625 0.096875
0 0.6046875 0.2390625 0.05 0.08125
0 0.22578125 0.8828125 0.0609375 0.1125
0 0.23984375 0.15703125 0.065625 0.059375
0 0.35390625 0.203125 0.0546875 0.090625
0 0.39765625 0.20390625 0.05 0.084375
0 0.25625 0.221875 0.05625 0.0875
0 0.55703125 0.3921875 0.053125 0.090625
0 0.815625 0.090625 0.071875 0.053125
0 0.79921875 0.22578125 0.05625 0.0921875
0 0.509375 0.396875 0.0484375 0.0921875
0 0.45390625 0.571875 0.05625 0.0984375
0 0.30234375 0.1375 0.071875 0.0625
0 0.3078125 0.2046875 0.053125 0.0875
0 0.21328125 0.225 0.05625 0.090625
0 0.14765625 0.48359375 0.059375 0.090625
0 0.1703125 0.87890625 0.0625 0.1109375