0 0.30703125 0.72734375 0.115625 0.1125
0 0.51328125 0.61171875 0.096875 0.1
0 0.41796875 0.725 0.10625 0.1078125
0 0.31015625 0.625 0.1125 0.10625
0 0.4171875 0.615625 0.1046875 0.1046875
0 0.18046875 0.740625 0.128125 0.1203125
0 0.51484375 0.7125 0.1 0.10625
0 0.51171875 0.525 0.09375 0.0921875
0 0.19296875 0.6234375 0.1203125 0.109375
0 0.4140625 0.52421875 0.103125 0.096875
0 0.31484375 0.5234375 0.109375 0.1
0 0.6078125 0.61171875 0.0921875 0.0953125
0 0.60234375 0.5234375 0.090625 0.090625
0 0.60859375 0.70859375 0.090625 0.1
0 0.68984375 0.52421875 0.084375 0.0875
0 0.77265625 0.60703125 0.075 0.0875
0 0.771875 0.52421875 0.078125 0.084375
0 0.690625 0.60625 0.0828125 0.090625
0 0.6 0.43515625 0.0875 0.084375
0 0.696875 0.70078125 0.0828125 0.0953125
0 0.97421875 0.596875 0.05 0.078125
0 0.6828125 0.43828125 0.078125 0.08125
0 0.41796875 0.43046875 0.1 0.090625
0 0.51796875 0.43203125 0.0875 0.0875
0 0.30859375 0.34921875 0.0890625 0.059375
0 0.975 0.6765625 0.05 0.08125
0 0.1921875 0.5234375 0.1234375 0.10625
0 0.3203125 0.42890625 0.1078125 0.0953125
0 0.9171875 0.68359375 0.0703125 0.08125
0 0.96953125 0.5234375 0.0609375 0.078125
0 0.90859375 0.59921875 0.071875 0.08125
0 0.8421875 0.60390625 0.065625 0.084375
0 0.95625 0.446875 0.0625 0.0703125
0 0.90546875 0.521875 0.0625 0.0765625
0 0.7765625 0.69453125 0.0765625 0.09375
0 0.8953125 0.4484375 0.059375 0.0703125
0 0.84765625 0.68671875 0.065625 0.084375
0 0.7453125 0.38046875 0.05625 0.05
0 0.84453125 0.52421875 0.071875 0.078125
0 0.7609375 0.44140625 0.0703125 0.078125
0 0.3953125 0.3546875 0.08125 0.05625
0 0.6859375 0.3765625 0.06875 0.0515625
0 0.6203125 0.371875 0.0625 0.0546875
0 0.85859375 0.390625 0.05625 0.0484375
0 0.91015625 0.3921875 0.0484375 0.04375
0 0.471875 0.35859375 0.071875 0.05625
0 0.8046875 0.3859375 0.059375 0.046875
0 0.21796875 0.34296875 0.090625 0.0625
0 0.9609375 0.39453125 0.05 0.0421875
0 0.8296875 0.44453125 0.075 0.0734375
0 0.5515625 0.3640625 0.071875 0.053125
0 0.21015625 0.4234375 0.1171875 0.1046875
0 0.99140625 0.4484375 0.0171875 0.071875