0 0.4453125 0.54296875 0.05546875 0.05546875
0 0.50078125 0.54140625 0.0546875 0.05078125
0 0.55703125 0.54140625 0.05625 0.05078125
0 0.78046875 0.54140625 0.05625 0.0515625
0 0.7234375 0.54140625 0.05703125 0.0515625
0 0.6125 0.54140625 0.05625 0.05234375
0 0.83671875 0.5421875 0.0578125 0.053125
0 0.66796875 0.5421875 0.0546875 0.05390625
0 0.34296875 0.54296875 0.05078125 0.0484375
0 0.74765625 0.67109375 0.06796875 0.0734375
0 0.39296875 0.54375 0.04921875 0.046875
0 0.87578125 0.6703125 0.06796875 0.07109375
0 0.4953125 0.5984375 0.0609375 0.0609375
0 0.89296875 0.54140625 0.05625 0.05625
0 0.29140625 0.54296875 0.05 0.0484375
0 0.81328125 0.67109375 0.0671875 0.07109375
0 0.625 0.66875 0.06875 0.07421875
0 0.3796875 0.66796875 0.06484375 0.07421875
0 0.74375 0.6 0.06328125 0.06875
0 0.2875 0.4921875 0.04375 0.0375
0 0.68125 0.59921875 0.0625 0.0703125
0 0.621875 0.59921875 0.0671875 0.06640625
0 0.3171875 0.59921875 0.06171875 0.06953125
0 0.43984375 0.60078125 0.059375 0.05859375
0 0.31953125 0.66953125 0.06171875 0.06953125
0 0.50390625 0.66953125 0.065625 0.07109375
0 0.8078125 0.6 0.06640625 0.06953125
0 0.28671875 0.4546875 0.03984375 0.0375
0 0.32421875 0.4546875 0.0390625 0.03984375
0 0.3625 0.4546875 0.0375 0.0375
0 0.39921875 0.45546875 0.0390625 0.0359375
0 0.43828125 0.45546875 0.03828125 0.0375
0 0.47421875 0.4546875 0.0375 0.03828125
0 0.5125 0.45390625 0.03828125 0.03671875
0 0.5515625 0.45546875 0.03828125 0.034375
0 0.58828125 0.45390625 0.03984375 0.03828125
0 0.62734375 0.453125 0.03984375 0.040625
0 0.665625 0.453125 0.03671875 0.0390625
0 0.7046875 0.453125 0.0421875 0.03671875
0 0.74453125 0.453125 0.03984375 0.03828125
0 0.784375 0.45234375 0.0390625 0.0359375
0 0.246875 0.4921875 0.04296875 0.0375
0 0.32734375 0.4921875 0.0421875 0.03828125
0 0.36796875 0.4921875 0.0421875 0.0421875
0 0.409375 0.49140625 0.04375 0.0390625
0 0.44921875 0.4890625 0.0421875 0.03515625
0 0.48984375 0.48828125 0.0421875 0.03671875
0 0.53203125 0.4890625 0.0421875 0.0359375
0 0.57265625 0.48828125 0.04296875 0.034375
0 0.61484375 0.4890625 0.0421875 0.03515625
0 0.6578125 0.48828125 0.046875 0.03671875
0 0.70078125 0.48828125 0.04375 0.034375
0 0.74453125 0.48671875 0.04296875 0.034375
0 0.78984375 0.48671875 0.046875 0.03671875
0 0.19453125 0.5375 0.046875 0.05625
0 0.24375 0.5375 0.04765625 0.05546875
0 0.134375 0.59921875 0.065625 0.06796875
0 0.19296875 0.59765625 0.0625 0.06875
0 0.25390625 0.5984375 0.0640625 0.07265625
0 0.3765625 0.59921875 0.06015625 0.0671875
0 0.5578125 0.59921875 0.06015625 0.06796875
0 0.87265625 0.6 0.0671875 0.06953125
0 0.93515625 0.6 0.06796875 0.07109375
0 0.93984375 0.671875 0.071875 0.071875
0 0.68671875 0.6703125 0.06875 0.071875
0 0.56328125 0.66875 0.06171875 0.07265625
0 0.440625 0.66875 0.0671875 0.0734375
0 0.25625 0.6671875 0.0625 0.07265625
0 0.196875 0.6671875 0.0640625 0.0703125
0 0.1359375 0.66875 0.065625 0.071875