0 0.8359375 0.6859375 0.13671875 0.0765625
0 0.83125 0.609375 0.134375 0.07421875
0 0.225 0.584375 0.1109375 0.06875
0 0.4515625 0.459375 0.1171875 0.06484375
0 0.8203125 0.4640625 0.128125 0.075
0 0.82578125 0.540625 0.1328125 0.071875
0 0.5703125 0.4578125 0.121875 0.065625
0 0.83828125 0.84375 0.13359375 0.0796875
0 0.8359375 0.7625 0.13671875 0.07890625
0 0.22578125 0.453125 0.1109375 0.06640625
0 0.45078125 0.39609375 0.11328125 0.06640625
0 0.590625 0.69140625 0.07109375 0.05234375
0 0.51875 0.6421875 0.0703125 0.04921875
0 0.2265625 0.5234375 0.1125 0.06796875
0 0.69375 0.4546875 0.1265625 0.065625
0 0.33203125 0.4515625 0.1125 0.06875
0 0.38515625 0.68984375 0.06796875 0.05078125
0 0.565625 0.3953125 0.11484375 0.0671875
0 0.45234375 0.5234375 0.1203125 0.0640625
0 0.571875 0.52265625 0.12421875 0.06484375
0 0.19609375 0.64453125 0.06015625 0.046875
0 0.3328125 0.52109375 0.1109375 0.06875
0 0.25234375 0.6875 0.06171875 0.04765625
0 0.13125 0.55234375 0.06484375 0.05
0 0.22890625 0.384375 0.109375 0.06875
0 0.33203125 0.584375 0.1109375 0.06796875
0 0.696875 0.52109375 0.12890625 0.06484375
0 0.3390625 0.38203125 0.11015625 0.06953125
0 0.4515625 0.6890625 0.0671875 0.04921875
0 0.51875 0.84140625 0.0703125 0.0546875
0 0.31796875 0.834375 0.06640625 0.053125
0 0.57265625 0.58515625 0.12109375 0.06640625
0 0.66171875 0.69296875 0.075 0.05234375
0 0.1953125 0.68671875 0.059375 0.04765625
0 0.66171875 0.7703125 0.0734375 0.10390625
0 0.3203125 0.6875 0.065625 0.04765625
0 0.31953125 0.784375 0.065625 0.046875
0 0.52265625 0.7890625 0.06875 0.0546875
0 0.45078125 0.78671875 0.06875 0.04921875
0 0.4484375 0.584375 0.11875 0.06484375
0 0.3203125 0.740625 0.06484375 0.053125
0 0.1390625 0.509375 0.06171875 0.04453125
0 0.31953125 0.64453125 0.06640625 0.04765625
0 0.684375 0.39296875 0.12109375 0.06953125
0 0.590625 0.64375 0.06875 0.046875
0 0.45078125 0.6421875 0.0671875 0.04921875
0 0.5234375 0.690625 0.06953125 0.05078125
0 0.45078125 0.83828125 0.07109375 0.0515625
0 0.73046875 0.69375 0.07265625 0.0546875
0 0.18984375 0.78125 0.06640625 0.05
0 0.52265625 0.7421875 0.06875 0.04765625
0 0.3796875 0.7859375 0.06640625 0.05
0 0.384375 0.73671875 0.0671875 0.046875
0 0.7 0.58515625 0.13203125 0.0671875
0 0.25078125 0.78359375 0.0640625 0.05
0 0.8171875 0.390625 0.13046875 0.07890625
0 0.66328125 0.8515625 0.07421875 0.05234375
0 0.2515625 0.83515625 0.0640625 0.05
0 0.7296875 0.771875 0.07265625 0.10390625
0 0.58671875 0.77265625 0.0703125 0.09296875
0 0.3796875 0.83984375 0.06640625 0.05234375
0 0.7390625 0.85 0.07578125 0.0546875
0 0.19453125 0.73671875 0.0609375 0.0484375
0 0.5890625 0.84765625 0.071875 0.053125
0 0.384375 0.6421875 0.06875 0.05
0 0.4515625 0.73671875 0.0671875 0.0484375
0 0.25625 0.64140625 0.06328125 0.046875
0 0.66015625 0.64296875 0.0734375 0.0515625
0 0.134375 0.46171875 0.06328125 0.04921875
0 0.25546875 0.734375 0.06484375 0.05078125
0 0.12734375 0.77734375 0.06875 0.0546875
0 0.1296875 0.73671875 0.059375 0.046875
0 0.73125 0.64609375 0.07265625 0.0484375
0 0.1296875 0.6421875 0.0640625 0.05078125
0 0.73046875 0.746875 0.07265625 0.05234375
0 0.1375 0.37265625 0.0625 0.04453125
0 0.1375 0.41953125 0.06953125 0.0484375
0 0.13203125 0.596875 0.06640625 0.0484375
0 0.1296875 0.6859375 0.06640625 0.05234375
0 0.128125 0.825 0.0703125 0.05
0 0.1890625 0.828125 0.06484375 0.0515625