0 0.16640625 0.56953125 0.109375 0.1703125
0 0.44140625 0.40234375 0.0875 0.153125
0 0.1640625 0.72578125 0.109375 0.165625
0 0.5953125 0.11875 0.0828125 0.13125
0 0.69296875 0.4046875 0.096875 0.14375
0 0.26328125 0.721875 0.103125 0.165625
0 0.55078125 0.88515625 0.103125 0.175
0 0.35703125 0.40234375 0.090625 0.153125
0 0.3546875 0.56171875 0.09375 0.1609375
0 0.440625 0.55625 0.090625 0.1609375
0 0.36171875 0.71875 0.1 0.165625
0 0.653125 0.9078125 0.10625 0.103125
0 0.45703125 0.88828125 0.103125 0.178125
0 0.521875 0.121875 0.08125 0.1328125
0 0.59765625 0.2625 0.084375 0.1453125
0 0.52265625 0.2640625 0.084375 0.1421875
0 0.60390625 0.4015625 0.0875 0.153125
0 0.525 0.40625 0.0859375 0.15
0 0.1796875 0.4015625 0.1 0.153125
0 0.35625 0.89296875 0.1015625 0.1828125
0 0.546875 0.7140625 0.0953125 0.1625
0 0.65078125 0.8140625 0.10625 0.096875
0 0.2625 0.56328125 0.096875 0.165625
0 0.6140625 0.56328125 0.09375 0.153125
0 0.2671875 0.40625 0.0953125 0.153125
0 0.6765625 0.125 0.084375 0.134375
0 0.68359375 0.26640625 0.090625 0.1390625
0 0.528125 0.55703125 0.0875 0.159375
0 0.35859375 0.259375 0.0875 0.1421875
0 0.43984375 0.26484375 0.0875 0.140625
0 0.4546875 0.7203125 0.096875 0.165625
0 0.64453125 0.71796875 0.1 0.096875
0 0.25625 0.89296875 0.109375 0.175
0 0.69453125 0.52890625 0.0890625 0.090625
0 0.4421875 0.121875 0.0828125 0.1375
0 0.278125 0.25625 0.090625 0.146875
0 0.7140625 0.675 0.059375 0.15625
0 0.3625 0.121875 0.084375 0.1375
0 0.190625 0.25625 0.096875 0.1453125
0 0.15234375 0.89296875 0.1125 0.165625
0 0.28046875 0.11484375 0.084375 0.1375
0 0.2 0.11875 0.0921875 0.1359375
0 0.7296875 0.8609375 0.071875 0.2125