0 0.5515625 0.6609375 0.0796875 0.1
0 0.55 0.76171875 0.078125 0.1
0 0.4703125 0.76484375 0.08125 0.1015625
0 0.31953125 0.65078125 0.08125 0.10625
0 0.47109375 0.66328125 0.08125 0.1015625
0 0.62109375 0.76328125 0.078125 0.1
0 0.2375 0.76015625 0.08125 0.10625
0 0.2375 0.65 0.0828125 0.10625
0 0.2375 0.54453125 0.084375 0.109375
0 0.31484375 0.3125 0.084375 0.1171875
0 0.3203125 0.54453125 0.08125 0.109375
0 0.31875 0.75859375 0.0796875 0.1078125
0 0.39375 0.75859375 0.075 0.103125
0 0.3921875 0.65234375 0.078125 0.103125
0 0.63984375 0.253125 0.090625 0.1125
0 0.23203125 0.42421875 0.084375 0.1140625
0 0.55234375 0.5609375 0.08125 0.1
0 0.61953125 0.86015625 0.078125 0.096875
0 0.396875 0.5453125 0.078125 0.10625
0 0.3109375 0.1671875 0.084375 0.16875
0 0.3203125 0.86640625 0.078125 0.1015625
0 0.5515625 0.4578125 0.0796875 0.103125
0 0.31640625 0.42578125 0.08125 0.1125
0 0.54609375 0.86171875 0.08125 0.096875
0 0.8609375 0.65703125 0.08125 0.0984375
0 0.47109375 0.56171875 0.08125 0.1015625
0 0.228125 0.3109375 0.084375 0.1125
0 0.62265625 0.6640625 0.078125 0.1
0 0.7 0.6625 0.08125 0.1
0 0.63671875 0.3640625 0.0875 0.10625
0 0.55390625 0.25078125 0.084375 0.1125
0 0.85546875 0.75625 0.078125 0.096875
0 0.55234375 0.35390625 0.08125 0.10625
0 0.84609375 0.85859375 0.075 0.1
0 0.47109375 0.4578125 0.08125 0.103125
0 0.63984375 0.1359375 0.0875 0.1125
0 0.70078125 0.7625 0.08125 0.1
0 0.465625 0.8625 0.075 0.1
0 0.78046875 0.6609375 0.078125 0.1
0 0.78671875 0.559375 0.084375 0.103125
0 0.71640625 0.35625 0.0875 0.1078125
0 0.475 0.353125 0.075 0.10625
0 0.634375 0.4609375 0.0875 0.103125
0 0.78828125 0.45703125 0.0859375 0.103125
0 0.3875 0.31640625 0.08125 0.115625
0 0.3890625 0.16875 0.084375 0.165625
0 0.2390625 0.865625 0.0796875 0.103125
0 0.39375 0.86484375 0.0765625 0.103125
0 0.8640625 0.5578125 0.08125 0.1
0 0.46953125 0.1328125 0.084375 0.1125
0 0.228125 0.1703125 0.090625 0.1671875
0 0.8796875 0.1421875 0.084375 0.1125
0 0.71328125 0.2546875 0.0859375 0.109375
0 0.47109375 0.24296875 0.0828125 0.1109375
0 0.3890625 0.428125 0.08125 0.1125
0 0.69765625 0.8578125 0.075 0.0953125
0 0.553125 0.1328125 0.0875 0.1109375
0 0.8671875 0.45703125 0.08125 0.1015625
0 0.79375 0.36015625 0.084375 0.10625
0 0.71171875 0.46171875 0.08125 0.103125
0 0.62734375 0.565625 0.08125 0.1
0 0.778125 0.76171875 0.0765625 0.0984375
0 0.70703125 0.56640625 0.078125 0.1
0 0.71640625 0.13828125 0.0875 0.1109375
0 0.878125 0.2546875 0.06875 0.103125
0 0.87109375 0.3546875 0.084375 0.10625
0 0.796875 0.25390625 0.0796875 0.1078125
0 0.775 0.8640625 0.0828125 0.103125
0 0.796875 0.13828125 0.084375 0.109375