0 0.50234375 0.903125 0.07265625 0.1703125
0 0.4421875 0.7328125 0.06328125 0.1515625
0 0.83984375 0.59296875 0.075 0.14140625
0 0.703125 0.58671875 0.06875 0.13984375
0 0.64296875 0.73828125 0.06796875 0.15390625
0 0.325 0.5890625 0.05859375 0.1390625
0 0.22734375 0.89765625 0.0734375 0.171875
0 0.50625 0.5875 0.06015625 0.13828125
0 0.44921875 0.58984375 0.0578125 0.13828125
0 0.29921875 0.9 0.0703125 0.17421875
0 0.43671875 0.90078125 0.06796875 0.17421875
0 0.65703125 0.89921875 0.075 0.17734375
0 0.734375 0.89921875 0.07890625 0.18046875
0 0.24375 0.73046875 0.065625 0.1515625
0 0.3828125 0.5859375 0.0609375 0.140625
0 0.5796875 0.89765625 0.07265625 0.17578125
0 0.571875 0.590625 0.0609375 0.1375
0 0.63203125 0.590625 0.0640625 0.1375
0 0.78359375 0.734375 0.07578125 0.15390625
0 0.771875 0.58984375 0.0734375 0.140625
0 0.37265625 0.73203125 0.06328125 0.15234375
0 0.878125 0.9015625 0.08203125 0.178125
0 0.80234375 0.90078125 0.08203125 0.18046875
0 0.85703125 0.7359375 0.08125 0.1578125
0 0.5765625 0.73359375 0.06640625 0.15234375
0 0.70859375 0.73359375 0.07421875 0.15234375
0 0.3640625 0.90078125 0.0671875 0.17421875
0 0.17578125 0.73046875 0.06953125 0.15078125
0 0.2015625 0.58984375 0.06015625 0.13515625
0 0.3109375 0.7390625 0.06484375 0.15234375
0 0.50546875 0.73203125 0.0671875 0.15390625
0 0.259375 0.58515625 0.06171875 0.13984375
0 0.1484375 0.89921875 0.08046875 0.17421875
0 0.434375 0.99140625 0.07578125 0.0171875
0 0.21484375 0.9890625 0.0734375 0.021875
0 0.58984375 0.99296875 0.075 0.0125
0 0.51015625 0.9921875 0.08203125 0.01484375
0 0.1390625 0.990625 0.0765625 0.01875
0 0.2859375 0.99140625 0.075 0.0171875
0 0.3609375 0.99140625 0.07421875 0.0171875