0 0.53046875 0.58671875 0.09296875 0.0890625
0 0.2828125 0.5484375 0.0859375 0.1203125
0 0.61796875 0.58359375 0.0953125 0.08671875
0 0.44375 0.57421875 0.07890625 0.115625
0 0.55078125 0.5078125 0.134375 0.07890625
0 0.41640625 0.86328125 0.05625 0.09921875
0 0.48203125 0.67578125 0.10078125 0.08984375
0 0.18515625 0.77734375 0.075 0.10546875
0 0.3125 0.3671875 0.12109375 0.07265625
0 0.5578125 0.7625 0.08828125 0.0921875
0 0.65234375 0.75703125 0.09921875 0.08984375
0 0.3609375 0.57578125 0.08046875 0.11875
0 0.31953125 0.28671875 0.10703125 0.1109375
0 0.27421875 0.67421875 0.08125 0.125
0 0.46015625 0.765625 0.10234375 0.0953125
0 0.19375 0.55078125 0.090625 0.12265625
0 0.6296875 0.42734375 0.1015625 0.08359375
0 0.36640625 0.67890625 0.11015625 0.09453125
0 0.62578125 0.34609375 0.10625 0.07890625
0 0.43359375 0.38515625 0.1078125 0.09296875
0 0.1921875 0.67109375 0.0875 0.125
0 0.3625 0.76953125 0.09453125 0.0984375
0 0.57734375 0.6703125 0.096875 0.0875
0 0.75703125 0.8375 0.06484375 0.09609375
0 0.23984375 0.8765625 0.059375 0.10546875
0 0.209375 0.265625 0.09921875 0.0921875
0 0.53203125 0.42890625 0.0890625 0.0796875
0 0.8546875 0.42421875 0.16875 0.06484375
0 0.27265625 0.778125 0.10078125 0.0953125
0 0.86953125 0.66640625 0.13671875 0.06484375
0 0.66484375 0.66640625 0.07734375 0.084375
0 0.32578125 0.4484375 0.11328125 0.09140625
0 0.7296875 0.2765625 0.13671875 0.0796875
0 0.52890625 0.3453125 0.0890625 0.0875
0 0.634375 0.84609375 0.06328125 0.0953125
0 0.4171875 0.3015625 0.09765625 0.08671875
0 0.30078125 0.87578125 0.05625 0.1078125
0 0.725 0.503125 0.078125 0.0796875
0 0.72265625 0.43046875 0.0890625 0.0796875
0 0.6953125 0.840625 0.06484375 0.0953125
0 0.46640625 0.86171875 0.05390625 0.0984375
0 0.74296875 0.6609375 0.0765625 0.0859375
0 0.715625 0.5796875 0.0921875 0.08046875
0 0.3546875 0.86796875 0.059375 0.1046875
0 0.7296875 0.34921875 0.09765625 0.0859375
0 0.7359375 0.74921875 0.08359375 0.08984375
0 0.20546875 0.4421875 0.11796875 0.09453125
0 0.18203125 0.88125 0.06484375 0.10390625
0 0.525 0.859375 0.053125 0.09921875
0 0.43046875 0.47109375 0.10625 0.08984375
0 0.65234375 0.50234375 0.0765625 0.07890625
0 0.57421875 0.853125 0.05234375 0.1
0 0.84921875 0.6 0.17421875 0.06328125
0 0.20078125 0.35390625 0.08984375 0.090625
0 0.86640625 0.29765625 0.09921875 0.10703125
0 0.85078125 0.36640625 0.14609375 0.04453125
0 0.853125 0.4828125 0.165625 0.0609375
0 0.85703125 0.7328125 0.1546875 0.0625
0 0.55078125 0.26484375 0.146875 0.08046875
0 0.84609375 0.54453125 0.17109375 0.059375
0 0.86484375 0.8578125 0.14921875 0.0703125
0 0.86640625 0.78828125 0.13984375 0.07734375