0 0.53359375 0.45703125 0.0703125 0.071875
0 0.39453125 0.45546875 0.06875 0.0734375
0 0.7328125 0.5375 0.071875 0.075
0 0.284375 0.7796875 0.0515625 0.0765625
0 0.2671875 0.4625 0.0578125 0.090625
0 0.325 0.27109375 0.0625 0.103125
0 0.49921875 0.27421875 0.059375 0.103125
0 0.659375 0.6046875 0.0703125 0.06875
0 0.59765625 0.53515625 0.071875 0.0703125
0 0.26640625 0.2703125 0.059375 0.1015625
0 0.26953125 0.37109375 0.059375 0.0984375
0 0.8 0.53671875 0.071875 0.0734375
0 0.72890625 0.609375 0.071875 0.0671875
0 0.5578125 0.16640625 0.059375 0.1078125
0 0.37578125 0.16953125 0.0625 0.10625
0 0.58515625 0.728125 0.065625 0.065625
0 0.66640625 0.378125 0.0625 0.096875
0 0.671875 0.2765625 0.065625 0.1046875
0 0.46171875 0.52734375 0.0671875 0.06875
0 0.20703125 0.26640625 0.0625 0.1015625
0 0.49921875 0.16953125 0.0625 0.1078125
0 0.3328125 0.5921875 0.065625 0.0640625
0 0.31953125 0.16875 0.0609375 0.1046875
0 0.26328125 0.165625 0.059375 0.1
0 0.40078125 0.77421875 0.0625 0.0625
0 0.3265625 0.37265625 0.0625 0.0984375
0 0.5796875 0.903125 0.0625 0.053125
0 0.340625 0.7734375 0.059375 0.0609375
0 0.403125 0.8359375 0.0609375 0.0578125
0 0.4390625 0.27109375 0.059375 0.103125
0 0.20390625 0.16484375 0.059375 0.1
0 0.33828125 0.7140625 0.0609375 0.0625
0 0.871875 0.54375 0.078125 0.071875
0 0.715625 0.734375 0.0765625 0.06875
0 0.6203125 0.17109375 0.0625 0.109375
0 0.7359375 0.27578125 0.059375 0.10625
0 0.5515625 0.37578125 0.059375 0.096875
0 0.53203125 0.5328125 0.0671875 0.075
0 0.596875 0.459375 0.071875 0.075
0 0.34296875 0.89140625 0.059375 0.0609375
0 0.65234375 0.734375 0.06875 0.0625
0 0.678125 0.17109375 0.065625 0.1078125
0 0.8796875 0.4703125 0.0796875 0.075
0 0.80625 0.45859375 0.071875 0.0765625
0 0.3296875 0.52734375 0.06875 0.065625
0 0.4390625 0.165625 0.0609375 0.10625
0 0.46015625 0.65546875 0.0625 0.0625
0 0.79375 0.60546875 0.071875 0.071875
0 0.33671875 0.6515625 0.065625 0.059375
0 0.3265625 0.45390625 0.071875 0.071875
0 0.609375 0.27578125 0.0609375 0.10625
0 0.28203125 0.70390625 0.053125 0.078125
0 0.7890625 0.2765625 0.059375 0.103125
0 0.3796875 0.26875 0.0578125 0.1015625
0 0.52265625 0.72421875 0.065625 0.0625
0 0.90390625 0.271875 0.065625 0.1
0 0.46328125 0.45390625 0.06875 0.071875
0 0.39921875 0.71328125 0.0625 0.0625
0 0.871875 0.2765625 0.10625 0.1
0 0.38046875 0.3734375 0.059375 0.096875
0 0.3984375 0.52734375 0.065625 0.0671875
0 0.459375 0.77578125 0.0609375 0.059375
0 0.70703125 0.85546875 0.0625 0.0609375
0 0.440625 0.37265625 0.059375 0.096875
0 0.40078125 0.8921875 0.0609375 0.0609375
0 0.55546875 0.27578125 0.0609375 0.1046875
0 0.525 0.6609375 0.065625 0.0625
0 0.60625 0.37734375 0.059375 0.096875
0 0.73125 0.378125 0.0625 0.1
0 0.209375 0.3671875 0.0609375 0.0953125
0 0.20234375 0.453125 0.071875 0.071875
0 0.76875 0.85703125 0.0625 0.059375
0 0.6546875 0.66640625 0.06875 0.06875
0 0.66875 0.46015625 0.06875 0.075
0 0.40078125 0.65234375 0.0625 0.0578125
0 0.4609375 0.59375 0.065625 0.065625
0 0.74296875 0.459375 0.071875 0.075
0 0.46015625 0.8375 0.059375 0.059375
0 0.58828125 0.66328125 0.06875 0.0671875
0 0.459375 0.89140625 0.059375 0.059375
0 0.26875 0.5515625 0.05625 0.084375
0 0.3421875 0.83515625 0.059375 0.0578125
0 0.6421875 0.91328125 0.0703125 0.0625
0 0.28046875 0.63125 0.0546875 0.06875
0 0.8953125 0.3734375 0.059375 0.1
0 0.58046875 0.85078125 0.0625 0.059375
0 0.58984375 0.60390625 0.06875 0.0640625
0 0.8578125 0.6109375 0.071875 0.06875
0 0.65078125 0.79375 0.0671875 0.0625
0 0.52578125 0.78203125 0.0625 0.059375
0 0.49375 0.37421875 0.0578125 0.0984375
0 0.528125 0.59609375 0.065625 0.059375
0 0.2875 0.8578125 0.0484375 0.075
0 0.3984375 0.58828125 0.0640625 0.0625
0 0.46171875 0.71171875 0.0625 0.059375
0 0.7 0.91171875 0.0625 0.0578125
0 0.5828125 0.7875 0.065625 0.059375
0 0.7203125 0.671875 0.0671875 0.065625
0 0.7859375 0.66953125 0.06875 0.065625
0 0.66484375 0.5359375 0.0734375 0.0703125
0 0.78515625 0.37734375 0.059375 0.1
0 0.5234375 0.8984375 0.0625 0.05625
0 0.83203125 0.85703125 0.065625 0.059375
0 0.22578125 0.70625 0.0640625 0.0625
0 0.853125 0.67578125 0.0734375 0.0625
0 0.23125 0.7734375 0.059375 0.0609375
0 0.70859375 0.79375 0.0625 0.0625
0 0.74140625 0.171875 0.0609375 0.10625
0 0.85625 0.1734375 0.059375 0.10625
0 0.9140625 0.17109375 0.065625 0.10625
0 0.84375 0.3703125 0.05625 0.1
0 0.2078125 0.5265625 0.06875 0.0625
0 0.521875 0.846875 0.0625 0.059375
0 0.22265625 0.6515625 0.065625 0.0625
0 0.7734375 0.79375 0.059375 0.0625
0 0.79296875 0.1734375 0.059375 0.10625
0 0.84765625 0.73828125 0.0703125 0.059375
0 0.21484375 0.5859375 0.065625 0.059375
0 0.83984375 0.79453125 0.06875 0.0625
0 0.76171875 0.9140625 0.071875 0.0625
0 0.23828125 0.8421875 0.05625 0.08125
0 0.6453125 0.8546875 0.0703125 0.065625
0 0.77734375 0.7328125 0.0734375 0.065625
0 0.81953125 0.91171875 0.0671875 0.0578125