0 0.3203125 0.66796875 0.1265625 0.096875
0 0.90703125 0.73828125 0.121875 0.1
0 0.56328125 0.8609375 0.1296875 0.115625
0 0.559375 0.7546875 0.121875 0.103125
0 0.678125 0.75390625 0.125 0.1015625
0 0.6859375 0.86015625 0.13125 0.1140625
0 0.325 0.571875 0.121875 0.0875
0 0.440625 0.76328125 0.128125 0.10625
0 0.30703125 0.88359375 0.140625 0.121875
0 0.65625 0.48671875 0.1125 0.08125
0 0.78203125 0.64921875 0.121875 0.0921875
0 0.771875 0.5640625 0.121875 0.0875
0 0.315625 0.7703125 0.13125 0.1109375
0 0.23828125 0.51015625 0.078125 0.146875
0 0.55234375 0.66015625 0.1171875 0.090625
0 0.3296875 0.48359375 0.115625 0.084375
0 0.89296875 0.65078125 0.1203125 0.0921875
0 0.76328125 0.4765625 0.1125 0.0796875
0 0.21953125 0.66640625 0.090625 0.175
0 0.4453125 0.57109375 0.11875 0.0859375
0 0.67265625 0.6578125 0.121875 0.09375
0 0.7296875 0.25546875 0.1 0.06875
0 0.43828125 0.8703125 0.13125 0.11875
0 0.4421875 0.66796875 0.11875 0.0953125
0 0.44375 0.4140625 0.109375 0.075
0 0.63671875 0.25546875 0.0984375 0.071875
0 0.4421875 0.3390625 0.103125 0.071875
0 0.73828125 0.32890625 0.109375 0.0734375
0 0.44453125 0.26640625 0.1 0.06875
0 0.8671875 0.47734375 0.115625 0.0828125
0 0.55078125 0.56953125 0.1125 0.0875
0 0.25390625 0.36796875 0.075 0.1328125
0 0.8765625 0.5625 0.11875 0.0875
0 0.4421875 0.49375 0.1125 0.08125
0 0.66171875 0.56875 0.1125 0.0875
0 0.55 0.490625 0.1109375 0.084375
0 0.8390625 0.32265625 0.1125 0.0734375
0 0.7546875 0.4046875 0.1125 0.0765625
0 0.33984375 0.409375 0.1125 0.071875
0 0.79296875 0.74375 0.125 0.096875
0 0.825 0.25078125 0.103125 0.065625
0 0.54296875 0.26328125 0.1 0.065625
0 0.34375 0.26875 0.103125 0.0671875
0 0.64296875 0.33203125 0.103125 0.071875
0 0.340625 0.33359375 0.1046875 0.0703125
0 0.54453125 0.3375 0.1046875 0.071875
0 0.44140625 0.08828125 0.0875 0.05625
0 0.5484375 0.4078125 0.10625 0.075
0 0.53984375 0.20390625 0.09375 0.0609375
0 0.3484375 0.2015625 0.0984375 0.059375
0 0.6515625 0.4078125 0.10625 0.075
0 0.7140625 0.134375 0.1015625 0.0640625
0 0.8109375 0.85390625 0.128125 0.1140625
0 0.62578125 0.12890625 0.0921875 0.05625
0 0.44453125 0.14453125 0.0921875 0.059375
0 0.9234375 0.84765625 0.121875 0.1109375
0 0.534375 0.0828125 0.090625 0.059375
0 0.85234375 0.4015625 0.1125 0.08125
0 0.44140625 0.2046875 0.0953125 0.0609375
0 0.271875 0.2078125 0.0703125 0.115625
0 0.3546875 0.08515625 0.090625 0.0546875
0 0.63359375 0.19140625 0.09375 0.0625
0 0.621875 0.07734375 0.090625 0.053125
0 0.35078125 0.140625 0.096875 0.059375
0 0.5375 0.13828125 0.09375 0.059375
0 0.725 0.19375 0.09375 0.065625
0 0.70546875 0.078125 0.0890625 0.0546875
0 0.8140625 0.19296875 0.1 0.065625
0 0.20546875 0.84765625 0.096875 0.1953125
0 0.79765625 0.13046875 0.1 0.05625
0 0.78671875 0.07734375 0.0921875 0.053125
0 0.278125 0.10546875 0.0671875 0.10625