0 0.16875 0.27734375 0.1640625 0.05
0 0.1625 0.43125 0.171875 0.053125
0 0.15625 0.5984375 0.175 0.05625
0 0.1609375 0.4890625 0.175 0.05625
0 0.49921875 0.59140625 0.1625 0.0546875
0 0.32578125 0.7109375 0.1734375 0.059375
0 0.61171875 0.42890625 0.090625 0.090625
0 0.61171875 0.2515625 0.0875 0.084375
0 0.15390625 0.66015625 0.1765625 0.059375
0 0.328125 0.278125 0.1609375 0.05
0 0.165625 0.325 0.165625 0.05
0 0.325 0.6578125 0.171875 0.0578125
0 0.49140625 0.32890625 0.153125 0.05
0 0.16328125 0.37421875 0.16875 0.0515625
0 0.153125 0.7203125 0.178125 0.059375
0 0.4921875 0.3765625 0.15625 0.05
0 0.3265625 0.5953125 0.1703125 0.05625
0 0.15859375 0.5453125 0.175 0.0546875
0 0.17109375 0.22265625 0.1640625 0.05
0 0.63515625 0.7484375 0.096875 0.103125
0 0.3265625 0.32734375 0.1609375 0.0515625
0 0.5015625 0.76875 0.171875 0.059375
0 0.503125 0.70625 0.16875 0.059375
0 0.32734375 0.378125 0.1640625 0.053125
0 0.32890625 0.22578125 0.1578125 0.05
0 0.490625 0.27578125 0.153125 0.046875
0 0.63046875 0.62265625 0.09375 0.096875
0 0.49375 0.48515625 0.15625 0.053125
0 0.49921875 0.653125 0.165625 0.0546875
0 0.49140625 0.22890625 0.153125 0.05
0 0.32890625 0.775 0.175 0.0609375
0 0.15234375 0.778125 0.178125 0.0625
0 0.61796875 0.5296875 0.090625 0.090625
0 0.49765625 0.5421875 0.159375 0.053125
0 0.03671875 0.4171875 0.0734375 0.0671875
0 0.32734375 0.5453125 0.16875 0.053125
0 0.034375 0.4828125 0.06875 0.071875
0 0.6078125 0.33671875 0.0875 0.0875
0 0.040625 0.284375 0.08125 0.0625
0 0.4875 0.43515625 0.1578125 0.053125
0 0.33203125 0.48828125 0.16875 0.053125
0 0.04296875 0.22265625 0.0859375 0.0609375
0 0.32890625 0.43671875 0.1625 0.05
0 0.03828125 0.35234375 0.0765625 0.0625
0 0.0328125 0.55234375 0.065625 0.071875
0 0.02890625 0.621875 0.05625 0.0734375
0 0.0265625 0.77734375 0.053125 0.0796875
0 0.02734375 0.6953125 0.0546875 0.078125