0 0.57109375 0.50703125 0.065625 0.0671875
0 0.634375 0.44296875 0.06875 0.0671875
0 0.453125 0.33046875 0.0625 0.0625
0 0.709375 0.62734375 0.075 0.06875
0 0.63359375 0.25390625 0.071875 0.06875
0 0.56875 0.38125 0.0671875 0.0640625
0 0.4546875 0.50234375 0.0625 0.0640625
0 0.45390625 0.4453125 0.0625 0.059375
0 0.56875 0.44296875 0.0671875 0.065625
0 0.634375 0.38046875 0.06875 0.06875
0 0.5765625 0.696875 0.06875 0.0640625
0 0.57265625 0.63125 0.06875 0.065625
0 0.70234375 0.37421875 0.071875 0.065625
0 0.63671875 0.5046875 0.06875 0.065625
0 0.7703125 0.3703125 0.071875 0.0671875
0 0.77890625 0.69453125 0.06875 0.06875
0 0.7 0.2484375 0.071875 0.06875
0 0.77109375 0.434375 0.071875 0.065625
0 0.45703125 0.5609375 0.0625 0.0625
0 0.23046875 0.45390625 0.0625 0.059375
0 0.765625 0.17421875 0.06875 0.071875
0 0.45859375 0.67578125 0.0625 0.0640625
0 0.33984375 0.85546875 0.0625 0.0625
0 0.571875 0.56875 0.0671875 0.0671875
0 0.76640625 0.2421875 0.0703125 0.06875
0 0.64140625 0.6984375 0.06875 0.065625
0 0.771875 0.49765625 0.06875 0.0671875
0 0.28515625 0.67890625 0.0625 0.059375
0 0.284375 0.79296875 0.0625 0.0609375
0 0.39765625 0.390625 0.0625 0.0609375
0 0.22578125 0.79375 0.0625 0.059375
0 0.4578125 0.61796875 0.0625 0.0625
0 0.56640625 0.3203125 0.06875 0.065625
0 0.76875 0.30390625 0.071875 0.06875
0 0.2859375 0.73359375 0.0609375 0.059375
0 0.28515625 0.5640625 0.059375 0.0625
0 0.7046875 0.4375 0.075 0.065625
0 0.2828125 0.85390625 0.065625 0.0640625
0 0.62890625 0.0625 0.071875 0.071875
0 0.284375 0.34140625 0.059375 0.0625
0 0.33984375 0.28203125 0.059375 0.0625
0 0.778125 0.62578125 0.0703125 0.06875
0 0.765625 0.1078125 0.071875 0.075
0 0.5109375 0.44375 0.05625 0.0609375
0 0.4 0.50546875 0.0625 0.0625
0 0.78125 0.7578125 0.06875 0.065625
0 0.284375 0.2859375 0.059375 0.0625
0 0.71171875 0.6953125 0.0734375 0.0671875
0 0.3421875 0.61953125 0.0625 0.0640625
0 0.22890625 0.12109375 0.0625 0.065625
0 0.45078125 0.2171875 0.059375 0.0640625
0 0.28515625 0.5078125 0.059375 0.059375
0 0.5125 0.50234375 0.05625 0.0625
0 0.39921875 0.56328125 0.0625 0.0640625
0 0.39765625 0.27890625 0.0640625 0.0625
0 0.2828125 0.1734375 0.0625 0.065625
0 0.40078125 0.8578125 0.0640625 0.065625
0 0.49921875 0.07421875 0.065625 0.0703125
0 0.34140625 0.7953125 0.0625 0.0609375
0 0.70703125 0.5 0.075 0.06875
0 0.2875 0.115625 0.0546875 0.0640625
0 0.63984375 0.6328125 0.071875 0.06875
0 0.22734375 0.18046875 0.0640625 0.059375
0 0.340625 0.39296875 0.059375 0.059375
0 0.2859375 0.45234375 0.059375 0.0625
0 0.228125 0.23203125 0.0625 0.05625
0 0.22109375 0.85078125 0.0625 0.0609375
0 0.23046875 0.509375 0.0625 0.053125
0 0.45390625 0.38828125 0.0625 0.0640625
0 0.69921875 0.18125 0.075 0.071875
0 0.578125 0.76328125 0.06875 0.06875
0 0.7078125 0.56328125 0.071875 0.06875
0 0.2859375 0.61953125 0.0609375 0.0640625
0 0.22890625 0.34453125 0.0609375 0.0625
0 0.5171875 0.68125 0.0625 0.059375
0 0.3375 0.11171875 0.059375 0.0671875
0 0.3421875 0.6765625 0.0625 0.0625
0 0.2859375 0.2296875 0.0671875 0.059375
0 0.34140625 0.734375 0.0625 0.0625
0 0.56328125 0.13515625 0.0703125 0.06875
0 0.4 0.4484375 0.065625 0.0625
0 0.3421875 0.44921875 0.0609375 0.0625
0 0.34296875 0.50390625 0.0625 0.0640625
0 0.40078125 0.67890625 0.0640625 0.0625
0 0.715625 0.7609375 0.075 0.06875
0 0.4515625 0.2734375 0.0625 0.065625
0 0.56640625 0.259375 0.065625 0.0671875
0 0.78203125 0.825 0.0703125 0.0703125
0 0.3390625 0.22578125 0.0625 0.0640625
0 0.2875 0.39765625 0.0625 0.05625
0 0.5109375 0.38671875 0.0609375 0.059375
0 0.396875 0.334375 0.0625 0.0609375
0 0.70078125 0.31015625 0.071875 0.071875
0 0.57734375 0.82890625 0.06875 0.0671875
0 0.340625 0.33828125 0.0609375 0.0625
0 0.56640625 0.196875 0.065625 0.065625
0 0.6390625 0.56796875 0.0734375 0.06875
0 0.69609375 0.0546875 0.071875 0.078125
0 0.23046875 0.73359375 0.059375 0.0609375
0 0.69765625 0.11796875 0.071875 0.071875
0 0.63203125 0.128125 0.0703125 0.06875
0 0.22890625 0.2890625 0.0625 0.059375
0 0.4 0.7359375 0.0625 0.0640625
0 0.64453125 0.83359375 0.0703125 0.071875
0 0.56171875 0.06953125 0.06875 0.06875
0 0.22890625 0.4 0.0609375 0.05625
0 0.5 0.13984375 0.0671875 0.0703125
0 0.3953125 0.2203125 0.0625 0.0625
0 0.64375 0.765625 0.071875 0.0703125
0 0.3984375 0.61953125 0.0625 0.059375
0 0.39375 0.10546875 0.0625 0.0671875
0 0.5125 0.5625 0.05625 0.0625
0 0.775 0.56328125 0.06875 0.06875
0 0.63515625 0.3171875 0.071875 0.06875
0 0.39921875 0.79765625 0.0640625 0.0609375
0 0.45859375 0.734375 0.0625 0.065625
0 0.34296875 0.5625 0.0625 0.0640625
0 0.63359375 0.1921875 0.071875 0.065625
0 0.45859375 0.796875 0.0625 0.0609375
0 0.23046875 0.565625 0.0609375 0.059375
0 0.71328125 0.8265625 0.071875 0.071875
0 0.4609375 0.859375 0.065625 0.0640625
0 0.50859375 0.2140625 0.0609375 0.05625
0 0.3375 0.16875 0.0625 0.065625
0 0.51015625 0.3265625 0.05625 0.0609375
0 0.509375 0.26875 0.059375 0.0640625
0 0.76328125 0.03984375 0.0703125 0.0734375
0 0.5171875 0.61953125 0.0625 0.0625
0 0.2296875 0.621875 0.05625 0.05625
0 0.23046875 0.67734375 0.0578125 0.059375
0 0.3921875 0.1640625 0.059375 0.0640625
0 0.44453125 0.16015625 0.053125 0.0578125
0 0.44296875 0.10234375 0.0484375 0.0640625
0 0.51484375 0.740625 0.0578125 0.0609375
0 0.515625 0.803125 0.0578125 0.0625