0 0.45234375 0.48515625 0.1125 0.1015625
0 0.4671875 0.1890625 0.14375 0.128125
0 0.5640625 0.82109375 0.0984375 0.14375
0 0.209375 0.27265625 0.0875 0.096875
0 0.5515625 0.31640625 0.0875 0.15625
0 0.63359375 0.30859375 0.0890625 0.1546875
0 0.15703125 0.74765625 0.10625 0.10625
0 0.35546875 0.5484375 0.090625 0.09375
0 0.26875 0.55390625 0.096875 0.11875
0 0.7375 0.2796875 0.128125 0.1
0 0.45 0.6984375 0.1203125 0.115625
0 0.74296875 0.3796875 0.128125 0.103125
0 0.14375 0.84453125 0.109375 0.1015625
0 0.753125 0.48671875 0.128125 0.1078125
0 0.3609375 0.45234375 0.0875 0.090625
0 0.4515625 0.5890625 0.115625 0.109375
0 0.6453125 0.43828125 0.090625 0.115625
0 0.66171875 0.82734375 0.103125 0.14375
0 0.453125 0.3875 0.109375 0.0953125
0 0.16015625 0.640625 0.0984375 0.0984375
0 0.45234375 0.3015625 0.109375 0.0953125
0 0.2453125 0.821875 0.1 0.1578125
0 0.78515625 0.8125 0.153125 0.1359375
0 0.36171875 0.36171875 0.0859375 0.0875
0 0.36796875 0.1890625 0.075 0.121875
0 0.6484375 0.56015625 0.09375 0.121875
0 0.67578125 0.16875 0.140625 0.103125
0 0.35078125 0.6359375 0.096875 0.0890625
0 0.25546875 0.6796875 0.1 0.13125
0 0.56015625 0.6859375 0.0953125 0.13125
0 0.3453125 0.725 0.0984375 0.096875
0 0.29453125 0.18515625 0.078125 0.121875
0 0.6546875 0.6859375 0.096875 0.13125
0 0.340625 0.8328125 0.1015625 0.10625
0 0.21953125 0.17578125 0.0875 0.0953125
0 0.2875 0.28515625 0.084375 0.084375
0 0.55703125 0.559375 0.09375 0.11875
0 0.5546875 0.44453125 0.09375 0.1125
0 0.57578125 0.18046875 0.0734375 0.1140625
0 0.45 0.82265625 0.128125 0.13125
0 0.18203125 0.45625 0.096875 0.0890625
0 0.27578125 0.36953125 0.0875 0.084375
0 0.7703125 0.68125 0.1390625 0.1234375
0 0.196875 0.3625 0.0921875 0.1015625
0 0.3609375 0.28046875 0.0828125 0.078125
0 0.27265625 0.45234375 0.09375 0.078125
0 0.178125 0.55078125 0.103125 0.0921875
0 0.73203125 0.58046875 0.0828125 0.08125
0 0.771875 0.16484375 0.05625 0.090625
0 0.80234375 0.57265625 0.0625 0.075