0 0.1359375 0.3234375 0.1 0.1234375
0 0.596875 0.23671875 0.153125 0.071875
0 0.86015625 0.3328125 0.09375 0.115625
0 0.7515625 0.24140625 0.153125 0.065625
0 0.0453125 0.321875 0.090625 0.125
0 0.58828125 0.3265625 0.090625 0.11875
0 0.49453125 0.44453125 0.090625 0.115625
0 0.4109375 0.325 0.090625 0.121875
0 0.7703125 0.33125 0.0921875 0.115625
0 0.3203125 0.67265625 0.090625 0.1171875
0 0.67734375 0.3296875 0.0875 0.11875
0 0.4046875 0.78359375 0.090625 0.11875
0 0.49296875 0.67265625 0.090625 0.115625
0 0.5046875 0.7828125 0.090625 0.1171875
0 0.32265625 0.32734375 0.090625 0.1203125
0 0.046875 0.44453125 0.09375 0.121875
0 0.22890625 0.32578125 0.090625 0.1203125
0 0.32265625 0.55625 0.0890625 0.115625
0 0.40859375 0.55546875 0.090625 0.11875
0 0.77421875 0.4484375 0.0828125 0.115625
0 0.14296875 0.55546875 0.0921875 0.115625
0 0.3234375 0.44453125 0.0890625 0.115625
0 0.85859375 0.446875 0.09375 0.115625
0 0.76796875 0.77890625 0.0859375 0.115625
0 0.4078125 0.44453125 0.0875 0.1171875
0 0.68046875 0.44609375 0.090625 0.115625
0 0.59296875 0.55546875 0.090625 0.1171875
0 0.44296875 0.23515625 0.159375 0.071875
0 0.68046875 0.55703125 0.0875 0.115625
0 0.85703125 0.5546875 0.0921875 0.1140625
0 0.503125 0.32734375 0.0890625 0.121875
0 0.853125 0.77734375 0.09375 0.109375
0 0.94921875 0.32890625 0.09375 0.11875
0 0.2296875 0.55390625 0.090625 0.1171875
0 0.2328125 0.44609375 0.0921875 0.11875
0 0.5921875 0.78359375 0.090625 0.115625
0 0.0484375 0.7828125 0.096875 0.115625
0 0.9421875 0.66953125 0.09375 0.115625
0 0.7734375 0.55546875 0.084375 0.1140625
0 0.49609375 0.89765625 0.0921875 0.115625
0 0.590625 0.446875 0.0921875 0.11875
0 0.4015625 0.67265625 0.0890625 0.1171875
0 0.859375 0.671875 0.090625 0.115625
0 0.31875 0.78359375 0.090625 0.1171875
0 0.140625 0.4453125 0.096875 0.11875
0 0.40234375 0.89921875 0.0890625 0.115625
0 0.94375 0.55703125 0.090625 0.1125
0 0.578125 0.671875 0.0921875 0.115625
0 0.23046875 0.67265625 0.090625 0.115625
0 0.22890625 0.7828125 0.0890625 0.1171875
0 0.4984375 0.55703125 0.09375 0.115625
0 0.05 0.55859375 0.0953125 0.1171875
0 0.67734375 0.67109375 0.090625 0.115625
0 0.14140625 0.784375 0.096875 0.1140625
0 0.7703125 0.671875 0.084375 0.1171875
0 0.678125 0.89375 0.0859375 0.1125
0 0.58828125 0.89921875 0.090625 0.115625
0 0.67578125 0.78046875 0.0875 0.115625
0 0.7640625 0.89140625 0.0875 0.1125
0 0.94609375 0.4484375 0.0890625 0.115625
0 0.0953125 0.22890625 0.1703125 0.0765625
0 0.31796875 0.89609375 0.090625 0.115625
0 0.94375 0.77734375 0.09375 0.10625
0 0.25625 0.23671875 0.159375 0.071875
0 0.85078125 0.89140625 0.084375 0.115625
0 0.07734375 0.6703125 0.14375 0.11875
0 0.9078125 0.2421875 0.1640625 0.06875
0 0.1390625 0.6703125 0.0890625 0.11875
0 0.93828125 0.88828125 0.1 0.1203125
0 0.04765625 0.9 0.0953125 0.121875
0 0.1390625 0.89765625 0.0984375 0.11875
0 0.2296875 0.8953125 0.1 0.121875