0 0.46875 0.2890625 0.08125 0.0859375
0 0.46796875 0.2078125 0.084375 0.090625
0 0.22578125 0.215625 0.0734375 0.084375
0 0.3984375 0.61328125 0.071875 0.078125
0 0.64140625 0.1 0.0890625 0.096875
0 0.15390625 0.29921875 0.0703125 0.08125
0 0.328125 0.83203125 0.071875 0.071875
0 0.55546875 0.68828125 0.075 0.078125
0 0.390625 0.2109375 0.0796875 0.090625
0 0.2546875 0.83203125 0.071875 0.071875
0 0.4015625 0.76328125 0.06875 0.075
0 0.47890625 0.68828125 0.071875 0.078125
0 0.24921875 0.7609375 0.0703125 0.075
0 0.47890625 0.6125 0.075 0.078125
0 0.6328125 0.29765625 0.071875 0.0765625
0 0.55546875 0.20390625 0.084375 0.0890625
0 0.23359375 0.38046875 0.075 0.08125
0 0.475 0.5375 0.078125 0.078125
0 0.39296875 0.296875 0.0796875 0.084375
0 0.4671875 0.11484375 0.084375 0.090625
0 0.55625 0.29453125 0.08125 0.0859375
0 0.3109375 0.29921875 0.08125 0.084375
0 0.32734375 0.7625 0.065625 0.0734375
0 0.3203125 0.53671875 0.075 0.078125
0 0.246875 0.6859375 0.071875 0.075
0 0.47578125 0.375 0.0765625 0.084375
0 0.22734375 0.3015625 0.0765625 0.0828125
0 0.71015625 0.29453125 0.075 0.078125
0 0.403125 0.834375 0.0734375 0.071875
0 0.309375 0.21171875 0.078125 0.0859375
0 0.62890625 0.73046875 0.065625 0.06875
0 0.22109375 0.13203125 0.075 0.0890625
0 0.17421875 0.68515625 0.06875 0.075
0 0.63203125 0.37578125 0.075 0.078125
0 0.4 0.68671875 0.0734375 0.075
0 0.40390625 0.9046875 0.0734375 0.075
0 0.73359375 0.090625 0.090625 0.0984375
0 0.55625 0.91171875 0.075 0.075
0 0.4734375 0.45625 0.08125 0.08125
0 0.709375 0.3734375 0.075 0.075
0 0.55859375 0.8375 0.0734375 0.075
0 0.31171875 0.37890625 0.078125 0.08125
0 0.3953125 0.45703125 0.075 0.08125
0 0.3875 0.1203125 0.08125 0.090625
0 0.55546875 0.11796875 0.084375 0.0921875
0 0.6390625 0.19296875 0.084375 0.1
0 0.32109375 0.6078125 0.075 0.075
0 0.4796875 0.76640625 0.071875 0.075
0 0.39453125 0.37890625 0.078125 0.08125
0 0.1375 0.1328125 0.08125 0.0875
0 0.55625 0.37578125 0.0796875 0.0828125
0 0.25390625 0.90234375 0.06875 0.071875
0 0.4015625 0.53984375 0.075 0.0765625
0 0.24375 0.6109375 0.071875 0.0765625
0 0.240625 0.5375 0.075 0.0765625
0 0.3046875 0.12578125 0.08125 0.090625
0 0.15390625 0.37890625 0.071875 0.078125
0 0.3234375 0.68828125 0.075 0.075
0 0.47734375 0.90859375 0.0765625 0.071875
0 0.55703125 0.609375 0.08125 0.078125
0 0.63671875 0.9140625 0.0765625 0.075
0 0.17890625 0.83046875 0.06875 0.0734375
0 0.55546875 0.76796875 0.075 0.0765625
0 0.63125 0.44921875 0.0703125 0.075
0 0.14375 0.21953125 0.075 0.0859375
0 0.63203125 0.6609375 0.065625 0.06875
0 0.55859375 0.4546875 0.0859375 0.08125
0 0.55703125 0.5359375 0.084375 0.078125
0 0.6296875 0.59375 0.065625 0.0703125
0 0.32890625 0.9046875 0.0734375 0.0734375
0 0.31484375 0.45546875 0.078125 0.0796875
0 0.23515625 0.4609375 0.078125 0.078125
0 0.7046875 0.59453125 0.071875 0.0703125
0 0.1703125 0.61171875 0.071875 0.0765625
0 0.16171875 0.459375 0.071875 0.08125
0 0.18125 0.90078125 0.06875 0.071875
0 0.1671875 0.53828125 0.0703125 0.078125
0 0.47734375 0.83984375 0.0734375 0.071875
0 0.1765625 0.7609375 0.065625 0.0734375
0 0.6328125 0.52109375 0.06875 0.071875
0 0.70703125 0.5203125 0.075 0.071875
0 0.63359375 0.83203125 0.0734375 0.09375
0 0.73125 0.18203125 0.0890625 0.090625
0 0.709375 0.446875 0.075 0.075
0 0.70390625 0.73359375 0.0703125 0.06875
0 0.7 0.6640625 0.071875 0.06875
0 0.7078125 0.80234375 0.075 0.065625
0 0.7109375 0.8703125 0.06875 0.065625