0 0.39765625 0.796875 0.0765625 0.08125
0 0.54921875 0.55546875 0.078125 0.078125
0 0.6203125 0.4015625 0.078125 0.0765625
0 0.61875 0.328125 0.078125 0.0765625
0 0.6234375 0.5546875 0.0796875 0.078125
0 0.54609375 0.33046875 0.075 0.075
0 0.4 0.71640625 0.075 0.0796875
0 0.4734375 0.79921875 0.08125 0.084375
0 0.70234375 0.47109375 0.0828125 0.078125
0 0.47109375 0.334375 0.0734375 0.075
0 0.6171875 0.171875 0.078125 0.08125
0 0.7765625 0.3078125 0.084375 0.078125
0 0.71328125 0.79765625 0.0875 0.084375
0 0.55390625 0.79375 0.078125 0.084375
0 0.61796875 0.25078125 0.078125 0.0765625
0 0.634375 0.7953125 0.084375 0.084375
0 0.39921875 0.88359375 0.078125 0.084375
0 0.70390625 0.5515625 0.0828125 0.08125
0 0.55390625 0.88203125 0.08125 0.0859375
0 0.62265625 0.47890625 0.075 0.078125
0 0.5453125 0.2578125 0.0765625 0.075
0 0.403125 0.63828125 0.075 0.0765625
0 0.471875 0.884375 0.0796875 0.084375
0 0.47109375 0.7203125 0.078125 0.0796875
0 0.5515625 0.71640625 0.08125 0.08125
0 0.54609375 0.40390625 0.078125 0.0765625
0 0.4703125 0.11328125 0.071875 0.0765625
0 0.47109375 0.5609375 0.0734375 0.078125
0 0.62890625 0.634375 0.08125 0.08125
0 0.4703125 0.25625 0.071875 0.071875
0 0.4703125 0.1890625 0.071875 0.075
0 0.40546875 0.1921875 0.0703125 0.0765625
0 0.4046875 0.2703125 0.071875 0.071875
0 0.5453125 0.11015625 0.071875 0.078125
0 0.7078125 0.71640625 0.084375 0.084375
0 0.471875 0.6375 0.075 0.078125
0 0.6328125 0.71796875 0.08125 0.0828125
0 0.4703125 0.41015625 0.0734375 0.075
0 0.63203125 0.88515625 0.084375 0.0875
0 0.71640625 0.88515625 0.084375 0.0890625
0 0.54453125 0.18671875 0.071875 0.0734375
0 0.47109375 0.4875 0.0734375 0.075
0 0.40078125 0.4171875 0.071875 0.071875
0 0.76953125 0.08984375 0.078125 0.075
0 0.54921875 0.63359375 0.078125 0.08125
0 0.78671875 0.54921875 0.0875 0.08125
0 0.7796875 0.390625 0.084375 0.0796875
0 0.403125 0.56015625 0.075 0.0765625
0 0.61875 0.09296875 0.075 0.084375
0 0.4046875 0.33828125 0.071875 0.075
0 0.70859375 0.63046875 0.084375 0.0796875
0 0.6921875 0.23828125 0.078125 0.078125
0 0.690625 0.15859375 0.075 0.078125
0 0.8 0.88671875 0.0875 0.0875
0 0.7875 0.63203125 0.0859375 0.08125
0 0.7828125 0.4671875 0.084375 0.078125
0 0.69609375 0.3953125 0.08125 0.078125
0 0.40390625 0.11484375 0.071875 0.071875
0 0.69453125 0.3140625 0.0796875 0.0796875
0 0.79296875 0.7109375 0.0875 0.0875
0 0.77421875 0.23203125 0.084375 0.078125
0 0.6890625 0.08828125 0.075 0.0765625
0 0.403125 0.484375 0.075 0.075
0 0.54765625 0.478125 0.078125 0.075
0 0.79609375 0.79375 0.0875 0.0859375
0 0.77109375 0.1578125 0.0796875 0.075