0 0.16875 0.36875 0.05 0.078125
0 0.21875 0.37109375 0.0515625 0.075
0 0.1171875 0.43984375 0.053125 0.075
0 0.21640625 0.4453125 0.05 0.075
0 0.3109375 0.3734375 0.046875 0.075
0 0.26484375 0.44453125 0.05 0.071875
0 0.39453125 0.24375 0.04375 0.071875
0 0.39609375 0.3125 0.0421875 0.071875
0 0.3546875 0.378125 0.04375 0.071875
0 0.16875 0.4421875 0.053125 0.078125
0 0.16875 0.22109375 0.05 0.075
0 0.16796875 0.2953125 0.0515625 0.071875
0 0.47421875 0.45078125 0.040625 0.0640625
0 0.26484375 0.37265625 0.05 0.075
0 0.54765625 0.2015625 0.0375 0.06875
0 0.54609375 0.265625 0.0390625 0.065625
0 0.5453125 0.3265625 0.0375 0.0640625
0 0.546875 0.3875 0.0375 0.0625
0 0.54765625 0.4484375 0.0375 0.0625
0 0.5484375 0.4953125 0.0375 0.0328125
0 0.51328125 0.49765625 0.0375 0.0328125
0 0.51171875 0.45 0.0375 0.0640625
0 0.51171875 0.38515625 0.0375 0.0640625
0 0.51015625 0.3234375 0.0375 0.0640625
0 0.5109375 0.26015625 0.0375 0.06875
0 0.51015625 0.196875 0.0390625 0.071875
0 0.475 0.38671875 0.040625 0.0671875
0 0.4734375 0.32265625 0.0375 0.0703125
0 0.47265625 0.259375 0.0390625 0.075
0 0.47265625 0.19140625 0.0375 0.078125
0 0.43359375 0.184375 0.040625 0.075
0 0.43515625 0.25234375 0.040625 0.071875
0 0.43515625 0.31796875 0.0421875 0.0703125
0 0.43671875 0.3828125 0.040625 0.0703125
0 0.4375 0.4484375 0.040625 0.065625
0 0.4390625 0.496875 0.0421875 0.03125
0 0.39921875 0.49765625 0.0421875 0.028125
0 0.35625 0.49765625 0.04375 0.0328125
0 0.39609375 0.3828125 0.0421875 0.071875
0 0.39765625 0.44921875 0.04375 0.06875
0 0.3953125 0.17734375 0.040625 0.075
0 0.35234375 0.16953125 0.0453125 0.078125
0 0.353125 0.2390625 0.04375 0.078125
0 0.35390625 0.3078125 0.0453125 0.075
0 0.3546875 0.4484375 0.046875 0.0703125
0 0.3109375 0.496875 0.046875 0.0375
0 0.3109375 0.44453125 0.046875 0.06875
0 0.31015625 0.30234375 0.046875 0.0734375
0 0.31015625 0.2328125 0.046875 0.075
0 0.30859375 0.16328125 0.0453125 0.075
0 0.26484375 0.496875 0.05 0.034375
0 0.2171875 0.49921875 0.05 0.0328125
0 0.16875 0.4984375 0.053125 0.0375
0 0.11796875 0.49765625 0.053125 0.040625
0 0.2640625 0.3015625 0.05 0.0765625
0 0.2640625 0.23125 0.046875 0.078125
0 0.2640625 0.159375 0.0515625 0.078125
0 0.2171875 0.153125 0.0515625 0.0796875
0 0.21796875 0.22734375 0.0515625 0.078125
0 0.2171875 0.2984375 0.0515625 0.0796875
0 0.16875 0.1453125 0.05 0.0765625
0 0.11875 0.14140625 0.05625 0.084375
0 0.11796875 0.21484375 0.0546875 0.08125
0 0.11796875 0.29140625 0.05625 0.0796875
0 0.11875 0.36484375 0.05625 0.08125
0 0.4765625 0.49765625 0.0390625 0.0296875