0 0.77578125 0.16953125 0.1015625 0.0875
0 0.8 0.828125 0.1421875 0.1640625
0 0.615625 0.8578125 0.240625 0.09375
0 0.42109375 0.51015625 0.1921875 0.06875
0 0.6171875 0.509375 0.203125 0.06875
0 0.634375 0.2515625 0.184375 0.0546875
0 0.625 0.4390625 0.196875 0.065625
0 0.63203125 0.315625 0.1875 0.0625
0 0.1421875 0.8328125 0.234375 0.0921875
0 0.40859375 0.58671875 0.2078125 0.0734375
0 0.77578125 0.26171875 0.109375 0.1
0 0.18671875 0.66484375 0.21875 0.078125
0 0.6203125 0.5796875 0.2125 0.075
0 0.203125 0.584375 0.20625 0.071875
0 0.61875 0.67109375 0.225 0.08125
0 0.37109375 0.85 0.240625 0.090625
0 0.63671875 0.203125 0.18125 0.0515625
0 0.628125 0.37109375 0.190625 0.059375
0 0.78515625 0.51875 0.121875 0.1265625
0 0.77734375 0.3828125 0.115625 0.1109375
0 0.39765625 0.66796875 0.2234375 0.0796875
0 0.615625 0.7625 0.234375 0.090625
0 0.42734375 0.4453125 0.19375 0.065625
0 0.46171875 0.2078125 0.171875 0.05
0 0.63984375 0.14921875 0.175 0.05
0 0.23359375 0.446875 0.196875 0.0625
0 0.38828125 0.75625 0.228125 0.0859375
0 0.44140625 0.3765625 0.1875 0.0609375
0 0.78984375 0.65390625 0.134375 0.1453125
0 0.44453125 0.31640625 0.18125 0.059375
0 0.25234375 0.37265625 0.184375 0.059375
0 0.159375 0.74609375 0.225 0.0828125
0 0.221875 0.509375 0.196875 0.065625
0 0.47109375 0.1515625 0.1703125 0.05
0 0.45390625 0.2578125 0.171875 0.05625
0 0.27109375 0.31796875 0.1828125 0.05625
0 0.28125 0.2578125 0.178125 0.053125
0 0.29375 0.209375 0.16875 0.0515625
0 0.309375 0.1546875 0.1625 0.05