0 0.5078125 0.4390625 0.11875 0.128125
0 0.50546875 0.31875 0.115625 0.115625
0 0.61484375 0.44296875 0.1171875 0.125
0 0.38671875 0.44609375 0.121875 0.125
0 0.725 0.4484375 0.115625 0.125
0 0.378125 0.59296875 0.1 0.1609375
0 0.471875 0.5875 0.0984375 0.1625
0 0.365625 0.77421875 0.10625 0.1765625
0 0.46484375 0.76953125 0.1046875 0.1796875
0 0.5640625 0.7671875 0.1015625 0.1734375
0 0.49921875 0.20859375 0.1125 0.109375
0 0.65234375 0.5953125 0.09375 0.159375
0 0.746875 0.75859375 0.09375 0.16875
0 0.5609375 0.58515625 0.096875 0.1625
0 0.74140625 0.59140625 0.09375 0.15625
0 0.6578125 0.76484375 0.1 0.1703125
0 0.39609375 0.2046875 0.1125 0.109375
0 0.3875 0.31953125 0.11875 0.1203125
0 0.60625 0.209375 0.109375 0.1171875
0 0.60625 0.3234375 0.1125 0.115625
0 0.7171875 0.325 0.1125 0.128125
0 0.71015625 0.20859375 0.1109375 0.11875