0 0.64765625 0.3703125 0.103125 0.08125
0 0.65625 0.1890625 0.115625 0.09375
0 0.7296875 0.51796875 0.103125 0.075
0 0.44375 0.18984375 0.1125 0.0953125
0 0.7375 0.44375 0.1015625 0.0765625
0 0.6515625 0.284375 0.1125 0.0890625
0 0.7546875 0.28515625 0.115625 0.090625
0 0.76328125 0.18984375 0.125 0.0984375
0 0.33125 0.2 0.115625 0.0984375
0 0.74375 0.36953125 0.10625 0.08125
0 0.22890625 0.290625 0.121875 0.09375
0 0.63984375 0.446875 0.1 0.075
0 0.2609375 0.52734375 0.1125 0.065625
0 0.44609375 0.28515625 0.10625 0.0875
0 0.834375 0.4421875 0.10625 0.078125
0 0.5484375 0.1953125 0.109375 0.09375
0 0.54921875 0.2859375 0.1046875 0.0859375
0 0.54609375 0.45 0.1 0.078125
0 0.2484375 0.45703125 0.115625 0.08125
0 0.8578125 0.278125 0.1140625 0.0875
0 0.28359375 0.71484375 0.0953125 0.065625
0 0.33984375 0.2984375 0.109375 0.0875
0 0.546875 0.36875 0.1015625 0.0828125
0 0.24140625 0.38046875 0.1140625 0.0890625
0 0.44765625 0.37265625 0.1015625 0.08125
0 0.359375 0.59140625 0.09375 0.065625
0 0.3515625 0.459375 0.1015625 0.0734375
0 0.4515625 0.52265625 0.09375 0.06875
0 0.54453125 0.52109375 0.09375 0.06875
0 0.36328125 0.6546875 0.0890625 0.059375
0 0.4484375 0.45390625 0.1 0.071875
0 0.37734375 0.77109375 0.084375 0.05625
0 0.54140625 0.584375 0.090625 0.0625
0 0.21484375 0.1875 0.1328125 0.10625
0 0.84921875 0.3671875 0.1109375 0.08125
0 0.8109375 0.5796875 0.096875 0.06875
0 0.62421875 0.70625 0.084375 0.05625
0 0.34765625 0.384375 0.1046875 0.078125
0 0.4546875 0.5859375 0.090625 0.0625
0 0.3609375 0.5296875 0.09375 0.065625
0 0.871875 0.1890625 0.125 0.1
0 0.3015625 0.8734375 0.084375 0.0609375
0 0.8203125 0.515625 0.103125 0.071875
0 0.540625 0.6484375 0.0875 0.059375
0 0.62890625 0.65390625 0.0890625 0.059375
0 0.38125 0.87265625 0.084375 0.05625
0 0.54140625 0.70859375 0.084375 0.059375
0 0.45859375 0.865625 0.084375 0.059375
0 0.72109375 0.58984375 0.0953125 0.06875
0 0.453125 0.653125 0.0875 0.0625
0 0.70859375 0.65703125 0.09375 0.059375
0 0.628125 0.58984375 0.0953125 0.0625
0 0.2703125 0.59765625 0.109375 0.065625
0 0.63203125 0.5265625 0.096875 0.06875
0 0.36953125 0.71015625 0.0859375 0.05625
0 0.45546875 0.70625 0.084375 0.059375
0 0.2890625 0.7703125 0.09375 0.0640625
0 0.609375 0.8625 0.0828125 0.05625
0 0.6171875 0.7671875 0.0828125 0.0546875
0 0.79453125 0.65078125 0.1 0.0640625
0 0.7 0.7375 0.0875 0.1109375
0 0.7046875 0.7125 0.0875 0.05625
0 0.53984375 0.78359375 0.0828125 0.0984375
0 0.78828125 0.70390625 0.09375 0.05625
0 0.5375 0.8625 0.078125 0.05
0 0.4578125 0.7359375 0.0828125 0.1125
0 0.73046875 0.81171875 0.1625 0.053125
0 0.6921875 0.81640625 0.078125 0.053125
0 0.45546875 0.76640625 0.08125 0.053125
0 0.2953125 0.8234375 0.090625 0.0625
0 0.27578125 0.65546875 0.1015625 0.071875
0 0.6109375 0.815625 0.084375 0.05625
0 0.684375 0.8625 0.0828125 0.0578125
0 0.76015625 0.8609375 0.0875 0.0625
0 0.77421875 0.76171875 0.09375 0.065625
0 0.3765625 0.82265625 0.090625 0.059375
0 0.45546875 0.815625 0.0875 0.0625