0 0.87265625 0.66796875 0.18125 0.096875
0 0.3421875 0.4125 0.1203125 0.06875
0 0.096875 0.415625 0.1125 0.0671875
0 0.221875 0.4140625 0.1171875 0.065625
0 0.4640625 0.4109375 0.121875 0.06875
0 0.58671875 0.40078125 0.125 0.071875
0 0.4546875 0.471875 0.125 0.0703125
0 0.24765625 0.65 0.1390625 0.0625
0 0.703125 0.59453125 0.1625 0.06875
0 0.7015625 0.6625 0.1625 0.065625
0 0.86875 0.38359375 0.16875 0.065625
0 0.1015625 0.478125 0.1125 0.065625
0 0.71328125 0.40234375 0.1296875 0.075
0 0.146875 0.3359375 0.10625 0.0875
0 0.86875 0.44609375 0.1734375 0.065625
0 0.69765625 0.7859375 0.1625 0.06875
0 0.26015625 0.33203125 0.115625 0.090625
0 0.86796875 0.5125 0.171875 0.065625
0 0.69453125 0.853125 0.165625 0.0765625
0 0.5328125 0.540625 0.153125 0.0609375
0 0.5375 0.7796875 0.15625 0.0671875
0 0.69296875 0.54140625 0.1625 0.0625
0 0.2421875 0.70625 0.140625 0.0609375
0 0.7390625 0.32109375 0.1234375 0.084375
0 0.58515625 0.47421875 0.13125 0.071875
0 0.5359375 0.84375 0.1546875 0.0703125
0 0.86953125 0.58125 0.1765625 0.09375
0 0.61328125 0.3234375 0.121875 0.0921875
0 0.21875 0.47421875 0.115625 0.0671875
0 0.33359375 0.47265625 0.11875 0.06875
0 0.87109375 0.75859375 0.171875 0.096875
0 0.70078125 0.72578125 0.1640625 0.065625
0 0.54296875 0.7140625 0.15625 0.065625
0 0.540625 0.5953125 0.153125 0.0640625
0 0.1109375 0.53671875 0.1375 0.059375
0 0.24375 0.76875 0.140625 0.065625
0 0.71328125 0.471875 0.13125 0.071875
0 0.25 0.59140625 0.1421875 0.0625
0 0.496875 0.328125 0.11875 0.0890625
0 0.38828125 0.653125 0.1453125 0.0640625
0 0.38671875 0.8375 0.14375 0.071875
0 0.86953125 0.84921875 0.1734375 0.1046875
0 0.3734375 0.3328125 0.109375 0.0875
0 0.54375 0.65625 0.15625 0.0625
0 0.39140625 0.53984375 0.1421875 0.059375
0 0.23671875 0.83046875 0.1375 0.071875
0 0.3875 0.59296875 0.146875 0.0625
0 0.88203125 0.3171875 0.134375 0.084375
0 0.24453125 0.53828125 0.140625 0.059375
0 0.103125 0.821875 0.134375 0.065625
0 0.3828125 0.771875 0.15 0.0703125
0 0.390625 0.71015625 0.15 0.0625
0 0.11015625 0.65 0.1375 0.0609375
0 0.1078125 0.70078125 0.1375 0.0625
0 0.10390625 0.7640625 0.134375 0.0625
0 0.1078125 0.59140625 0.140625 0.0625