0 0.440625 0.94921875 0.1375 0.1015625
0 0.3015625 0.9546875 0.128125 0.090625
0 0.32109375 0.84375 0.11875 0.1375
0 0.4421875 0.84375 0.121875 0.121875
0 0.19609375 0.94921875 0.09375 0.09375
0 0.7421875 0.93203125 0.165625 0.134375
0 0.45 0.72578125 0.1046875 0.09375
0 0.32890625 0.71796875 0.1125 0.1125
0 0.58359375 0.9421875 0.1453125 0.1078125
0 0.1 0.9515625 0.1 0.096875
0 0.7078125 0.80625 0.1375 0.146875
0 0.58125 0.8375 0.1296875 0.1125
0 0.1171875 0.82265625 0.0859375 0.1578125
0 0.70546875 0.75703125 0.1359375 0.05625
0 0.2125 0.83671875 0.1140625 0.146875