0 0.83125 0.1703125 0.1734375 0.0984375
0 0.840625 0.62109375 0.115625 0.121875
0 0.6609375 0.18828125 0.153125 0.0921875
0 0.6046875 0.6203125 0.1578125 0.11875
0 0.40546875 0.81953125 0.1625 0.115625
0 0.4734375 0.2984375 0.096875 0.109375
0 0.58828125 0.5125 0.10625 0.1140625
0 0.12421875 0.38984375 0.115625 0.103125
0 0.58515625 0.28671875 0.11875 0.115625
0 0.40859375 0.39609375 0.0953125 0.10625
0 0.48515625 0.50859375 0.1125 0.1109375
0 0.18515625 0.490625 0.0859375 0.10625
0 0.2796875 0.49453125 0.1015625 0.10625
0 0.521875 0.71875 0.14375 0.1171875
0 0.575 0.8328125 0.175 0.125
0 0.10625 0.49140625 0.078125 0.0984375
0 0.7140625 0.5125 0.1359375 0.0984375
0 0.8453125 0.50703125 0.121875 0.125
0 0.2875 0.3 0.0890625 0.1046875
0 0.11953125 0.584375 0.1171875 0.1046875
0 0.334375 0.59921875 0.1078125 0.10625
0 0.2078125 0.28984375 0.0875 0.103125
0 0.378125 0.7109375 0.134375 0.1125
0 0.4578125 0.61015625 0.146875 0.1109375
0 0.503125 0.3953125 0.0984375 0.1109375
0 0.609375 0.39765625 0.10625 0.115625
0 0.37578125 0.50234375 0.0953125 0.1078125
0 0.71484375 0.8421875 0.1140625 0.121875
0 0.22578125 0.59609375 0.1 0.103125
0 0.80703125 0.7375 0.184375 0.121875
0 0.3734375 0.2078125 0.13125 0.078125
0 0.37734375 0.3 0.0921875 0.10625
0 0.7265625 0.40625 0.1171875 0.11875
0 0.5140625 0.20078125 0.1390625 0.078125
0 0.71640625 0.29140625 0.11875 0.121875
0 0.11484375 0.29453125 0.090625 0.1015625
0 0.24765625 0.69921875 0.13125 0.1109375
0 0.8484375 0.26875 0.121875 0.1265625
0 0.31875 0.39375 0.0921875 0.10625
0 0.83203125 0.859375 0.1203125 0.125
0 0.24765625 0.20859375 0.121875 0.075
0 0.65078125 0.728125 0.125 0.11875
0 0.846875 0.38515625 0.121875 0.1234375
0 0.25234375 0.809375 0.1546875 0.115625
0 0.225 0.39375 0.084375 0.1046875
0 0.734375 0.62265625 0.096875 0.121875
0 0.1171875 0.68828125 0.1203125 0.10625
0 0.1265625 0.203125 0.128125 0.08125
0 0.1203125 0.78828125 0.1328125 0.115625