0 0.48125 0.30546875 0.0984375 0.190625
0 0.06796875 0.78046875 0.125 0.3078125
0 0.309375 0.753125 0.134375 0.2703125
0 0.17734375 0.7671875 0.140625 0.2859375
0 0.17109375 0.503125 0.125 0.25625
0 0.06640625 0.50078125 0.1203125 0.259375
0 0.57265625 0.50703125 0.1046875 0.2
0 0.29453125 0.50546875 0.11875 0.234375
0 0.17265625 0.26953125 0.121875 0.21875
0 0.48984375 0.509375 0.1046875 0.20625
0 0.06796875 0.25078125 0.121875 0.234375
0 0.38984375 0.50859375 0.10625 0.215625
0 0.409375 0.7484375 0.121875 0.25625
0 0.28828125 0.284375 0.109375 0.2125
0 0.56015625 0.31640625 0.0875 0.184375
0 0.434375 0.11796875 0.2453125 0.0796875
0 0.59140625 0.72421875 0.1234375 0.228125
0 0.15703125 0.09921875 0.3125 0.1234375
0 0.38046875 0.296875 0.1 0.196875
0 0.44453125 0.184375 0.2484375 0.071875
0 0.50859375 0.7390625 0.125 0.2421875