0 0.41015625 0.82578125 0.078125 0.08125
0 0.56015625 0.6046875 0.06875 0.0671875
0 0.48125 0.3609375 0.065625 0.059375
0 0.48046875 0.30078125 0.065625 0.05625
0 0.70625 0.603125 0.06875 0.065625
0 0.4890625 0.675 0.075 0.0703125
0 0.41328125 0.67578125 0.075 0.071875
0 0.41171875 0.296875 0.06875 0.059375
0 0.41171875 0.4796875 0.0703125 0.0640625
0 0.41328125 0.7515625 0.075 0.075
0 0.62265625 0.47890625 0.0640625 0.0609375
0 0.41328125 0.54140625 0.0734375 0.065625
0 0.63125 0.60234375 0.06875 0.065625
0 0.4828125 0.41953125 0.0671875 0.059375
0 0.77734375 0.6015625 0.0625 0.065625
0 0.48046875 0.24921875 0.0625 0.05625
0 0.55 0.3609375 0.0625 0.059375
0 0.5546875 0.48046875 0.065625 0.0625
0 0.48671875 0.6078125 0.071875 0.06875
0 0.675 0.253125 0.059375 0.053125
0 0.7390625 0.25703125 0.05625 0.05
0 0.55703125 0.54140625 0.06875 0.0640625
0 0.56640625 0.67109375 0.065625 0.06875
0 0.4890625 0.74765625 0.078125 0.0734375
0 0.4859375 0.5421875 0.0703125 0.0640625
0 0.61953125 0.41953125 0.0625 0.059375
0 0.56953125 0.74375 0.065625 0.0734375
0 0.48515625 0.48125 0.06875 0.0625
0 0.54609375 0.14453125 0.05625 0.0515625
0 0.6484375 0.73828125 0.065625 0.075
0 0.771875 0.53984375 0.0625 0.0625
0 0.41328125 0.60703125 0.071875 0.06875
0 0.546875 0.25 0.059375 0.05625
0 0.4921875 0.821875 0.075 0.0796875
0 0.63828125 0.6671875 0.065625 0.06875
0 0.61875 0.36171875 0.059375 0.0578125
0 0.7015625 0.53828125 0.065625 0.0625
0 0.5515625 0.4203125 0.065625 0.059375
0 0.71328125 0.6671875 0.06875 0.0671875
0 0.5734375 0.81875 0.065625 0.078125
0 0.85390625 0.66484375 0.065625 0.06875
0 0.78359375 0.665625 0.065625 0.06875
0 0.88046875 0.878125 0.071875 0.078125
0 0.546875 0.19609375 0.05625 0.053125
0 0.875 0.80546875 0.0671875 0.0734375
0 0.4953125 0.9 0.0703125 0.084375
0 0.7265625 0.8109375 0.065625 0.0765625
0 0.725 0.1046875 0.0546875 0.05
0 0.7984375 0.81015625 0.0640625 0.075
0 0.784375 0.1140625 0.05 0.046875
0 0.72109375 0.73671875 0.065625 0.071875
0 0.54296875 0.09375 0.0578125 0.05
0 0.47578125 0.19453125 0.0625 0.053125
0 0.5484375 0.3015625 0.0625 0.05625
0 0.82265625 0.42421875 0.059375 0.05625
0 0.7359375 0.20625 0.05625 0.0515625
0 0.65234375 0.815625 0.0703125 0.075
0 0.4125 0.41796875 0.0671875 0.0625
0 0.74921875 0.3640625 0.059375 0.0578125
0 0.60703125 0.14453125 0.0578125 0.05
0 0.6265625 0.53828125 0.0671875 0.0625
0 0.74453125 0.309375 0.059375 0.053125
0 0.671875 0.2015625 0.05625 0.05
0 0.69609375 0.4796875 0.059375 0.059375
0 0.7578125 0.421875 0.0625 0.05625
0 0.68984375 0.4203125 0.059375 0.059375
0 0.4140625 0.90546875 0.08125 0.0859375
0 0.7296875 0.8859375 0.0734375 0.08125
0 0.684375 0.3625 0.059375 0.059375
0 0.7890625 0.16171875 0.0515625 0.046875
0 0.80703125 0.8828125 0.06875 0.078125
0 0.8171875 0.36796875 0.0546875 0.05625
0 0.4796875 0.14140625 0.059375 0.0515625
0 0.67890625 0.3046875 0.059375 0.053125
0 0.4125 0.35703125 0.06875 0.0578125
0 0.41015625 0.24375 0.0625 0.05625
0 0.47890625 0.08984375 0.05625 0.0515625
0 0.32890625 0.8328125 0.0765625 0.0828125
0 0.7921875 0.73515625 0.0609375 0.071875
0 0.7984375 0.21015625 0.053125 0.053125
0 0.66953125 0.15 0.053125 0.053125
0 0.61015625 0.1953125 0.0578125 0.053125
0 0.765625 0.47734375 0.059375 0.059375
0 0.65625 0.890625 0.0703125 0.08125
0 0.8296875 0.48203125 0.059375 0.0625
0 0.609375 0.246875 0.059375 0.053125
0 0.33046875 0.68125 0.0796875 0.0734375
0 0.33359375 0.54453125 0.078125 0.0671875
0 0.86484375 0.7328125 0.065625 0.0703125
0 0.8359375 0.54140625 0.0609375 0.0609375
0 0.409375 0.13515625 0.0640625 0.05
0 0.41640625 0.1890625 0.0609375 0.053125
0 0.7328125 0.15078125 0.05625 0.05
0 0.803125 0.2609375 0.053125 0.05
0 0.84921875 0.60625 0.0625 0.0625
0 0.33046875 0.9140625 0.078125 0.0890625
0 0.3265625 0.75703125 0.08125 0.078125
0 0.34609375 0.13515625 0.0578125 0.0515625
0 0.3453125 0.0828125 0.059375 0.053125
0 0.61171875 0.30625 0.059375 0.053125
0 0.33359375 0.48203125 0.075 0.065625
0 0.5765625 0.89609375 0.0734375 0.08125
0 0.33359375 0.41875 0.075 0.0625
0 0.33125 0.6125 0.084375 0.071875
0 0.33203125 0.3578125 0.075 0.0625
0 0.334375 0.29765625 0.075 0.065625
0 0.33515625 0.23984375 0.075 0.0625
0 0.33671875 0.1890625 0.071875 0.0546875
0 0.40546875 0.0828125 0.06875 0.05625
0 0.5984375 0.09609375 0.0640625 0.05
0 0.66015625 0.1015625 0.0625 0.053125
0 0.80546875 0.31328125 0.0671875 0.053125