0 0.5765625 0.128125 0.1625 0.115625
0 0.57890625 0.2359375 0.1515625 0.103125
0 0.2578125 0.1328125 0.16875 0.1140625
0 0.425 0.1296875 0.1625 0.1109375
0 0.43125 0.23828125 0.15625 0.103125
0 0.4359375 0.43984375 0.14375 0.0921875
0 0.43359375 0.34296875 0.1484375 0.0984375
0 0.44296875 0.8875 0.1140625 0.1296875
0 0.29296875 0.45078125 0.15 0.0875
0 0.575 0.33671875 0.14375 0.096875
0 0.18046875 0.39453125 0.0859375 0.1859375
0 0.28203125 0.35390625 0.15 0.1
0 0.82578125 0.11640625 0.33125 0.034375
0 0.27421875 0.24296875 0.165625 0.1078125
0 0.571875 0.43125 0.1375 0.0890625
0 0.30703125 0.74609375 0.13125 0.15
0 0.5828125 0.7296875 0.05625 0.1390625
0 0.8109375 0.2890625 0.31875 0.0296875
0 0.528125 0.7390625 0.0625 0.15
0 0.4078125 0.7421875 0.059375 0.146875
0 0.3171875 0.89921875 0.121875 0.1546875
0 0.21953125 0.58359375 0.0734375 0.1625
0 0.5296875 0.88046875 0.0578125 0.121875
0 0.790625 0.44609375 0.309375 0.0375
0 0.803125 0.81640625 0.1703125 0.034375
0 0.79609375 0.4171875 0.3125 0.025
0 0.8171875 0.70546875 0.1765625 0.0234375
0 0.6046875 0.57421875 0.0609375 0.1703125
0 0.80234375 0.37890625 0.31875 0.059375
0 0.80234375 0.83671875 0.16875 0.025
0 0.8046875 0.78984375 0.171875 0.025
0 0.8203125 0.6734375 0.178125 0.0453125
0 0.3546875 0.58203125 0.0671875 0.1625
0 0.221875 0.75078125 0.071875 0.1484375
0 0.78125 0.48359375 0.3046875 0.028125
0 0.8140625 0.73359375 0.1765625 0.021875
0 0.81015625 0.76015625 0.171875 0.034375
0 0.29375 0.58828125 0.0671875 0.1609375
0 0.1453125 0.19296875 0.103125 0.228125
0 0.23359375 0.90625 0.075 0.1390625
0 0.5765625 0.86484375 0.0640625 0.146875
0 0.4625 0.7390625 0.0640625 0.1578125
0 0.4171875 0.5765625 0.071875 0.165625
0 0.48125 0.57578125 0.071875 0.175
0 0.5453125 0.57109375 0.06875 0.165625
0 0.8265625 0.0875 0.3421875 0.0296875
0 0.821875 0.1484375 0.3359375 0.025
0 0.81484375 0.175 0.33125 0.03125
0 0.8140625 0.2046875 0.33125 0.028125
0 0.8109375 0.23359375 0.3265625 0.0296875
0 0.81015625 0.26015625 0.325 0.03125
0 0.80234375 0.31484375 0.31875 0.0296875
0 0.80078125 0.34140625 0.309375 0.0296875
0 0.78203125 0.5125 0.29375 0.03125
0 0.778125 0.5328125 0.2953125 0.03125
0 0.77421875 0.55390625 0.284375 0.03125
0 0.775 0.57890625 0.284375 0.0296875
0 0.771875 0.603125 0.2875 0.025
0 0.76875 0.62421875 0.2796875 0.0234375
0 0.790625 0.9265625 0.1625 0.0328125
0 0.790625 0.90859375 0.16875 0.0328125
0 0.7953125 0.878125 0.16875 0.03125
0 0.62890625 0.86640625 0.0625 0.1421875
0 0.6328125 0.72421875 0.06875 0.153125
0 0.6671875 0.78828125 0.034375 0.2984375