0 0.43203125 0.85703125 0.14375 0.134375
0 0.115625 0.4203125 0.184375 0.1234375
0 0.4625 0.265625 0.15625 0.13125
0 0.4671875 0.3828125 0.15625 0.125
0 0.77265625 0.384375 0.146875 0.121875
0 0.575 0.8546875 0.146875 0.134375
0 0.76328125 0.265625 0.153125 0.121875
0 0.67578125 0.73125 0.103125 0.115625
0 0.27578125 0.8609375 0.15 0.1375
0 0.75859375 0.6171875 0.146875 0.11875
0 0.3078125 0.3828125 0.159375 0.1265625
0 0.61484375 0.5015625 0.15 0.11875
0 0.465625 0.50078125 0.15625 0.121875
0 0.7703125 0.5 0.1484375 0.1203125
0 0.6109375 0.27265625 0.1515625 0.1265625
0 0.60625 0.62265625 0.15 0.1203125
0 0.11875 0.29296875 0.203125 0.1296875
0 0.7203125 0.8515625 0.146875 0.1375
0 0.11796875 0.5296875 0.18125 0.125
0 0.209375 0.7375 0.1125 0.11875
0 0.5671875 0.7328125 0.121875 0.1125
0 0.890625 0.37265625 0.1 0.13125
0 0.77890625 0.72890625 0.10625 0.1140625
0 0.30625 0.5 0.1609375 0.125
0 0.30234375 0.2546875 0.1609375 0.1375
0 0.61953125 0.38515625 0.153125 0.1203125
0 0.4453125 0.73125 0.121875 0.11875
0 0.3265625 0.73359375 0.1265625 0.11875
0 0.309375 0.625 0.15625 0.121875
0 0.88125 0.615625 0.1125 0.1125
0 0.46015625 0.62421875 0.153125 0.1203125
0 0.89140625 0.50546875 0.103125 0.1296875
0 0.8890625 0.72890625 0.115625 0.115625
0 0.11484375 0.86484375 0.1578125 0.1375
0 0.18984375 0.63671875 0.0890625 0.1
0 0.86640625 0.85 0.1390625 0.1265625
0 0.09765625 0.64453125 0.1 0.10625
0 0.140625 0.1921875 0.165625 0.103125
0 0.8953125 0.26171875 0.0921875 0.1125
0 0.0984375 0.74453125 0.1140625 0.1109375