0 0.9046875 0.46171875 0.15 0.153125
0 0.87734375 0.6 0.1375 0.14375
0 0.66875 0.45 0.109375 0.134375
0 0.47109375 0.55078125 0.0796875 0.11875
0 0.7375 0.70625 0.1046875 0.1265625
0 0.31484375 0.2140625 0.128125 0.075
0 0.796875 0.3046875 0.1296875 0.1625
0 0.68515625 0.30703125 0.1125 0.153125
0 0.57734375 0.309375 0.096875 0.14375
0 0.76015625 0.58671875 0.10625 0.1375
0 0.478125 0.309375 0.0890625 0.1359375
0 0.32109375 0.31171875 0.075 0.121875
0 0.565625 0.44609375 0.09375 0.13125
0 0.928125 0.29921875 0.140625 0.16875
0 0.45078125 0.20390625 0.15 0.0859375
0 0.55546875 0.675 0.084375 0.11875
0 0.47109375 0.65546875 0.078125 0.1125
0 0.65234375 0.57265625 0.096875 0.128125
0 0.39921875 0.3109375 0.078125 0.128125
0 0.55625 0.56484375 0.0875 0.1265625
0 0.778125 0.45234375 0.125 0.146875
0 0.62734375 0.79375 0.0875 0.1171875
0 0.24609375 0.3109375 0.06875 0.115625
0 0.4734375 0.4359375 0.08125 0.1265625
0 0.19140625 0.2234375 0.109375 0.06875
0 0.32578125 0.5328125 0.0640625 0.10625
0 0.71796875 0.8171875 0.09375 0.125
0 0.83984375 0.18046875 0.2234375 0.109375
0 0.390625 0.54375 0.075 0.115625
0 0.63828125 0.68828125 0.090625 0.125
0 0.8234375 0.8359375 0.1125 0.1265625
0 0.4625 0.7546875 0.078125 0.109375
0 0.3890625 0.43046875 0.078125 0.11875
0 0.08671875 0.2296875 0.1046875 0.065625
0 0.396875 0.64609375 0.071875 0.10625
0 0.12578125 0.31875 0.065625 0.10625
0 0.85234375 0.721875 0.128125 0.1296875
0 0.621875 0.1953125 0.18125 0.09375
0 0.321875 0.42890625 0.0671875 0.115625
0 0.08046875 0.4140625 0.059375 0.0984375
0 0.06484375 0.3140625 0.0625 0.103125
0 0.328125 0.63046875 0.06875 0.103125
0 0.38671875 0.73828125 0.06875 0.103125
0 0.24921875 0.4234375 0.075 0.1125
0 0.20234375 0.51875 0.059375 0.1015625
0 0.54609375 0.77421875 0.0796875 0.1140625
0 0.1859375 0.31328125 0.0625 0.1078125
0 0.2078125 0.6125 0.059375 0.090625
0 0.26328125 0.621875 0.0640625 0.0984375
0 0.13046875 0.4171875 0.0671875 0.103125
0 0.259375 0.5265625 0.0671875 0.103125
0 0.140625 0.51640625 0.059375 0.09375
0 0.196875 0.42109375 0.06875 0.10625
0 0.26953125 0.7125 0.065625 0.096875
0 0.1484375 0.59609375 0.05625 0.0875
0 0.2125 0.6953125 0.0546875 0.0890625
0 0.08828125 0.50546875 0.0625 0.090625
0 0.32890625 0.72109375 0.0640625 0.103125
0 0.10078125 0.5875 0.075 0.09375
0 0.109375 0.66875 0.0625 0.1
0 0.159375 0.67421875 0.0671875 0.09375