0 0.6234375 0.3265625 0.109375 0.1875
0 0.5171875 0.3265625 0.1078125 0.190625
0 0.6359375 0.52265625 0.11875 0.2171875
0 0.4125 0.8375 0.125 0.165625
0 0.18515625 0.58046875 0.1671875 0.1734375
0 0.7359375 0.56328125 0.1 0.115625
0 0.4265625 0.48125 0.103125 0.115625
0 0.32109375 0.52734375 0.1125 0.0984375
0 0.1890625 0.42109375 0.153125 0.153125
0 0.7078125 0.36328125 0.090625 0.0875
0 0.83046875 0.61875 0.10625 0.121875
0 0.31484375 0.425 0.1125 0.1125
0 0.31328125 0.6203125 0.115625 0.0859375
0 0.41875 0.58203125 0.109375 0.1
0 0.321875 0.3234375 0.10625 0.0875
0 0.81328125 0.503125 0.103125 0.1125
0 0.4234375 0.328125 0.1078125 0.190625
0 0.64609375 0.76484375 0.125 0.2640625
0 0.52890625 0.7734375 0.128125 0.26875
0 0.5296875 0.53125 0.1046875 0.23125
0 0.32109375 0.23046875 0.103125 0.096875
0 0.303125 0.8328125 0.1125 0.1734375
0 0.71796875 0.453125 0.096875 0.1
0 0.7765625 0.21484375 0.0875 0.090625
0 0.7015625 0.28359375 0.0875 0.084375
0 0.3015625 0.70546875 0.1328125 0.0921875
0 0.4125 0.16328125 0.10625 0.171875
0 0.7984375 0.3890625 0.1 0.1078125
0 0.8484375 0.71953125 0.1046875 0.090625
0 0.1515625 0.28515625 0.103125 0.125
0 0.21640625 0.1359375 0.128125 0.18125
0 0.7875 0.303125 0.090625 0.090625
0 0.14296875 0.7703125 0.1921875 0.203125
0 0.23125 0.28515625 0.090625 0.121875
0 0.41640625 0.69921875 0.121875 0.1484375
0 0.50625 0.16171875 0.0984375 0.1578125
0 0.59453125 0.16328125 0.1046875 0.1453125
0 0.68203125 0.1703125 0.1140625 0.171875
0 0.74375 0.68359375 0.1140625 0.140625
0 0.7546875 0.81796875 0.11875 0.1484375
0 0.85546875 0.821875 0.115625 0.125
0 0.76328125 0.128125 0.0875 0.0875
0 0.24375 0.83828125 0.0625 0.1640625