0 0.31640625 0.51875 0.128125 0.15625
0 0.43515625 0.271875 0.1375 0.178125
0 0.2765625 0.14375 0.15 0.203125
0 0.7390625 0.1140625 0.1640625 0.1375
0 0.7296875 0.23203125 0.15625 0.103125
0 0.43984375 0.44140625 0.128125 0.15625
0 0.44921875 0.596875 0.115625 0.146875
0 0.446875 0.86796875 0.1078125 0.121875
0 0.57578125 0.365625 0.1453125 0.11875
0 0.56640625 0.56640625 0.134375 0.096875
0 0.88984375 0.1171875 0.165625 0.1328125
0 0.8625 0.36484375 0.1484375 0.1125
0 0.58046875 0.109375 0.159375 0.1375
0 0.703125 0.540625 0.134375 0.1015625
0 0.30234375 0.34609375 0.1375 0.178125
0 0.7203125 0.33046875 0.14375 0.09375
0 0.55 0.896875 0.121875 0.0734375
0 0.18125 0.34453125 0.146875 0.171875
0 0.70703125 0.43359375 0.1421875 0.1078125
0 0.8796875 0.24140625 0.1578125 0.1234375
0 0.4234375 0.1046875 0.1625 0.1359375
0 0.675 0.81328125 0.125 0.0828125
0 0.23046875 0.66484375 0.096875 0.13125
0 0.3359375 0.66953125 0.115625 0.1421875
0 0.5671875 0.659375 0.1296875 0.084375
0 0.3375 0.790625 0.1109375 0.096875
0 0.20078125 0.51796875 0.1375 0.15625
0 0.83984375 0.4703125 0.1390625 0.1015625
0 0.34296875 0.88359375 0.10625 0.0890625
0 0.5734375 0.46875 0.1328125 0.103125
0 0.56484375 0.74921875 0.1296875 0.0875
0 0.83203125 0.57109375 0.1375 0.090625
0 0.14609375 0.146875 0.1609375 0.203125
0 0.44609375 0.73203125 0.1109375 0.134375
0 0.57578125 0.2390625 0.1515625 0.121875
0 0.69765625 0.6421875 0.13125 0.09375
0 0.79609375 0.8328125 0.121875 0.0625
0 0.559375 0.83203125 0.1234375 0.065625
0 0.809375 0.75625 0.125 0.08125
0 0.6703125 0.8984375 0.1203125 0.0796875
0 0.2359375 0.89296875 0.10625 0.075
0 0.82265625 0.66796875 0.13125 0.0875
0 0.78359375 0.89609375 0.121875 0.071875
0 0.24296875 0.7921875 0.0796875 0.1203125
0 0.68828125 0.7328125 0.128125 0.08125