0 0.16640625 0.66484375 0.14375 0.096875
0 0.290625 0.7765625 0.14375 0.1078125
0 0.55 0.87578125 0.13125 0.1140625
0 0.41796875 0.76640625 0.128125 0.1046875
0 0.88984375 0.73984375 0.128125 0.09375
0 0.41484375 0.8765625 0.134375 0.1171875
0 0.428125 0.42421875 0.109375 0.078125
0 0.634375 0.42109375 0.1 0.075
0 0.5453125 0.76484375 0.1265625 0.103125
0 0.53359375 0.42109375 0.1015625 0.078125
0 0.3 0.6734375 0.1328125 0.0953125
0 0.27890625 0.88984375 0.1484375 0.11875
0 0.18671875 0.57109375 0.1375 0.0875
0 0.3078125 0.584375 0.125 0.0875
0 0.5453125 0.66875 0.11875 0.09375
0 0.53515625 0.50078125 0.1078125 0.08125
0 0.15703125 0.77265625 0.15625 0.1140625
0 0.31796875 0.4953125 0.121875 0.084375
0 0.425 0.66484375 0.1234375 0.09375
0 0.19453125 0.4859375 0.13125 0.0828125
0 0.6578125 0.665625 0.11875 0.090625
0 0.32578125 0.3390625 0.1125 0.0734375
0 0.2359375 0.1328125 0.103125 0.059375
0 0.54296875 0.575 0.115625 0.08125
0 0.13515625 0.88984375 0.1640625 0.128125
0 0.31953125 0.41640625 0.115625 0.0765625
0 0.20703125 0.409375 0.125 0.075
0 0.22421875 0.26484375 0.1125 0.06875
0 0.753125 0.57265625 0.1109375 0.0796875
0 0.79921875 0.8578125 0.125 0.1125
0 0.340625 0.1328125 0.096875 0.0609375
0 0.78125 0.7515625 0.1234375 0.096875
0 0.4328125 0.21171875 0.096875 0.065625
0 0.85546875 0.56796875 0.115625 0.0796875
0 0.33125 0.2 0.1015625 0.0625
0 0.66796875 0.7625 0.121875 0.1015625
0 0.33046875 0.26796875 0.10625 0.06875
0 0.2296875 0.196875 0.109375 0.0609375
0 0.678125 0.8671875 0.125 0.1109375
0 0.52578125 0.140625 0.090625 0.065625
0 0.7703125 0.66171875 0.1171875 0.090625
0 0.64140625 0.49609375 0.10625 0.078125
0 0.8421875 0.49609375 0.1078125 0.075
0 0.61796875 0.2140625 0.09375 0.0640625
0 0.73046875 0.42421875 0.1 0.0734375
0 0.2203125 0.33125 0.1203125 0.06875
0 0.43203125 0.34453125 0.1046875 0.071875
0 0.73984375 0.4984375 0.10625 0.075
0 0.87265625 0.65625 0.121875 0.0859375
0 0.715625 0.2859375 0.096875 0.065625
0 0.43515625 0.14140625 0.0921875 0.065625
0 0.52734375 0.20703125 0.0953125 0.0625
0 0.7046875 0.21796875 0.0921875 0.065625
0 0.43359375 0.2796875 0.103125 0.06875
0 0.64921875 0.578125 0.115625 0.0828125
0 0.53359375 0.34296875 0.1 0.0703125
0 0.80546875 0.2890625 0.090625 0.065625
0 0.725 0.3515625 0.0984375 0.06875
0 0.42734375 0.49921875 0.115625 0.078125
0 0.62421875 0.28046875 0.0953125 0.065625
0 0.4265625 0.57734375 0.11875 0.084375
0 0.81328125 0.35078125 0.1 0.06875
0 0.53125 0.2765625 0.096875 0.0703125
0 0.82421875 0.42265625 0.1078125 0.071875
0 0.52265625 0.09140625 0.0875 0.053125
0 0.61328125 0.14765625 0.0875 0.0625
0 0.4359375 0.08515625 0.090625 0.05
0 0.628125 0.34453125 0.09375 0.0703125
0 0.340625 0.0796875 0.09375 0.053125
0 0.6921875 0.15703125 0.078125 0.05
0 0.77421875 0.11796875 0.0796875 0.059375
0 0.78828125 0.225 0.103125 0.0625
0 0.9109375 0.84453125 0.13125 0.1078125
0 0.6890625 0.10625 0.08125 0.0609375
0 0.24453125 0.08203125 0.0921875 0.05
0 0.6046875 0.09765625 0.0875 0.05
0 0.778125 0.175 0.090625 0.05625