0 0.17578125 0.7453125 0.1203125 0.2234375
0 0.1640625 0.51171875 0.12578125 0.23828125
0 0.2875 0.7234375 0.10859375 0.21015625
0 0.3890625 0.49140625 0.10234375 0.21328125
0 0.38828125 0.7078125 0.096875 0.2015625
0 0.471875 0.70859375 0.0875 0.19765625
0 0.48046875 0.49140625 0.09375 0.20859375
0 0.28125 0.50390625 0.11171875 0.2234375
0 0.728125 0.67421875 0.0796875 0.18203125
0 0.56328125 0.690625 0.0828125 0.1890625
0 0.6453125 0.6796875 0.07890625 0.18359375
0 0.803125 0.66953125 0.07578125 0.1828125
0 0.73125 0.48125 0.0796875 0.1921875
0 0.81171875 0.48125 0.07734375 0.18984375
0 0.6515625 0.48828125 0.0796875 0.19765625
0 0.88203125 0.6640625 0.0703125 0.1765625
0 0.5671875 0.49140625 0.08359375 0.2
0 0.8921875 0.4796875 0.07578125 0.190625