0 0.11875 0.4890625 0.196875 0.059375
0 0.125 0.55234375 0.19375 0.0578125
0 0.646875 0.47109375 0.103125 0.1
0 0.5125 0.2953125 0.190625 0.065625
0 0.5015625 0.54296875 0.175 0.05625
0 0.50546875 0.4203125 0.178125 0.059375
0 0.315625 0.434375 0.19375 0.059375
0 0.50078125 0.59921875 0.171875 0.0578125
0 0.31328125 0.30546875 0.2 0.065625
0 0.5015625 0.4765625 0.175 0.05625
0 0.63984375 0.56953125 0.1 0.0953125
0 0.1140625 0.43203125 0.2 0.0625
0 0.31171875 0.36640625 0.1984375 0.0640625
0 0.109375 0.30234375 0.203125 0.065625
0 0.11015625 0.22734375 0.209375 0.06875
0 0.10859375 0.3640625 0.203125 0.0625
0 0.66640625 0.25390625 0.115625 0.115625
0 0.31796875 0.8234375 0.175 0.0546875
0 0.51015625 0.35703125 0.1875 0.0625
0 0.3171875 0.21953125 0.203125 0.06875
0 0.63203125 0.6703125 0.0953125 0.09375
0 0.13125 0.728125 0.1875 0.0546875
0 0.51171875 0.225 0.19375 0.06875
0 0.134375 0.82734375 0.1859375 0.05
0 0.31796875 0.771875 0.178125 0.05625
0 0.64765625 0.365625 0.109375 0.109375
0 0.32109375 0.48984375 0.1890625 0.059375
0 0.50078125 0.66015625 0.1734375 0.05625
0 0.32421875 0.603125 0.18125 0.05625
0 0.1328125 0.778125 0.1859375 0.0515625
0 0.13046875 0.60859375 0.19375 0.0578125
0 0.4890625 0.81640625 0.1703125 0.053125
0 0.13125 0.6671875 0.1890625 0.0578125
0 0.6265625 0.76015625 0.1 0.0921875
0 0.49609375 0.7109375 0.171875 0.0546875
0 0.31875 0.55078125 0.1875 0.05625
0 0.31875 0.71328125 0.178125 0.053125
0 0.3234375 0.66328125 0.18125 0.05625
0 0.49453125 0.76796875 0.16875 0.053125