0 0.334375 0.39296875 0.071875 0.0765625
0 0.53671875 0.15390625 0.06875 0.078125
0 0.60859375 0.37734375 0.0703125 0.078125
0 0.75 0.52109375 0.071875 0.078125
0 0.73515625 0.78125 0.059375 0.096875
0 0.271875 0.46875 0.0703125 0.075
0 0.2625 0.3203125 0.071875 0.078125
0 0.2625 0.2421875 0.0703125 0.075
0 0.7484375 0.60078125 0.071875 0.078125
0 0.3046875 0.88125 0.053125 0.09375
0 0.5375 0.228125 0.0703125 0.078125
0 0.33203125 0.240625 0.071875 0.0765625
0 0.3515625 0.78203125 0.05625 0.0953125
0 0.61015625 0.60390625 0.071875 0.0765625
0 0.6203125 0.69140625 0.05625 0.090625
0 0.60703125 0.29921875 0.071875 0.078125
0 0.85390625 0.44296875 0.1375 0.0765625
0 0.56640625 0.78046875 0.05625 0.096875
0 0.74765625 0.4453125 0.071875 0.078125
0 0.303125 0.784375 0.0546875 0.09375
0 0.4671875 0.30703125 0.06875 0.075
0 0.80859375 0.13515625 0.0671875 0.0765625
0 0.609375 0.45078125 0.06875 0.078125
0 0.609375 0.52890625 0.071875 0.078125
0 0.33203125 0.31484375 0.0703125 0.078125
0 0.471875 0.53515625 0.06875 0.071875
0 0.3390625 0.46484375 0.071875 0.075
0 0.675 0.6828125 0.059375 0.09375
0 0.353125 0.68984375 0.05625 0.09375
0 0.678125 0.77890625 0.059375 0.096875
0 0.3015625 0.690625 0.0578125 0.090625
0 0.5390625 0.30546875 0.0703125 0.078125
0 0.62421875 0.78046875 0.059375 0.096875
0 0.46953125 0.459375 0.06875 0.075
0 0.2796875 0.6171875 0.06875 0.071875
0 0.746875 0.215625 0.06875 0.078125
0 0.67734375 0.4484375 0.071875 0.078125
0 0.6796875 0.603125 0.071875 0.0765625
0 0.46328125 0.1578125 0.06875 0.078125
0 0.67734375 0.3765625 0.071875 0.0796875
0 0.60546875 0.225 0.071875 0.078125
0 0.4125 0.6109375 0.065625 0.071875
0 0.540625 0.53359375 0.06875 0.075
0 0.5421875 0.45859375 0.06875 0.0734375
0 0.67734375 0.525 0.0703125 0.0765625
0 0.67578125 0.2953125 0.071875 0.078125
0 0.7484375 0.29375 0.071875 0.078125
0 0.3421875 0.6140625 0.0671875 0.0734375
0 0.675 0.21796875 0.071875 0.0796875
0 0.4109375 0.684375 0.05625 0.09375
0 0.6734375 0.14453125 0.0703125 0.078125
0 0.75078125 0.371875 0.071875 0.0796875
0 0.32890625 0.16875 0.06875 0.0765625
0 0.5640625 0.68359375 0.05625 0.0921875
0 0.41015625 0.778125 0.05625 0.096875
0 0.4609375 0.08125 0.06875 0.075
0 0.74453125 0.1359375 0.06875 0.075
0 0.265625 0.3953125 0.071875 0.075
0 0.471875 0.60703125 0.071875 0.071875
0 0.32890625 0.09453125 0.065625 0.0734375
0 0.6703125 0.06796875 0.071875 0.075
0 0.40625 0.8765625 0.053125 0.096875
0 0.74375 0.06796875 0.06875 0.075
0 0.39921875 0.15859375 0.06875 0.078125
0 0.6 0.14453125 0.071875 0.078125
0 0.8046875 0.0671875 0.06875 0.075
0 0.40546875 0.39140625 0.06875 0.0796875
0 0.259375 0.17109375 0.0703125 0.075
0 0.596875 0.0765625 0.0703125 0.078125
0 0.40078125 0.23671875 0.06875 0.078125
0 0.5109375 0.68359375 0.053125 0.090625
0 0.5421875 0.60546875 0.065625 0.071875
0 0.2796875 0.54140625 0.071875 0.071875
0 0.81484375 0.37109375 0.065625 0.078125
0 0.40234375 0.31484375 0.0703125 0.078125
0 0.4671875 0.3890625 0.06875 0.078125
0 0.53203125 0.0796875 0.071875 0.075
0 0.46484375 0.2328125 0.06875 0.078125
0 0.81328125 0.290625 0.0671875 0.0796875
0 0.3421875 0.53984375 0.065625 0.071875
0 0.821875 0.5921875 0.065625 0.078125
0 0.81484375 0.5203125 0.065625 0.078125
0 0.68203125 0.878125 0.05625 0.09375
0 0.459375 0.68203125 0.0546875 0.090625
0 0.87734375 0.1359375 0.06875 0.075
0 0.39609375 0.0890625 0.065625 0.0765625
0 0.409375 0.46171875 0.06875 0.0765625
0 0.54140625 0.38046875 0.06875 0.08125
0 0.87421875 0.0640625 0.071875 0.078125
0 0.56953125 0.87421875 0.05625 0.09375
0 0.8140625 0.290625 0.075 0.08125
0 0.8859375 0.51796875 0.075 0.0765625
0 0.73828125 0.68125 0.059375 0.09375
0 0.89453125 0.76796875 0.0578125 0.096875
0 0.88203125 0.2921875 0.071875 0.0765625
0 0.62265625 0.87734375 0.059375 0.0921875
0 0.88671875 0.59609375 0.071875 0.0765625
0 0.89921875 0.865625 0.059375 0.096875
0 0.5171875 0.77578125 0.05625 0.096875
0 0.8453125 0.76953125 0.05625 0.096875
0 0.73515625 0.87578125 0.05625 0.09375
0 0.88203125 0.21328125 0.0703125 0.0765625
0 0.81328125 0.21328125 0.075 0.08125
0 0.459375 0.7796875 0.0546875 0.09375
0 0.4125 0.5375 0.0640625 0.0703125
0 0.20078125 0.40390625 0.059375 0.09375
0 0.88515625 0.36796875 0.071875 0.078125
0 0.46015625 0.87421875 0.053125 0.096875
0 0.790625 0.871875 0.05625 0.096875
0 0.51875 0.87265625 0.05625 0.096875
0 0.8953125 0.6765625 0.0578125 0.09375
0 0.35390625 0.87890625 0.0546875 0.09375
0 0.259375 0.09765625 0.071875 0.06875
0 0.8390625 0.6796875 0.065625 0.09375
0 0.215625 0.5859375 0.05625 0.0921875
0 0.790625 0.7734375 0.05625 0.0984375
0 0.23828125 0.684375 0.06875 0.078125
0 0.196875 0.30703125 0.059375 0.09375
0 0.846875 0.865625 0.05625 0.096875
0 0.209375 0.49140625 0.059375 0.0875
0 0.78515625 0.6796875 0.059375 0.096875
0 0.2 0.21328125 0.0578125 0.090625
0 0.23828125 0.76328125 0.06875 0.0734375
0 0.24296875 0.85234375 0.059375 0.1
0 0.1953125 0.11484375 0.0625 0.090625