0 0.78046875 0.59296875 0.071875 0.075
0 0.77421875 0.24140625 0.06875 0.059375
0 0.846875 0.4515625 0.071875 0.075
0 0.57421875 0.25078125 0.0625 0.0546875
0 0.70859375 0.52265625 0.06875 0.0734375
0 0.57890625 0.5234375 0.065625 0.071875
0 0.71015625 0.45625 0.06875 0.06875
0 0.8484375 0.52109375 0.071875 0.075
0 0.92109375 0.378125 0.0765625 0.075
0 0.57890625 0.590625 0.065625 0.071875
0 0.3375 0.2671875 0.05625 0.05
0 0.92578125 0.740625 0.078125 0.0765625
0 0.33984375 0.396875 0.0625 0.06875
0 0.84765625 0.665625 0.075 0.0796875
0 0.709375 0.31796875 0.0671875 0.075
0 0.9234375 0.66875 0.0796875 0.08125
0 0.921875 0.3046875 0.071875 0.078125
0 0.71015625 0.3828125 0.06875 0.071875
0 0.2828125 0.39921875 0.059375 0.0640625
0 0.45390625 0.2734375 0.059375 0.053125
0 0.7765625 0.66328125 0.075 0.078125
0 0.4578125 0.39453125 0.0625 0.071875
0 0.39921875 0.3953125 0.059375 0.06875
0 0.64609375 0.590625 0.06875 0.071875
0 0.28203125 0.3375 0.059375 0.0625
0 0.70703125 0.25 0.065625 0.065625
0 0.6453125 0.52421875 0.065625 0.075
0 0.515625 0.52265625 0.0625 0.06875
0 0.91875 0.22578125 0.071875 0.05625
0 0.2265625 0.46171875 0.0609375 0.065625
0 0.3953125 0.265625 0.05625 0.0546875
0 0.77734375 0.52421875 0.0703125 0.071875
0 0.39765625 0.58671875 0.0625 0.065625
0 0.5171875 0.5890625 0.0625 0.071875
0 0.3984375 0.77890625 0.0625 0.06875
0 0.39609375 0.5234375 0.0609375 0.06875
0 0.1328125 0.85546875 0.059375 0.065625
0 0.39765625 0.46015625 0.0609375 0.065625
0 0.7765625 0.3140625 0.06875 0.075
0 0.57890625 0.3234375 0.0625 0.06875
0 0.22578125 0.4015625 0.05625 0.0640625
0 0.56328125 0.890625 0.0703125 0.08125
0 0.64453125 0.31875 0.0640625 0.071875
0 0.5171875 0.33046875 0.0625 0.0625
0 0.84453125 0.23125 0.071875 0.05625
0 0.17265625 0.4625 0.053125 0.0609375
0 0.24765625 0.865625 0.0640625 0.0671875
0 0.921875 0.44921875 0.0734375 0.078125
0 0.4578125 0.4578125 0.059375 0.065625
0 0.5171875 0.390625 0.0625 0.059375
0 0.57890625 0.3890625 0.0625 0.0625
0 0.45625 0.33125 0.0609375 0.065625
0 0.8515625 0.73828125 0.071875 0.0796875
0 0.5140625 0.26328125 0.0609375 0.0640625
0 0.171875 0.5234375 0.05625 0.0640625
0 0.45390625 0.65390625 0.0625 0.06875
0 0.85 0.59375 0.071875 0.075
0 0.7765625 0.453125 0.071875 0.06875
0 0.45703125 0.78125 0.0625 0.06875
0 0.4546875 0.525 0.0640625 0.071875
0 0.64140625 0.2546875 0.0625 0.0625
0 0.77890625 0.73515625 0.071875 0.08125
0 0.33828125 0.5234375 0.059375 0.06875
0 0.3390625 0.459375 0.0625 0.065625
0 0.2828125 0.4609375 0.059375 0.065625
0 0.578125 0.659375 0.065625 0.06875
0 0.51796875 0.7828125 0.0625 0.0703125
0 0.33828125 0.64921875 0.05625 0.065625
0 0.925 0.59453125 0.078125 0.075
0 0.1734375 0.70703125 0.059375 0.06875
0 0.19140625 0.86015625 0.059375 0.071875
0 0.33984375 0.5859375 0.0625 0.0671875
0 0.17109375 0.40390625 0.05625 0.0625
0 0.28203125 0.6484375 0.05625 0.06875
0 0.846875 0.38203125 0.071875 0.06875
0 0.9375 0.92421875 0.08125 0.0796875
0 0.39609375 0.3328125 0.0578125 0.0671875
0 0.3953125 0.715625 0.059375 0.071875
0 0.12109375 0.76171875 0.059375 0.0671875
0 0.925 0.52265625 0.0765625 0.078125
0 0.7109375 0.590625 0.071875 0.075
0 0.28515625 0.77109375 0.059375 0.0671875
0 0.22578125 0.33984375 0.059375 0.0640625
0 0.2828125 0.5859375 0.0609375 0.0671875
0 0.578125 0.78984375 0.0625 0.0671875
0 0.4578125 0.58828125 0.0625 0.071875
0 0.225 0.2734375 0.0546875 0.05
0 0.43359375 0.8828125 0.065625 0.071875
0 0.171875 0.3421875 0.05625 0.0609375
0 0.28046875 0.27109375 0.05625 0.046875
0 0.64140625 0.72734375 0.0703125 0.0765625
0 0.39453125 0.65078125 0.059375 0.0671875
0 0.33984375 0.77421875 0.0609375 0.06875
0 0.28203125 0.71015625 0.0609375 0.0671875
0 0.6453125 0.6609375 0.0671875 0.071875
0 0.51640625 0.45625 0.0609375 0.065625
0 0.453125 0.71875 0.059375 0.071875
0 0.225 0.584375 0.0546875 0.0609375
0 0.85625 0.91875 0.0796875 0.078125
0 0.57578125 0.7265625 0.0671875 0.0703125
0 0.22734375 0.52265625 0.0578125 0.065625
0 0.1203125 0.70390625 0.0578125 0.06875
0 0.84765625 0.3140625 0.071875 0.075
0 0.1703125 0.584375 0.05625 0.0625
0 0.778125 0.38203125 0.06875 0.0734375
0 0.33984375 0.33515625 0.05625 0.0640625
0 0.23203125 0.76796875 0.059375 0.0640625
0 0.70859375 0.90859375 0.075 0.08125
0 0.85078125 0.81015625 0.075 0.071875
0 0.64609375 0.79296875 0.06875 0.071875
0 0.5125 0.721875 0.0625 0.071875
0 0.78203125 0.9140625 0.0765625 0.078125
0 0.578125 0.45546875 0.065625 0.06875
0 0.71015625 0.73046875 0.071875 0.0765625
0 0.63359375 0.90078125 0.071875 0.078125
0 0.115625 0.58359375 0.059375 0.0671875
0 0.51484375 0.65625 0.0625 0.065625
0 0.3078125 0.87265625 0.0625 0.071875
0 0.64453125 0.45625 0.065625 0.06875
0 0.9390625 0.8359375 0.084375 0.0765625
0 0.115625 0.46484375 0.05625 0.0609375
0 0.22734375 0.709375 0.059375 0.06875
0 0.2828125 0.52421875 0.059375 0.0671875
0 0.1171875 0.5234375 0.05625 0.0625
0 0.1765625 0.76484375 0.059375 0.0671875
0 0.11484375 0.340625 0.0609375 0.065625
0 0.78046875 0.803125 0.071875 0.078125
0 0.3375 0.71328125 0.0609375 0.06875
0 0.7109375 0.796875 0.071875 0.071875
0 0.6453125 0.3890625 0.065625 0.0625
0 0.1703125 0.64609375 0.0546875 0.06875
0 0.4984375 0.88515625 0.06875 0.075
0 0.70859375 0.6625 0.0703125 0.0796875
0 0.16875 0.275 0.05625 0.046875
0 0.11640625 0.6453125 0.059375 0.0671875
0 0.6359375 0.84453125 0.071875 0.0375
0 0.1109375 0.275 0.053125 0.046875
0 0.2265625 0.64453125 0.05625 0.0625
0 0.86015625 0.86484375 0.08125 0.0375
0 0.115625 0.4015625 0.05625 0.065625
0 0.0765625 0.85 0.0625 0.06875
0 0.70625 0.85390625 0.0703125 0.034375
0 0.36953125 0.87578125 0.065625 0.078125
0 0.7796875 0.86015625 0.071875 0.0375