0 0.8375 0.2640625 0.14609375 0.14609375
0 0.40234375 0.30625 0.0859375 0.11015625
0 0.69453125 0.39609375 0.11953125 0.12578125
0 0.48671875 0.2984375 0.09453125 0.11796875
0 0.828125 0.39609375 0.14375 0.13671875
0 0.428125 0.8046875 0.10078125 0.11171875
0 0.58359375 0.4 0.1046875 0.1171875
0 0.65546875 0.74375 0.12578125 0.1328125
0 0.546875 0.72265625 0.09765625 0.11953125
0 0.55703125 0.61875 0.1 0.11484375
0 0.321875 0.31484375 0.078125 0.1015625
0 0.4890625 0.409375 0.09140625 0.1109375
0 0.78671875 0.76328125 0.15078125 0.14453125
0 0.375 0.51171875 0.08203125 0.09921875
0 0.671875 0.6328125 0.13125 0.1234375
0 0.58671875 0.284375 0.10703125 0.1296875
0 0.2890625 0.596875 0.08984375 0.10234375
0 0.8015625 0.640625 0.134375 0.128125
0 0.55625 0.51328125 0.096875 0.1125
0 0.82109375 0.15078125 0.19453125 0.115625
0 0.32265625 0.409375 0.07578125 0.09765625
0 0.4015625 0.4109375 0.08515625 0.10234375
0 0.803125 0.525 0.15390625 0.128125
0 0.53359375 0.82421875 0.1078125 0.1265625
0 0.246875 0.41015625 0.0703125 0.09296875
0 0.37265625 0.609375 0.08515625 0.10390625
0 0.44765625 0.71171875 0.09375 0.11015625
0 0.69921875 0.2703125 0.125 0.13359375
0 0.36484375 0.69765625 0.08359375 0.10859375
0 0.459375 0.51328125 0.0875 0.10390625
0 0.359375 0.225 0.11875 0.0796875
0 0.46328125 0.61640625 0.0921875 0.1078125
0 0.3015625 0.5046875 0.07734375 0.096875
0 0.64765625 0.85390625 0.12421875 0.13828125
0 0.3359375 0.7875 0.09296875 0.10859375
0 0.2453125 0.32109375 0.0734375 0.10078125
0 0.246875 0.23046875 0.1109375 0.0859375
0 0.6640625 0.5234375 0.12890625 0.11796875
0 0.15234375 0.3109375 0.109375 0.0984375
0 0.2140625 0.59140625 0.07265625 0.0953125
0 0.2515625 0.7734375 0.08671875 0.10390625
0 0.28671875 0.6890625 0.084375 0.10078125
0 0.221875 0.50234375 0.0703125 0.09453125
0 0.6390625 0.178125 0.16328125 0.109375
0 0.4921875 0.2078125 0.13046875 0.08984375
0 0.78046875 0.8796875 0.146875 0.1453125
0 0.16171875 0.4015625 0.096875 0.09453125
0 0.17265625 0.76015625 0.0828125 0.10546875
0 0.14453125 0.22578125 0.09609375 0.07421875
0 0.215625 0.67890625 0.0703125 0.1
0 0.13828125 0.58359375 0.08125 0.08984375
0 0.13984375 0.4640625 0.10078125 0.046875
0 0.16484375 0.67109375 0.05234375 0.0921875
0 0.125 0.6640625 0.04375 0.09140625
0 0.1109375 0.746875 0.04609375 0.09375
0 0.14140625 0.51328125 0.0953125 0.06953125