0 0.24296875 0.1578125 0.1203125 0.16171875
0 0.13828125 0.42890625 0.13125 0.14296875
0 0.25859375 0.4296875 0.11171875 0.13125
0 0.359375 0.30546875 0.09921875 0.13671875
0 0.3640625 0.54609375 0.09375 0.1203125
0 0.284375 0.79296875 0.10234375 0.1328125
0 0.2546875 0.29609375 0.11640625 0.14296875
0 0.45234375 0.54765625 0.08125 0.11171875
0 0.13125 0.2765625 0.1390625 0.1625
0 0.35859375 0.42734375 0.096875 0.12578125
0 0.60078125 0.43359375 0.0703125 0.10234375
0 0.45234375 0.43046875 0.084375 0.11640625
0 0.27109375 0.67421875 0.1046875 0.12734375
0 0.45390625 0.31640625 0.0859375 0.12421875
0 0.459375 0.7546875 0.0828125 0.11953125
0 0.53203125 0.20546875 0.08046875 0.12890625
0 0.26484375 0.55390625 0.10859375 0.1234375
0 0.53515625 0.43125 0.07578125 0.109375
0 0.3515625 0.1734375 0.103125 0.14609375
0 0.60390625 0.6359375 0.0703125 0.1
0 0.36484375 0.66484375 0.0921875 0.121875
0 0.46328125 0.8578125 0.08203125 0.115625
0 0.5390625 0.32578125 0.0796875 0.1171875
0 0.5359375 0.6390625 0.0765625 0.11171875
0 0.6 0.53515625 0.06953125 0.09921875
0 0.609375 0.33125 0.0703125 0.1125
0 0.3703125 0.77578125 0.08828125 0.121875
0 0.15 0.5625 0.12578125 0.13515625
0 0.6828125 0.23203125 0.06640625 0.1125
0 0.12109375 0.12890625 0.13984375 0.17578125
0 0.16015625 0.6859375 0.12109375 0.13984375
0 0.6734375 0.80859375 0.0671875 0.09609375
0 0.44453125 0.19375 0.0890625 0.1421875
0 0.53046875 0.54375 0.07890625 0.1078125
0 0.6796875 0.334375 0.065625 0.103125
0 0.3765625 0.87421875 0.0921875 0.12578125
0 0.74453125 0.34140625 0.0609375 0.1
0 0.6703125 0.53515625 0.06328125 0.09921875
0 0.5359375 0.74296875 0.0765625 0.1078125
0 0.45703125 0.65078125 0.08359375 0.115625
0 0.78828125 0.43984375 0.05859375 0.090625
0 0.7890625 0.69140625 0.05859375 0.08515625
0 0.5375 0.83984375 0.07734375 0.109375
0 0.79921875 0.34609375 0.05625 0.09296875
0 0.60859375 0.22109375 0.075 0.121875
0 0.675 0.62265625 0.06796875 0.1
0 0.6734375 0.721875 0.06640625 0.1015625
0 0.74140625 0.621875 0.065625 0.09609375
0 0.60625 0.825 0.071875 0.1046875
0 0.60546875 0.734375 0.06875 0.1015625
0 0.67265625 0.43828125 0.0625 0.09765625
0 0.73984375 0.78984375 0.0640625 0.09375
0 0.728125 0.43828125 0.0609375 0.09375
0 0.88359375 0.52109375 0.04765625 0.0796875
0 0.78359375 0.52734375 0.05703125 0.09140625
0 0.72734375 0.53203125 0.05546875 0.09296875
0 0.790625 0.6125 0.05546875 0.08828125
0 0.74609375 0.24375 0.05859375 0.10859375
0 0.83984375 0.525 0.0484375 0.08359375
0 0.85234375 0.3515625 0.04921875 0.08828125
0 0.73671875 0.709375 0.0609375 0.09375
0 0.884375 0.67578125 0.04453125 0.078125
0 0.890625 0.5953125 0.04921875 0.078125
0 0.28359375 0.90078125 0.10390625 0.12890625
0 0.79921875 0.24765625 0.05390625 0.10625
0 0.84609375 0.44140625 0.05390625 0.08671875
0 0.846875 0.6 0.05 0.0796875
0 0.17109375 0.81640625 0.1171875 0.1375
0 0.78984375 0.77890625 0.05 0.09140625
0 0.85625 0.26015625 0.05859375 0.09140625
0 0.8859375 0.43828125 0.04921875 0.0828125
0 0.83671875 0.6875 0.05625 0.08515625
0 0.89453125 0.35234375 0.04609375 0.08515625
0 0.840625 0.76484375 0.05078125 0.0828125
0 0.18046875 0.92421875 0.13046875 0.14140625
0 0.9046875 0.2609375 0.05859375 0.10234375
0 0.88125 0.7546875 0.059375 0.071875