0 0.64765625 0.7125 0.175 0.059375
0 0.82734375 0.71484375 0.175 0.0609375
0 0.459375 0.7890625 0.1984375 0.09375
0 0.46796875 0.53671875 0.175 0.075
0 0.47265625 0.321875 0.16875 0.06875
0 0.8234375 0.6578125 0.178125 0.0578125
0 0.4640625 0.6109375 0.184375 0.08125
0 0.29375 0.459375 0.171875 0.071875
0 0.47109375 0.38515625 0.16875 0.0703125
0 0.4734375 0.46015625 0.171875 0.071875
0 0.4640625 0.69296875 0.19375 0.0875
0 0.81796875 0.59609375 0.171875 0.0546875
0 0.278125 0.69609375 0.184375 0.0875
0 0.8125 0.54375 0.1703125 0.053125
0 0.2859375 0.61484375 0.184375 0.08125
0 0.2640625 0.7875 0.190625 0.0921875
0 0.64296875 0.5953125 0.165625 0.053125
0 0.9484375 0.546875 0.103125 0.053125
0 0.475 0.25390625 0.16875 0.06875
0 0.315625 0.2578125 0.1625 0.0671875
0 0.64921875 0.78125 0.1765625 0.0671875
0 0.6421875 0.54375 0.1625 0.053125
0 0.646875 0.6578125 0.16875 0.0578125
0 0.47578125 0.19375 0.165625 0.0625
0 0.29765625 0.3859375 0.171875 0.0703125
0 0.29296875 0.5375 0.178125 0.0765625
0 0.79609375 0.28671875 0.15625 0.046875
0 0.83203125 0.78125 0.178125 0.0625
0 0.8078125 0.48828125 0.165625 0.05
0 0.30625 0.32421875 0.165625 0.065625
0 0.32109375 0.1953125 0.159375 0.065625
0 0.9609375 0.7828125 0.078125 0.065625
0 0.93828125 0.38671875 0.11875 0.0484375
0 0.9515625 0.5984375 0.096875 0.05625
0 0.8015625 0.44140625 0.16875 0.05
0 0.63828125 0.24375 0.15 0.0453125
0 0.9453125 0.43984375 0.109375 0.05
0 0.64140625 0.48984375 0.1625 0.0515625
0 0.93515625 0.34140625 0.125 0.046875
0 0.95859375 0.7234375 0.08125 0.0578125
0 0.79765625 0.3859375 0.1640625 0.05
0 0.93203125 0.29453125 0.13125 0.0484375
0 0.9546875 0.6609375 0.0890625 0.0578125
0 0.94453125 0.48984375 0.109375 0.053125
0 0.6390625 0.4390625 0.159375 0.05
0 0.7953125 0.33828125 0.1609375 0.05
0 0.6375 0.34296875 0.153125 0.05
0 0.640625 0.29609375 0.153125 0.0484375
0 0.79296875 0.24296875 0.153125 0.04375
0 0.6359375 0.3875 0.153125 0.0484375
0 0.93515625 0.24140625 0.1296875 0.0453125