0 0.7703125 0.8140625 0.08125 0.1765625
0 0.34921875 0.2796875 0.084375 0.071875
0 0.4171875 0.8390625 0.1 0.1
0 0.609375 0.57734375 0.096875 0.084375
0 0.428125 0.49765625 0.09375 0.0796875
0 0.7 0.42265625 0.09375 0.078125
0 0.3203125 0.8390625 0.1 0.0953125
0 0.603125 0.20703125 0.0875 0.071875
0 0.4265625 0.57421875 0.0921875 0.08125
0 0.70390625 0.66796875 0.0984375 0.0875
0 0.61015625 0.75546875 0.1 0.09375
0 0.6890625 0.34453125 0.09375 0.0734375
0 0.61484375 0.84296875 0.1 0.096875
0 0.6015625 0.13984375 0.0859375 0.065625
0 0.5140625 0.84375 0.1 0.096875
0 0.69765625 0.809375 0.075 0.18125
0 0.51171875 0.6625 0.096875 0.0875
0 0.7796875 0.40078125 0.075 0.140625
0 0.51171875 0.7515625 0.0984375 0.0890625
0 0.6859375 0.13203125 0.090625 0.06875
0 0.60859375 0.66328125 0.096875 0.0875
0 0.43671875 0.14609375 0.084375 0.06875
0 0.33671875 0.57578125 0.09375 0.084375
0 0.34453125 0.34921875 0.084375 0.0734375
0 0.60078125 0.346875 0.0875 0.071875
0 0.51171875 0.57734375 0.09375 0.084375
0 0.60625 0.5015625 0.0953125 0.0796875
0 0.68671875 0.20390625 0.090625 0.0703125
0 0.23359375 0.7421875 0.0984375 0.090625
0 0.6859375 0.2703125 0.090625 0.0734375
0 0.51640625 0.49453125 0.09375 0.078125
0 0.6046875 0.42421875 0.090625 0.078125
0 0.7015625 0.58046875 0.1 0.084375
0 0.696875 0.49609375 0.096875 0.0796875
0 0.4359375 0.21171875 0.084375 0.06875
0 0.42265625 0.73984375 0.096875 0.090625
0 0.51953125 0.2109375 0.0859375 0.06875
0 0.51796875 0.42265625 0.090625 0.075
0 0.35390625 0.1484375 0.0828125 0.06875
0 0.43203125 0.4234375 0.0875 0.075
0 0.3515625 0.2140625 0.08125 0.06875
0 0.33359375 0.66328125 0.09375 0.084375
0 0.51640625 0.34921875 0.090625 0.071875
0 0.421875 0.65625 0.09375 0.084375
0 0.51640625 0.27421875 0.0890625 0.0734375
0 0.43203125 0.35 0.0875 0.06875
0 0.1765625 0.39921875 0.065625 0.121875
0 0.59921875 0.2734375 0.0875 0.071875
0 0.23984375 0.66171875 0.0953125 0.084375
0 0.165625 0.525 0.0703125 0.13125
0 0.43359375 0.28203125 0.084375 0.071875
0 0.3265625 0.7484375 0.096875 0.090625
0 0.25390625 0.42734375 0.096875 0.075
0 0.15234375 0.65703125 0.0765625 0.1390625
0 0.51953125 0.1390625 0.084375 0.065625
0 0.76953125 0.26796875 0.0734375 0.128125
0 0.2734375 0.15 0.0765625 0.065625
0 0.3390625 0.49765625 0.090625 0.075
0 0.25234375 0.49921875 0.090625 0.078125
0 0.24296875 0.57890625 0.0953125 0.08125
0 0.259375 0.35234375 0.090625 0.071875
0 0.24921875 0.284375 0.115625 0.078125
0 0.225 0.8328125 0.1046875 0.0921875
0 0.78671875 0.52890625 0.0765625 0.121875
0 0.3421875 0.4265625 0.0875 0.075
0 0.2765625 0.2171875 0.078125 0.0671875
0 0.2046875 0.16875 0.06875 0.109375
0 0.78671875 0.6546875 0.0703125 0.13125
0 0.19609375 0.27265625 0.0796875 0.1359375
0 0.140625 0.7984375 0.0875 0.1484375
0 0.765625 0.146875 0.08125 0.125