0 0.23125 0.209375 0.19375 0.05625
0 0.41796875 0.20625 0.1859375 0.071875
0 0.21796875 0.446875 0.2140625 0.0625
0 0.2046875 0.58125 0.2359375 0.0734375
0 0.225 0.3234375 0.20625 0.059375
0 0.4328125 0.5296875 0.203125 0.0890625
0 0.6390625 0.621875 0.203125 0.09375
0 0.4203125 0.2828125 0.1875 0.075
0 0.43203125 0.83359375 0.2375 0.1203125
0 0.6109375 0.2890625 0.1828125 0.075
0 0.65546875 0.72109375 0.209375 0.10625
0 0.43515625 0.6203125 0.2125 0.096875
0 0.603125 0.21484375 0.178125 0.06875
0 0.2140625 0.515625 0.2203125 0.065625
0 0.2203125 0.3890625 0.20625 0.0625
0 0.434375 0.72109375 0.228125 0.1125
0 0.05703125 0.3796875 0.1140625 0.0625
0 0.6265625 0.44609375 0.184375 0.0796875
0 0.1828125 0.84140625 0.2578125 0.090625
0 0.6296875 0.5296875 0.190625 0.0859375
0 0.053125 0.4453125 0.10625 0.0640625
0 0.04765625 0.58515625 0.09375 0.075
0 0.0515625 0.51640625 0.1015625 0.06875
0 0.61484375 0.36953125 0.18125 0.075
0 0.228125 0.26875 0.1984375 0.05625
0 0.425 0.1328125 0.18125 0.0671875
0 0.0640625 0.20390625 0.128125 0.05625
0 0.6609375 0.82890625 0.215625 0.1125
0 0.0609375 0.3203125 0.121875 0.0609375
0 0.06171875 0.2578125 0.1234375 0.05625
0 0.4265625 0.35546875 0.1921875 0.075
0 0.4296875 0.44140625 0.2 0.08125
0 0.03046875 0.8375 0.059375 0.090625
0 0.2 0.66015625 0.240625 0.0796875
0 0.18671875 0.74921875 0.25 0.0875
0 0.603125 0.15 0.171875 0.0640625
0 0.034375 0.75546875 0.06875 0.084375
0 0.06640625 0.1484375 0.1328125 0.0484375
0 0.03828125 0.66484375 0.0765625 0.08125
0 0.234375 0.1546875 0.1953125 0.053125