0 0.51875 0.45546875 0.071875 0.1421875
0 0.52109375 0.72421875 0.0671875 0.1328125
0 0.23203125 0.46796875 0.078125 0.146875
0 0.446875 0.45546875 0.06875 0.14375
0 0.45078125 0.58984375 0.071875 0.134375
0 0.521875 0.59140625 0.071875 0.13125
0 0.37890625 0.590625 0.0703125 0.1375
0 0.45234375 0.721875 0.06875 0.134375
0 0.52265625 0.16484375 0.0734375 0.1484375
0 0.3171875 0.88203125 0.06875 0.134375
0 0.4484375 0.1671875 0.075 0.15
0 0.1546875 0.46640625 0.0796875 0.1453125
0 0.453125 0.86171875 0.0703125 0.134375
0 0.228125 0.31796875 0.078125 0.153125
0 0.521875 0.8609375 0.065625 0.1328125
0 0.3734375 0.31171875 0.075 0.146875
0 0.5859375 0.7171875 0.0734375 0.134375
0 0.5890625 0.30625 0.078125 0.15
0 0.2359375 0.6109375 0.0765625 0.140625
0 0.31484375 0.740625 0.075 0.134375
0 0.1640625 0.7578125 0.078125 0.1421875
0 0.3125 0.60859375 0.071875 0.140625
0 0.30390625 0.3203125 0.0734375 0.15
0 0.24296875 0.8875 0.075 0.134375
0 0.51875 0.3125 0.071875 0.1453125
0 0.1453125 0.16171875 0.08125 0.15625
0 0.5875 0.58671875 0.075 0.1375
0 0.375 0.45546875 0.071875 0.14375
0 0.16953125 0.89296875 0.078125 0.134375
0 0.23984375 0.7546875 0.075 0.1390625
0 0.30390625 0.1671875 0.078125 0.15625
0 0.4484375 0.31328125 0.071875 0.146875
0 0.37265625 0.1671875 0.075 0.153125
0 0.22421875 0.1640625 0.078125 0.15625
0 0.38828125 0.86171875 0.06875 0.1375
0 0.3875 0.725 0.06875 0.1375
0 0.58671875 0.446875 0.078125 0.146875
0 0.3078125 0.46796875 0.071875 0.14375
0 0.64140625 0.815625 0.05625 0.103125
0 0.5921875 0.1609375 0.078125 0.153125
0 0.15859375 0.61171875 0.078125 0.1421875
0 0.58203125 0.83828125 0.06875 0.1140625
0 0.14765625 0.31796875 0.078125 0.153125
0 0.646875 0.69296875 0.05625 0.10625
0 0.64921875 0.3 0.046875 0.14375
0 0.65 0.15859375 0.046875 0.14375
0 0.64453125 0.44140625 0.040625 0.134375
0 0.6421875 0.57265625 0.04375 0.13125