0 0.50390625 0.25703125 0.075 0.0875
0 0.50390625 0.340625 0.071875 0.084375
0 0.57578125 0.25625 0.075 0.090625
0 0.43359375 0.259375 0.0734375 0.0890625
0 0.30078125 0.43125 0.06875 0.08125
0 0.29609375 0.34765625 0.0703125 0.08125
0 0.35859375 0.259375 0.075 0.0890625
0 0.43515625 0.3421875 0.071875 0.0859375
0 0.29296875 0.2609375 0.0734375 0.0875
0 0.37109375 0.428125 0.0703125 0.0796875
0 0.50546875 0.4265625 0.071875 0.0796875
0 0.36875 0.34375 0.071875 0.0828125
0 0.43671875 0.428125 0.071875 0.0796875
0 0.46953125 0.5046875 0.05625 0.084375
0 0.5265625 0.5046875 0.0609375 0.084375
0 0.57265625 0.340625 0.071875 0.084375
0 0.5734375 0.42578125 0.0703125 0.0765625
0 0.41640625 0.509375 0.0625 0.0875
0 0.35859375 0.50625 0.0640625 0.0890625
0 0.30625 0.51015625 0.065625 0.084375