0 0.5421875 0.3203125 0.178125 0.165625
0 0.2375 0.14921875 0.15 0.265625
0 0.69765625 0.47421875 0.159375 0.153125
0 0.54921875 0.4859375 0.1734375 0.159375
0 0.69921875 0.3203125 0.159375 0.15625
0 0.2515625 0.48046875 0.171875 0.115625
0 0.51796875 0.1484375 0.1828125 0.18125
0 0.24765625 0.3546875 0.1703125 0.128125
0 0.371875 0.1609375 0.140625 0.253125
0 0.35625 0.66484375 0.146875 0.25
0 0.70390625 0.58984375 0.1234375 0.0875
0 0.39921875 0.41796875 0.134375 0.2453125
0 0.6796875 0.15703125 0.16875 0.171875
0 0.47265625 0.68046875 0.1375 0.228125
0 0.5921875 0.67734375 0.125 0.21875
0 0.828125 0.42421875 0.1140625 0.09375
0 0.82421875 0.609375 0.128125 0.10625
0 0.8375 0.31875 0.128125 0.115625
0 0.23203125 0.66484375 0.14375 0.23125
0 0.82109375 0.5140625 0.121875 0.084375
0 0.67421875 0.7796875 0.11875 0.090625
0 0.840625 0.17265625 0.159375 0.18125
0 0.69375 0.68125 0.125 0.10625
0 0.8140625 0.709375 0.134375 0.1109375
0 0.5484375 0.8796875 0.165625 0.1625
0 0.6703125 0.86875 0.11875 0.0890625
0 0.8015625 0.8296875 0.14375 0.1359375
0 0.240625 0.8890625 0.10625 0.1984375
0 0.37578125 0.87890625 0.184375 0.1515625