0 0.64921875 0.8375 0.1140625 0.0890625
0 0.6515625 0.73828125 0.115625 0.0890625
0 0.64921875 0.56171875 0.1140625 0.084375
0 0.75859375 0.83359375 0.115625 0.0875
0 0.65 0.9234375 0.115625 0.090625
0 0.225 0.39453125 0.1109375 0.0796875
0 0.6484375 0.23203125 0.1125 0.0828125
0 0.64921875 0.31484375 0.1125 0.0828125
0 0.428125 0.478125 0.103125 0.078125
0 0.65 0.6484375 0.115625 0.0828125
0 0.7578125 0.48359375 0.115625 0.08125
0 0.65078125 0.14453125 0.1125 0.084375
0 0.75625 0.32109375 0.1140625 0.084375
0 0.75703125 0.91875 0.1125 0.084375
0 0.22109375 0.5625 0.109375 0.08125
0 0.22109375 0.478125 0.109375 0.08125
0 0.64765625 0.475 0.1125 0.0828125
0 0.4296875 0.63984375 0.109375 0.084375
0 0.32265625 0.73203125 0.1125 0.0859375
0 0.759375 0.73984375 0.1125 0.0875
0 0.53984375 0.23046875 0.10625 0.08125
0 0.31953125 0.81640625 0.1109375 0.0875
0 0.64765625 0.39921875 0.1125 0.078125
0 0.32578125 0.64765625 0.1125 0.084375
0 0.21796875 0.646875 0.10625 0.08125
0 0.1265625 0.146875 0.10625 0.078125
0 0.11640625 0.47265625 0.103125 0.0796875
0 0.5359375 0.834375 0.1125 0.0875
0 0.325 0.56171875 0.1125 0.08125
0 0.4265625 0.82734375 0.1125 0.0875
0 0.3265625 0.32109375 0.10625 0.08125
0 0.4328125 0.22734375 0.10625 0.0796875
0 0.42734375 0.73828125 0.1140625 0.0875
0 0.43203125 0.315625 0.10625 0.08125
0 0.2140625 0.7296875 0.109375 0.084375
0 0.4296875 0.55703125 0.1109375 0.084375
0 0.7578125 0.2359375 0.1125 0.0796875
0 0.225 0.23828125 0.10625 0.0796875
0 0.32734375 0.2375 0.10625 0.08125
0 0.54140625 0.1421875 0.1078125 0.0828125
0 0.759375 0.65703125 0.1125 0.0828125
0 0.21171875 0.9125 0.10625 0.0875
0 0.428125 0.91953125 0.1125 0.090625
0 0.121875 0.23515625 0.1046875 0.08125
0 0.10390625 0.72578125 0.109375 0.084375
0 0.5390625 0.56171875 0.1078125 0.0828125
0 0.21015625 0.82109375 0.109375 0.0828125
0 0.31484375 0.9140625 0.109375 0.0890625
0 0.53828125 0.646875 0.109375 0.084375
0 0.53828125 0.74296875 0.1109375 0.090625
0 0.10703125 0.8125 0.10625 0.084375
0 0.53203125 0.9234375 0.115625 0.0875
0 0.75859375 0.56875 0.115625 0.0828125
0 0.121875 0.31875 0.10625 0.0796875
0 0.5390625 0.3125 0.10625 0.08125
0 0.75703125 0.065625 0.1125 0.084375
0 0.11171875 0.6390625 0.10625 0.084375
0 0.43203125 0.06484375 0.109375 0.0828125
0 0.7578125 0.14453125 0.1125 0.0828125
0 0.753125 0.3984375 0.115625 0.078125
0 0.43125 0.39296875 0.1078125 0.0796875
0 0.109375 0.56015625 0.109375 0.084375
0 0.53828125 0.05859375 0.109375 0.084375
0 0.32734375 0.40078125 0.109375 0.0796875
0 0.32734375 0.06953125 0.1078125 0.084375
0 0.43359375 0.1453125 0.109375 0.08125
0 0.3265625 0.153125 0.10625 0.0828125
0 0.121875 0.0703125 0.1046875 0.08125
0 0.64921875 0.0625 0.1125 0.0828125
0 0.32265625 0.475 0.10625 0.0796875
0 0.10703125 0.90234375 0.10625 0.090625
0 0.2234375 0.3203125 0.10625 0.08125
0 0.11640625 0.39296875 0.103125 0.078125
0 0.225 0.15546875 0.103125 0.08125
0 0.225 0.075 0.10625 0.0828125
0 0.53359375 0.396875 0.109375 0.078125
0 0.53203125 0.475 0.1125 0.08125