0 0.90859375 0.240625 0.17265625 0.14453125
0 0.84296875 0.74296875 0.13125 0.12890625
0 0.8734375 0.49921875 0.1625 0.128125
0 0.55 0.15546875 0.15625 0.10078125
0 0.74765625 0.37734375 0.1453125 0.1296875
0 0.621875 0.25859375 0.13046875 0.1296875
0 0.3984375 0.16796875 0.14296875 0.0984375
0 0.13046875 0.50078125 0.1140625 0.07109375
0 0.2546875 0.5109375 0.128125 0.0875
0 0.48515625 0.4875 0.11171875 0.11328125
0 0.4921875 0.37578125 0.115625 0.1171875
0 0.71171875 0.125 0.18125 0.11875
0 0.72421875 0.7296875 0.11796875 0.1265625
0 0.709375 0.83984375 0.115625 0.12578125
0 0.4953125 0.2671875 0.11875 0.11953125
0 0.2578125 0.42734375 0.12734375 0.084375
0 0.3703125 0.58203125 0.11171875 0.10703125
0 0.6078125 0.37734375 0.12578125 0.12265625
0 0.41640625 0.69140625 0.09609375 0.10703125
0 0.36875 0.48671875 0.11015625 0.11015625
0 0.6140625 0.7109375 0.1078125 0.1203125
0 0.38828125 0.26640625 0.11015625 0.11328125
0 0.725 0.61875 0.13671875 0.12421875
0 0.1296875 0.56640625 0.11328125 0.0828125
0 0.5984375 0.60625 0.125 0.11796875
0 0.59921875 0.8140625 0.103125 0.12421875
0 0.5078125 0.70078125 0.09921875 0.1140625
0 0.2703125 0.34453125 0.1203125 0.08125
0 0.4890625 0.59296875 0.11328125 0.1109375
0 0.759375 0.25234375 0.1515625 0.13515625
0 0.40859375 0.78359375 0.0953125 0.115625
0 0.59765625 0.49453125 0.1265625 0.11875
0 0.89296875 0.37578125 0.1703125 0.1359375
0 0.325 0.68203125 0.0875 0.11015625
0 0.73203125 0.496875 0.14140625 0.12421875
0 0.31640625 0.77734375 0.08984375 0.11171875
0 0.27421875 0.2609375 0.1234375 0.08984375
0 0.265625 0.1765625 0.128125 0.09921875
0 0.859375 0.621875 0.13828125 0.1265625
0 0.228125 0.76328125 0.08671875 0.1078125
0 0.3765625 0.37421875 0.10703125 0.1125
0 0.83046875 0.8578125 0.125 0.134375
0 0.5 0.7953125 0.09609375 0.1140625
0 0.25625 0.58359375 0.1328125 0.0859375
0 0.13359375 0.425 0.11796875 0.08046875
0 0.2296875 0.66796875 0.096875 0.10625
0 0.90078125 0.08984375 0.19453125 0.16484375
0 0.14140625 0.21015625 0.14296875 0.13359375
0 0.12734375 0.703125 0.12421875 0.0859375
0 0.14375 0.33203125 0.1171875 0.1109375
0 0.1296875 0.63671875 0.115625 0.084375
0 0.128125 0.76328125 0.11796875 0.084375