0 0.2140625 0.425 0.0734375 0.2109375
0 0.284375 0.63046875 0.06953125 0.2046875
0 0.60546875 0.4171875 0.0578125 0.184375
0 0.49609375 0.61171875 0.06328125 0.190625
0 0.35703125 0.62421875 0.06640625 0.2015625
0 0.77109375 0.41171875 0.0515625 0.17578125
0 0.55859375 0.8015625 0.059375 0.18984375
0 0.43515625 0.8171875 0.06640625 0.203125
0 0.215625 0.63125 0.07421875 0.20859375
0 0.82109375 0.41484375 0.053125 0.171875
0 0.48515625 0.425 0.0609375 0.18984375
0 0.28203125 0.41953125 0.06953125 0.2078125
0 0.7765625 0.59140625 0.0515625 0.1765625
0 0.55390625 0.61328125 0.0578125 0.1921875
0 0.2328125 0.2609375 0.12734375 0.121875
0 0.7234375 0.77890625 0.0546875 0.18046875
0 0.3546875 0.42109375 0.06796875 0.2046875
0 0.7265625 0.59375 0.05390625 0.17734375
0 0.4234375 0.42109375 0.06328125 0.19765625
0 0.784375 0.28125 0.0859375 0.103125
0 0.36015625 0.828125 0.0671875 0.20859375
0 0.29453125 0.83828125 0.06953125 0.20703125
0 0.3578125 0.26484375 0.11640625 0.121875
0 0.55078125 0.41953125 0.059375 0.1875
0 0.67109375 0.78515625 0.05703125 0.18515625
0 0.50078125 0.8140625 0.059375 0.1984375
0 0.21796875 0.85234375 0.07421875 0.2171875
0 0.425 0.6171875 0.0640625 0.19375
0 0.825 0.58671875 0.0515625 0.17578125
0 0.721875 0.4125 0.0546875 0.1796875
0 0.6640625 0.415625 0.05703125 0.18125
0 0.46953125 0.27578125 0.10703125 0.1140625
0 0.61171875 0.796875 0.05703125 0.18515625
0 0.66875 0.60234375 0.05703125 0.17890625
0 0.69375 0.28046875 0.090625 0.1046875
0 0.7796875 0.76953125 0.0484375 0.1765625
0 0.6078125 0.60703125 0.0578125 0.1828125
0 0.83515625 0.75859375 0.05234375 0.175
0 0.578125 0.27578125 0.103125 0.10859375