0 0.7296875 0.4671875 0.109375 0.075
0 0.42890625 0.384375 0.1109375 0.0859375
0 0.303125 0.18203125 0.1234375 0.109375
0 0.65390625 0.20078125 0.11875 0.103125
0 0.5328125 0.3875 0.1078125 0.084375
0 0.19765625 0.378125 0.1265625 0.090625
0 0.5375 0.29609375 0.115625 0.0953125
0 0.75390625 0.303125 0.121875 0.0921875
0 0.63203125 0.4671875 0.10625 0.075
0 0.53984375 0.1875 0.121875 0.1078125
0 0.43359375 0.53828125 0.1 0.071875
0 0.234375 0.6078125 0.1078125 0.06875
0 0.6484375 0.29921875 0.115625 0.0921875
0 0.62265625 0.6109375 0.096875 0.0640625
0 0.4265625 0.29453125 0.1171875 0.0953125
0 0.2109375 0.459375 0.125 0.0828125
0 0.7421875 0.39375 0.1125 0.08125
0 0.31171875 0.2890625 0.121875 0.1015625
0 0.53125 0.4640625 0.1046875 0.078125
0 0.8109375 0.54375 0.103125 0.0703125
0 0.71328125 0.61171875 0.096875 0.0625
0 0.4296875 0.4609375 0.10625 0.078125
0 0.63984375 0.39296875 0.1125 0.084375
0 0.32421875 0.459375 0.1125 0.08125
0 0.33671875 0.60703125 0.0984375 0.065625
0 0.18515625 0.28046875 0.134375 0.1
0 0.328125 0.540625 0.109375 0.071875
0 0.32109375 0.38203125 0.121875 0.084375
0 0.4171875 0.1921875 0.121875 0.1078125
0 0.62109375 0.53984375 0.1015625 0.071875
0 0.721875 0.5421875 0.1 0.071875
0 0.4359375 0.60546875 0.096875 0.065625
0 0.35078125 0.88984375 0.084375 0.0484375
0 0.1765625 0.16796875 0.13125 0.1125
0 0.22109375 0.5375 0.11875 0.075
0 0.24296875 0.6734375 0.103125 0.0625
0 0.7625 0.2046875 0.121875 0.1
0 0.83984375 0.396875 0.115625 0.08125
0 0.53125 0.5375 0.1 0.06875
0 0.52421875 0.7265625 0.0890625 0.05625
0 0.34375 0.73515625 0.090625 0.05625
0 0.34765625 0.78828125 0.090625 0.053125
0 0.609375 0.66953125 0.09375 0.0625
0 0.3390625 0.671875 0.0953125 0.0609375
0 0.828125 0.46953125 0.10625 0.075
0 0.53046875 0.60234375 0.09375 0.0625
0 0.4359375 0.6703125 0.09375 0.0625
0 0.43671875 0.725 0.090625 0.053125
0 0.86640625 0.30703125 0.1140625 0.090625
0 0.59140625 0.83203125 0.08125 0.05
0 0.265625 0.896875 0.0875 0.05
0 0.59765625 0.77890625 0.084375 0.05
0 0.6046875 0.72421875 0.0890625 0.053125
0 0.3515625 0.83984375 0.0859375 0.0515625
0 0.67265625 0.83203125 0.078125 0.046875
0 0.515625 0.87578125 0.078125 0.046875
0 0.52734375 0.665625 0.090625 0.0625
0 0.69609375 0.66875 0.090625 0.0609375
0 0.5203125 0.778125 0.08125 0.0515625
0 0.66640625 0.87578125 0.078125 0.0484375
0 0.58984375 0.878125 0.08125 0.0453125
0 0.51953125 0.83203125 0.08125 0.0484375
0 0.43671875 0.7828125 0.0859375 0.053125
0 0.24921875 0.73671875 0.1 0.0578125
0 0.26171875 0.84921875 0.090625 0.05
0 0.25703125 0.79140625 0.0953125 0.05625
0 0.43515625 0.88046875 0.08125 0.0484375
0 0.68828125 0.73046875 0.0875 0.05625
0 0.80078125 0.6109375 0.0921875 0.0625
0 0.68125 0.77890625 0.084375 0.0515625
0 0.43671875 0.83515625 0.0828125 0.05
0 0.87734375 0.20859375 0.125 0.1
0 0.775 0.721875 0.084375 0.05625
0 0.7640625 0.7765625 0.0890625 0.053125
0 0.7421875 0.8734375 0.096875 0.0546875
0 0.78515625 0.66640625 0.103125 0.0640625
0 0.74921875 0.825 0.09375 0.059375