0 0.703125 0.20625 0.090625 0.11875
0 0.60625 0.61484375 0.075 0.1
0 0.67265625 0.81484375 0.078125 0.10625
0 0.778125 0.421875 0.090625 0.109375
0 0.61484375 0.3234375 0.08125 0.10625
0 0.76640625 0.72734375 0.0875 0.1125
0 0.68125 0.71875 0.08125 0.103125
0 0.7921875 0.309375 0.096875 0.115625
0 0.5421875 0.32734375 0.075 0.103125
0 0.75703125 0.821875 0.090625 0.109375
0 0.60390625 0.709375 0.075 0.1
0 0.45859375 0.7734375 0.06875 0.096875
0 0.5375 0.42890625 0.075 0.1015625
0 0.390625 0.59453125 0.0625 0.090625
0 0.68359375 0.62109375 0.08125 0.103125
0 0.77109375 0.62109375 0.090625 0.1078125
0 0.603125 0.5203125 0.0765625 0.096875
0 0.39140625 0.23828125 0.0625 0.0984375
0 0.5296875 0.7828125 0.06875 0.096875
0 0.46015625 0.51640625 0.065625 0.090625
0 0.6875 0.52265625 0.084375 0.103125
0 0.459375 0.6859375 0.06875 0.09375
0 0.4640625 0.33359375 0.071875 0.096875
0 0.61171875 0.425 0.075 0.103125
0 0.53125 0.69921875 0.071875 0.096875
0 0.7 0.32265625 0.0859375 0.109375
0 0.534375 0.6078125 0.0703125 0.0953125
0 0.53046875 0.51953125 0.0703125 0.090625
0 0.1203125 0.42890625 0.0484375 0.078125
0 0.6125 0.21640625 0.08125 0.1140625
0 0.46171875 0.4265625 0.0671875 0.09375
0 0.4625 0.23203125 0.06875 0.103125
0 0.5390625 0.225 0.075 0.1109375
0 0.27890625 0.66640625 0.053125 0.08125
0 0.69609375 0.42265625 0.084375 0.103125
0 0.11875 0.34765625 0.05 0.078125
0 0.3953125 0.33671875 0.065625 0.0953125
0 0.79375 0.196875 0.096875 0.125
0 0.39609375 0.6828125 0.0625 0.090625
0 0.4609375 0.603125 0.06875 0.090625
0 0.33515625 0.509375 0.0609375 0.084375
0 0.778125 0.5265625 0.090625 0.10625
0 0.3921875 0.428125 0.0625 0.0890625
0 0.16484375 0.346875 0.053125 0.08125
0 0.3328125 0.671875 0.059375 0.0828125
0 0.16875 0.4296875 0.0515625 0.078125
0 0.596875 0.79765625 0.071875 0.1046875
0 0.33359375 0.5890625 0.05625 0.084375
0 0.22421875 0.51015625 0.053125 0.08125
0 0.221875 0.34296875 0.053125 0.084375
0 0.17265625 0.50625 0.0484375 0.078125
0 0.33203125 0.24609375 0.059375 0.09375
0 0.33203125 0.33828125 0.0578125 0.090625
0 0.27890625 0.74296875 0.05625 0.084375
0 0.33359375 0.428125 0.059375 0.0875
0 0.2796875 0.58984375 0.0546875 0.0828125
0 0.27578125 0.25078125 0.05625 0.090625
0 0.278125 0.42734375 0.053125 0.084375
0 0.27734375 0.5078125 0.05625 0.08125
0 0.12421875 0.50546875 0.046875 0.075
0 0.390625 0.7640625 0.0609375 0.090625
0 0.2390625 0.42890625 0.084375 0.0828125
0 0.396875 0.5125 0.0625 0.0875
0 0.225 0.6625 0.05 0.075
0 0.11015625 0.2671875 0.05 0.084375
0 0.18046875 0.659375 0.05 0.078125
0 0.278125 0.340625 0.053125 0.0890625
0 0.3328125 0.75625 0.059375 0.0859375
0 0.21796875 0.25703125 0.053125 0.090625
0 0.16640625 0.26171875 0.0625 0.09375
0 0.2265625 0.58671875 0.05 0.08125
0 0.22578125 0.740625 0.05 0.08125
0 0.1765625 0.57890625 0.05625 0.084375
0 0.12734375 0.57578125 0.05625 0.0828125
0 0.17578125 0.7234375 0.05625 0.0875
0 0.13515625 0.7171875 0.05625 0.0828125
0 0.13125 0.646875 0.05625 0.078125