0 0.36484375 0.165625 0.1078125 0.0796875
0 0.36171875 0.88984375 0.103125 0.0765625
0 0.6765625 0.3328125 0.109375 0.0796875
0 0.5734375 0.1578125 0.109375 0.084375
0 0.678125 0.24375 0.109375 0.084375
0 0.67421875 0.7375 0.109375 0.0796875
0 0.3671875 0.7375 0.10625 0.078125
0 0.46875 0.4109375 0.10625 0.08125
0 0.5734375 0.08046875 0.109375 0.08125
0 0.7765625 0.66328125 0.109375 0.08125
0 0.46953125 0.1640625 0.109375 0.0828125
0 0.77890625 0.49921875 0.109375 0.08125
0 0.36640625 0.08125 0.10625 0.08125
0 0.36796875 0.6546875 0.10625 0.078125
0 0.7765625 0.746875 0.109375 0.0796875
0 0.78203125 0.33046875 0.10625 0.08125
0 0.675 0.4171875 0.109375 0.08125
0 0.36953125 0.56875 0.10625 0.078125
0 0.36875 0.8109375 0.1046875 0.075
0 0.78359375 0.24609375 0.10625 0.08125
0 0.67890625 0.08125 0.1078125 0.0828125
0 0.67265625 0.57578125 0.1109375 0.0796875
0 0.778125 0.57890625 0.109375 0.08125
0 0.3703125 0.325 0.109375 0.078125
0 0.89453125 0.08359375 0.109375 0.084375
0 0.2890625 0.10859375 0.0625 0.140625
0 0.46875 0.8125 0.10625 0.078125
0 0.7875 0.08203125 0.10625 0.084375
0 0.5703125 0.81484375 0.10625 0.0796875
0 0.68125 0.165625 0.109375 0.08125
0 0.88046875 0.753125 0.1078125 0.078125
0 0.465625 0.8875 0.10625 0.078125
0 0.46953125 0.49375 0.1046875 0.0796875
0 0.87890625 0.82578125 0.109375 0.078125
0 0.784375 0.41875 0.1078125 0.08125
0 0.78515625 0.16875 0.1078125 0.0828125
0 0.36640625 0.24140625 0.109375 0.08125
0 0.365625 0.49375 0.109375 0.0796875
0 0.571875 0.4109375 0.10625 0.08125
0 0.8859375 0.66875 0.10625 0.0796875
0 0.8953125 0.1703125 0.109375 0.084375
0 0.36796875 0.4078125 0.10625 0.0796875
0 0.67265625 0.81953125 0.10625 0.078125
0 0.290625 0.2515625 0.059375 0.140625
0 0.67265625 0.4921875 0.1109375 0.078125
0 0.87734375 0.9046875 0.109375 0.0765625
0 0.89296875 0.425 0.1125 0.078125
0 0.471875 0.56875 0.103125 0.08125
0 0.88671875 0.5078125 0.1078125 0.08125
0 0.89453125 0.2484375 0.1125 0.08125
0 0.89375 0.3390625 0.1125 0.084375
0 0.884375 0.59375 0.109375 0.08125
0 0.77421875 0.82578125 0.1078125 0.078125
0 0.56875 0.8890625 0.10625 0.078125
0 0.57578125 0.2421875 0.10625 0.0828125
0 0.471875 0.24296875 0.10625 0.08125
0 0.46953125 0.64921875 0.1046875 0.075
0 0.29140625 0.53671875 0.059375 0.134375
0 0.57265625 0.57109375 0.103125 0.075
0 0.675 0.65703125 0.109375 0.078125
0 0.57421875 0.3296875 0.109375 0.0796875
0 0.4703125 0.08203125 0.109375 0.08125
0 0.57109375 0.49765625 0.10625 0.08125
0 0.6734375 0.89453125 0.10625 0.0796875
0 0.77578125 0.90078125 0.109375 0.078125
0 0.47109375 0.32578125 0.10625 0.078125
0 0.46875 0.72578125 0.10625 0.078125
0 0.57265625 0.65078125 0.103125 0.078125
0 0.29140625 0.39375 0.059375 0.140625
0 0.57109375 0.728125 0.10625 0.0796875
0 0.2921875 0.67734375 0.059375 0.1375