0 0.33046875 0.75078125 0.08125 0.10625
0 0.56328125 0.75 0.078125 0.1109375
0 0.51328125 0.21015625 0.0890625 0.1328125
0 0.334375 0.85859375 0.078125 0.1
0 0.48984375 0.74921875 0.08125 0.109375
0 0.77578125 0.20703125 0.096875 0.1359375
0 0.40625 0.5359375 0.08125 0.1125
0 0.40546875 0.75703125 0.078125 0.1125
0 0.81484375 0.384375 0.0625 0.071875
0 0.68671875 0.521875 0.059375 0.065625
0 0.59453125 0.2078125 0.090625 0.134375
0 0.48046875 0.5265625 0.08125 0.1140625
0 0.325 0.53359375 0.08125 0.1125
0 0.40703125 0.8640625 0.0765625 0.1
0 0.48046875 0.41171875 0.084375 0.1203125
0 0.5625 0.528125 0.0828125 0.115625
0 0.403125 0.64765625 0.078125 0.109375
0 0.56328125 0.4078125 0.0875 0.121875
0 0.43046875 0.2125 0.084375 0.134375
0 0.803125 0.52578125 0.0625 0.06875
0 0.3421875 0.2171875 0.0890625 0.128125
0 0.68828125 0.4546875 0.059375 0.06875
0 0.421875 0.3203125 0.071875 0.0734375
0 0.6828125 0.77890625 0.05625 0.0578125
0 0.68515625 0.20625 0.096875 0.1375
0 0.31953125 0.42109375 0.084375 0.1125
0 0.48046875 0.6390625 0.08125 0.109375
0 0.40390625 0.4234375 0.0828125 0.121875
0 0.32734375 0.65 0.08125 0.109375
0 0.87265625 0.45390625 0.065625 0.071875
0 0.34453125 0.3234375 0.0796875 0.0625
0 0.4828125 0.8546875 0.078125 0.103125
0 0.8125 0.45546875 0.059375 0.071875
0 0.63515625 0.453125 0.0609375 0.06875
0 0.56171875 0.64375 0.084375 0.1125
0 0.87421875 0.209375 0.103125 0.134375
0 0.69140625 0.38359375 0.0609375 0.071875
0 0.63203125 0.65390625 0.05625 0.0625
0 0.75 0.45625 0.0625 0.0703125
0 0.69296875 0.3109375 0.0625 0.0734375
0 0.7546875 0.3875 0.065625 0.071875
0 0.6328125 0.58515625 0.059375 0.0625
0 0.5625 0.85703125 0.078125 0.103125
0 0.76640625 0.6578125 0.103125 0.0640625
0 0.628125 0.83828125 0.05625 0.059375
0 0.8796875 0.3109375 0.06875 0.071875
0 0.67890625 0.84296875 0.05625 0.0640625
0 0.628125 0.7765625 0.05625 0.0625
0 0.78671875 0.84140625 0.05625 0.0625
0 0.63828125 0.31328125 0.059375 0.075
0 0.7328125 0.83984375 0.0546875 0.0625
0 0.78515625 0.90078125 0.0515625 0.059375
0 0.57578125 0.31328125 0.059375 0.071875
0 0.79140625 0.78046875 0.059375 0.05625
0 0.68515625 0.65625 0.0578125 0.0625
0 0.63671875 0.38828125 0.059375 0.06875
0 0.859375 0.65859375 0.0625 0.0625
0 0.87578125 0.38125 0.065625 0.075
0 0.79453125 0.72421875 0.059375 0.0625
0 0.6328125 0.5203125 0.059375 0.06875
0 0.47421875 0.315625 0.0390625 0.075
0 0.73203125 0.896875 0.05625 0.05625
0 0.8515625 0.721875 0.0625 0.065625
0 0.79609375 0.65859375 0.0625 0.0625
0 0.8484375 0.7875 0.065625 0.06875
0 0.68515625 0.58828125 0.05625 0.0671875
0 0.821875 0.3109375 0.0625 0.0734375
0 0.740625 0.7796875 0.05625 0.0578125
0 0.63046875 0.71171875 0.05625 0.0609375
0 0.746875 0.5265625 0.0609375 0.0625
0 0.8 0.5890625 0.059375 0.065625
0 0.6828125 0.72265625 0.059375 0.0640625
0 0.74453125 0.5890625 0.059375 0.065625
0 0.7578125 0.309375 0.0625 0.0734375
0 0.621875 0.89453125 0.0578125 0.059375
0 0.86796875 0.525 0.0640625 0.06875
0 0.86484375 0.59609375 0.065625 0.06875
0 0.678125 0.896875 0.05625 0.0546875
0 0.740625 0.7203125 0.053125 0.0625
0 0.84453125 0.9 0.0578125 0.0578125
0 0.8484375 0.84296875 0.0625 0.0625
0 0.52109375 0.3140625 0.059375 0.0796875