0 0.5765625 0.52265625 0.07578125 0.078125
0 0.6515625 0.4484375 0.0796875 0.0765625
0 0.5796875 0.38359375 0.07265625 0.0703125
0 0.57890625 0.7546875 0.07734375 0.08515625
0 0.50390625 0.52265625 0.06875 0.071875
0 0.85234375 0.78125 0.1046875 0.10078125
0 0.83515625 0.4421875 0.09375 0.0796875
0 0.73671875 0.44453125 0.0875 0.07734375
0 0.6578125 0.37734375 0.07578125 0.0734375
0 0.85625 0.6890625 0.10390625 0.09296875
0 0.57265625 0.45 0.07421875 0.0734375
0 0.8421875 0.525 0.09765625 0.0828125
0 0.65859375 0.52265625 0.08125 0.0796875
0 0.84609375 0.60234375 0.10546875 0.08984375
0 0.7390625 0.3671875 0.08515625 0.07578125
0 0.5140625 0.66875 0.07109375 0.0765625
0 0.58125 0.59921875 0.0765625 0.07890625
0 0.5859375 0.67265625 0.078125 0.08046875
0 0.6609375 0.76015625 0.08359375 0.0890625
0 0.3796875 0.45859375 0.05859375 0.06484375
0 0.66953125 0.6796875 0.08515625 0.0875
0 0.74921875 0.5234375 0.0890625 0.08046875
0 0.50546875 0.32421875 0.065625 0.06796875
0 0.8265625 0.36015625 0.09453125 0.0796875
0 0.4453125 0.39296875 0.06484375 0.06640625
0 0.66328125 0.596875 0.08125 0.08046875
0 0.759375 0.68515625 0.09140625 0.09140625
0 0.503125 0.45390625 0.0671875 0.06953125
0 0.571875 0.3140625 0.06875 0.06875
0 0.440625 0.525 0.0609375 0.06875
0 0.44453125 0.6640625 0.06328125 0.07578125
0 0.37890625 0.5234375 0.05859375 0.06640625
0 0.32265625 0.4609375 0.0546875 0.06328125
0 0.43828125 0.45625 0.06484375 0.06640625
0 0.5140625 0.5921875 0.06953125 0.07421875
0 0.38515625 0.396875 0.05859375 0.0640625
0 0.228125 0.4109375 0.05 0.05625
0 0.5109375 0.38671875 0.06640625 0.06953125
0 0.3234375 0.65546875 0.05390625 0.06953125
0 0.20703125 0.71171875 0.0515625 0.06875
0 0.50546875 0.74296875 0.07421875 0.08359375
0 0.746875 0.59921875 0.090625 0.084375
0 0.64609375 0.30859375 0.07109375 0.0734375
0 0.38046875 0.659375 0.0625 0.07265625
0 0.434375 0.73515625 0.06875 0.08046875
0 0.3125 0.7265625 0.05703125 0.071875
0 0.321875 0.5234375 0.0546875 0.06484375
0 0.75 0.7734375 0.08984375 0.096875
0 0.72421875 0.29921875 0.08046875 0.07578125
0 0.21640625 0.58671875 0.05078125 0.06328125
0 0.3234375 0.5875 0.05546875 0.06640625
0 0.44375 0.3296875 0.0609375 0.06328125
0 0.44453125 0.58984375 0.0625 0.0703125
0 0.26484375 0.65078125 0.053125 0.06640625
0 0.26796875 0.58828125 0.05234375 0.06328125
0 0.215625 0.64921875 0.05234375 0.06484375
0 0.2203125 0.52578125 0.0484375 0.06171875
0 0.278125 0.4078125 0.05078125 0.0578125
0 0.38203125 0.5890625 0.059375 0.06875
0 0.16484375 0.58125 0.0484375 0.0609375
0 0.26953125 0.4640625 0.0515625 0.05859375
0 0.26640625 0.5265625 0.05078125 0.0640625
0 0.1671875 0.52578125 0.0484375 0.0609375
0 0.33203125 0.34140625 0.05234375 0.059375
0 0.3296875 0.40390625 0.05 0.06171875
0 0.38671875 0.3359375 0.05546875 0.06171875
0 0.16484375 0.64375 0.04765625 0.0609375
0 0.36953125 0.7265625 0.06015625 0.075
0 0.8203125 0.28671875 0.08984375 0.075
0 0.1796875 0.4140625 0.04921875 0.05390625
0 0.1796875 0.4671875 0.04921875 0.05703125
0 0.2578125 0.71640625 0.05078125 0.06875
0 0.28359375 0.34609375 0.05 0.06171875
0 0.15625 0.7015625 0.04609375 0.0671875
0 0.2234375 0.4640625 0.04765625 0.0578125
0 0.23046875 0.35078125 0.04609375 0.05859375
0 0.18671875 0.35625 0.05 0.059375