0 0.15078125 0.8390625 0.125 0.090625
0 0.15859375 0.5671875 0.1234375 0.084375
0 0.3828125 0.91484375 0.115625 0.0953125
0 0.58359375 0.471875 0.1 0.078125
0 0.16015625 0.39765625 0.11875 0.0828125
0 0.38203125 0.73984375 0.1140625 0.0875
0 0.15390625 0.65625 0.125 0.0875
0 0.16171875 0.14140625 0.11875 0.0828125
0 0.15234375 0.484375 0.11875 0.0859375
0 0.16171875 0.22890625 0.1203125 0.08125
0 0.3828125 0.31328125 0.109375 0.08125
0 0.38359375 0.65234375 0.1125 0.0828125
0 0.384375 0.3953125 0.109375 0.08125
0 0.58515625 0.55390625 0.1 0.078125
0 0.38359375 0.225 0.109375 0.08125
0 0.146875 0.746875 0.125 0.0921875
0 0.48984375 0.396875 0.103125 0.078125
0 0.58828125 0.396875 0.1015625 0.075
0 0.38359375 0.82109375 0.1125 0.090625
0 0.38359375 0.475 0.1109375 0.08125
0 0.14921875 0.93203125 0.125 0.096875
0 0.6828125 0.39765625 0.1 0.0765625
0 0.27109375 0.47109375 0.115625 0.08125
0 0.684375 0.46953125 0.1 0.078125
0 0.2671875 0.65546875 0.115625 0.0875
0 0.271875 0.565625 0.115625 0.0875
0 0.784375 0.47109375 0.096875 0.078125
0 0.68203125 0.3171875 0.0984375 0.075
0 0.16015625 0.31328125 0.11875 0.08125
0 0.49375 0.82109375 0.109375 0.090625
0 0.78203125 0.3984375 0.096875 0.075
0 0.2671875 0.74453125 0.11875 0.0890625
0 0.26953125 0.1359375 0.1125 0.0796875
0 0.49140625 0.6421875 0.1046875 0.08125
0 0.5828125 0.3171875 0.1 0.078125
0 0.384375 0.56484375 0.109375 0.0828125
0 0.58359375 0.1625 0.1 0.078125
0 0.38359375 0.14140625 0.109375 0.0796875
0 0.26875 0.30703125 0.1140625 0.08125
0 0.7796875 0.31953125 0.0953125 0.075
0 0.68671875 0.55234375 0.1015625 0.0796875
0 0.2703125 0.39296875 0.115625 0.08125
0 0.58203125 0.23828125 0.1 0.078125
0 0.26640625 0.92421875 0.121875 0.096875
0 0.68046875 0.08515625 0.1 0.08125
0 0.48828125 0.31328125 0.103125 0.08125
0 0.3828125 0.06796875 0.1078125 0.078125
0 0.7859375 0.55390625 0.096875 0.078125
0 0.49296875 0.72734375 0.10625 0.0859375
0 0.68125 0.16640625 0.0984375 0.075
0 0.696875 0.81015625 0.1046875 0.0875
0 0.26875 0.22265625 0.1125 0.0828125
0 0.6890625 0.6375 0.1 0.0796875
0 0.48828125 0.1453125 0.103125 0.078125
0 0.490625 0.478125 0.103125 0.08125
0 0.484375 0.559375 0.103125 0.0796875
0 0.80078125 0.88359375 0.10625 0.0921875
0 0.59375 0.815625 0.10625 0.0875
0 0.48828125 0.22734375 0.103125 0.08125
0 0.16015625 0.06171875 0.1140625 0.08125
0 0.68125 0.23828125 0.096875 0.075
0 0.49140625 0.9078125 0.1125 0.0953125
0 0.58671875 0.64140625 0.1015625 0.084375
0 0.26796875 0.8359375 0.1203125 0.090625
0 0.58125 0.08515625 0.1 0.075
0 0.27734375 0.06015625 0.1125 0.08125
0 0.59296875 0.72890625 0.10625 0.0828125
0 0.696875 0.71953125 0.103125 0.08125
0 0.7921875 0.71640625 0.1 0.08125
0 0.7890625 0.63359375 0.0984375 0.078125
0 0.7796875 0.240625 0.096875 0.071875
0 0.4875 0.075 0.1015625 0.075
0 0.7 0.890625 0.1078125 0.0875
0 0.59375 0.9 0.109375 0.0921875
0 0.796875 0.7953125 0.103125 0.084375
0 0.77734375 0.1640625 0.0953125 0.0734375
0 0.775 0.09296875 0.0953125 0.078125