0 0.890625 0.4109375 0.21796875 0.13671875
0 0.67109375 0.52109375 0.17890625 0.1015625
0 0.25703125 0.44296875 0.10078125 0.10546875
0 0.37421875 0.73828125 0.1109375 0.08828125
0 0.49609375 0.7640625 0.13359375 0.09609375
0 0.65703125 0.6140625 0.171875 0.1125
0 0.37109375 0.57578125 0.12421875 0.08671875
0 0.6828125 0.40703125 0.18828125 0.11953125
0 0.50234375 0.59453125 0.14296875 0.10234375
0 0.37421875 0.66015625 0.115625 0.0859375
0 0.640625 0.71328125 0.16015625 0.11796875
0 0.87890625 0.521875 0.23046875 0.1171875
0 0.075 0.34296875 0.09375 0.10234375
0 0.13828125 0.34140625 0.0765625 0.10859375
0 0.22890625 0.3359375 0.10390625 0.11796875
0 0.0921875 0.43828125 0.08984375 0.09453125
0 0.16796875 0.440625 0.1 0.0984375
0 0.10625 0.5234375 0.084375 0.090625
0 0.178125 0.53046875 0.090625 0.09375
0 0.26171875 0.53828125 0.10078125 0.103125
0 0.12265625 0.60078125 0.084375 0.0875
0 0.1921875 0.61328125 0.08984375 0.0953125
0 0.2703125 0.6265625 0.096875 0.10078125
0 0.13671875 0.67265625 0.08203125 0.084375
0 0.20546875 0.68828125 0.08359375 0.090625
0 0.28046875 0.7078125 0.090625 0.096875
0 0.36640625 0.409375 0.14296875 0.103125
0 0.50859375 0.41015625 0.1578125 0.11484375
0 0.36953125 0.5046875 0.12890625 0.09921875
0 0.50546875 0.51328125 0.15390625 0.1078125
0 0.49609375 0.6859375 0.1359375 0.10625
0 0.6375 0.796875 0.159375 0.11875
0 0.84765625 0.6453125 0.2328125 0.134375
0 0.825 0.7421875 0.22265625 0.1328125
0 0.809375 0.8375 0.20390625 0.13046875