0 0.25 0.10078125 0.14375 0.115625
0 0.76484375 0.23046875 0.128125 0.1
0 0.14453125 0.421875 0.134375 0.0921875
0 0.403125 0.7546875 0.1125 0.075
0 0.3875 0.11328125 0.1375 0.1125
0 0.6390625 0.23125 0.125 0.1
0 0.3890625 0.23125 0.134375 0.1046875
0 0.271875 0.421875 0.128125 0.090625
0 0.11640625 0.20625 0.146875 0.103125
0 0.1546875 0.5140625 0.13125 0.0875
0 0.284375 0.596875 0.121875 0.08125
0 0.16328125 0.60390625 0.128125 0.08125
0 0.39375 0.428125 0.121875 0.0875
0 0.73515625 0.50625 0.1203125 0.0796875
0 0.103125 0.09375 0.15625 0.1125
0 0.40390625 0.83046875 0.1109375 0.071875
0 0.728125 0.58203125 0.115625 0.078125
0 0.12578125 0.3171875 0.146875 0.1
0 0.64453125 0.11875 0.128125 0.109375
0 0.2578125 0.22109375 0.1375 0.10625
0 0.26328125 0.325 0.134375 0.0953125
0 0.87890625 0.228125 0.128125 0.0953125
0 0.51796875 0.2265625 0.128125 0.103125
0 0.16875 0.6796875 0.125 0.0765625
0 0.62890625 0.42421875 0.11875 0.084375
0 0.275 0.51328125 0.125 0.084375
0 0.5125 0.74921875 0.103125 0.075
0 0.5109375 0.8171875 0.103125 0.0734375
0 0.5171875 0.42109375 0.1203125 0.0859375
0 0.40546875 0.96796875 0.1078125 0.0640625
0 0.83515625 0.57890625 0.109375 0.0765625
0 0.39140625 0.33359375 0.128125 0.096875
0 0.853125 0.42109375 0.1234375 0.0875
0 0.1890625 0.9078125 0.115625 0.0734375
0 0.7546875 0.33203125 0.121875 0.090625
0 0.63203125 0.33125 0.121875 0.090625
0 0.40234375 0.675 0.115625 0.078125
0 0.74453125 0.4234375 0.121875 0.08125
0 0.51328125 0.66875 0.10625 0.078125
0 0.61328125 0.809375 0.103125 0.075
0 0.6171875 0.58984375 0.1125 0.078125
0 0.39609375 0.51796875 0.11875 0.084375
0 0.28671875 0.678125 0.1203125 0.075
0 0.81171875 0.79609375 0.103125 0.0703125
0 0.30546875 0.9703125 0.1125 0.059375
0 0.609375 0.88125 0.1 0.071875
0 0.77578125 0.115625 0.128125 0.109375
0 0.52578125 0.1171875 0.13125 0.109375
0 0.50859375 0.890625 0.103125 0.071875
0 0.71953125 0.6578125 0.1125 0.078125
0 0.18515625 0.8390625 0.11875 0.0765625
0 0.1796875 0.759375 0.1234375 0.078125
0 0.1953125 0.97421875 0.1125 0.0515625
0 0.5140625 0.51484375 0.1171875 0.0828125
0 0.71640625 0.734375 0.1015625 0.075
0 0.51953125 0.32734375 0.125 0.09375
0 0.89453125 0.121875 0.125 0.103125
0 0.71328125 0.80078125 0.1 0.071875
0 0.296875 0.75703125 0.1125 0.075
0 0.8734375 0.325 0.125 0.090625
0 0.615625 0.665625 0.109375 0.078125
0 0.81796875 0.7234375 0.103125 0.0703125
0 0.84296875 0.50390625 0.11875 0.0796875
0 0.509375 0.5921875 0.1125 0.078125
0 0.29375 0.8375 0.1125 0.0734375
0 0.3 0.9046875 0.1125 0.071875
0 0.60859375 0.73984375 0.103125 0.0734375
0 0.403125 0.596875 0.11875 0.08125
0 0.4046875 0.89765625 0.1078125 0.06875
0 0.51171875 0.96328125 0.1015625 0.0671875
0 0.62734375 0.5015625 0.1171875 0.08125
0 0.7953125 0.93203125 0.096875 0.0734375
0 0.70390625 0.875 0.1 0.0734375
0 0.82890625 0.65859375 0.1125 0.0765625
0 0.60390625 0.9546875 0.1 0.0734375
0 0.8 0.8640625 0.1 0.071875
0 0.6984375 0.94375 0.0953125 0.06875