0 0.41796875 0.8015625 0.1328125 0.15625
0 0.42265625 0.66171875 0.121875 0.1328125
0 0.5390625 0.703125 0.125 0.103125
0 0.54296875 0.8125 0.134375 0.1171875
0 0.67265625 0.81171875 0.140625 0.1171875
0 0.28828125 0.8015625 0.1375 0.153125
0 0.7109375 0.38359375 0.1 0.059375
0 0.33125 0.45 0.1 0.09375
0 0.3015625 0.659375 0.121875 0.1328125
0 0.78203125 0.6921875 0.1359375 0.10625
0 0.6609375 0.70078125 0.13125 0.10625
0 0.31875 0.54453125 0.1125 0.109375
0 0.81015625 0.8046875 0.146875 0.121875
0 0.6375 0.52734375 0.1125 0.0796875
0 0.428125 0.55 0.1140625 0.09375
0 0.70234375 0.328125 0.1015625 0.065625
0 0.61796875 0.3875 0.09375 0.059375
0 0.428125 0.4640625 0.10625 0.078125
0 0.65546875 0.609375 0.121875 0.08125
0 0.628125 0.45390625 0.103125 0.06875
0 0.690625 0.2609375 0.090625 0.0609375
0 0.53046875 0.4578125 0.1 0.06875
0 0.61015625 0.328125 0.09375 0.0625
0 0.26640625 0.31796875 0.096875 0.075
0 0.52578125 0.3953125 0.09375 0.0625
0 0.53671875 0.60546875 0.1171875 0.09375
0 0.178125 0.74453125 0.1375 0.1
0 0.521875 0.28046875 0.0875 0.0515625
0 0.35078125 0.303125 0.0828125 0.046875
0 0.35703125 0.240625 0.0828125 0.0765625
0 0.61171875 0.2765625 0.0890625 0.0484375
0 0.27890625 0.24453125 0.0828125 0.065625
0 0.5234375 0.23046875 0.0828125 0.053125
0 0.34140625 0.3609375 0.0953125 0.0828125
0 0.60859375 0.22265625 0.084375 0.053125
0 0.43125 0.40078125 0.096875 0.0625
0 0.525 0.334375 0.0875 0.053125
0 0.20859375 0.58828125 0.121875 0.078125
0 0.7625 0.59453125 0.128125 0.0875
0 0.2453125 0.396875 0.10625 0.0921875
0 0.4375 0.2828125 0.084375 0.05625
0 0.43515625 0.3359375 0.0921875 0.0578125
0 0.75234375 0.51953125 0.125 0.075
0 0.7234375 0.44765625 0.1125 0.0625
0 0.22109375 0.528125 0.11875 0.0625
0 0.43984375 0.2296875 0.084375 0.0625
0 0.53515625 0.52578125 0.109375 0.0671875
0 0.68671875 0.21328125 0.0890625 0.04375
0 0.23203125 0.465625 0.1140625 0.059375
0 0.1921875 0.6609375 0.13125 0.0921875
0 0.16796875 0.8328125 0.128125 0.0953125