0 0.55 0.353125 0.175 0.05
0 0.73359375 0.396875 0.209375 0.0609375
0 0.54296875 0.4 0.184375 0.05625
0 0.721875 0.528125 0.228125 0.0703125
0 0.9234375 0.65703125 0.153125 0.065625
0 0.46171875 0.728125 0.240625 0.0828125
0 0.48046875 0.6515625 0.2296875 0.075
0 0.7375 0.459375 0.2125 0.059375
0 0.5015625 0.58046875 0.215625 0.065625
0 0.9234375 0.47421875 0.153125 0.053125
0 0.51484375 0.51796875 0.20625 0.059375
0 0.92421875 0.42578125 0.1515625 0.0484375
0 0.92265625 0.5328125 0.1546875 0.053125
0 0.53203125 0.459375 0.19375 0.05625
0 0.715625 0.59296875 0.2375 0.071875
0 0.92265625 0.58671875 0.153125 0.0609375
0 0.92265625 0.7203125 0.1546875 0.06875
0 0.70859375 0.68046875 0.25 0.08125
0 0.925 0.3765625 0.15 0.046875
0 0.92265625 0.7984375 0.1546875 0.0765625
0 0.9234375 0.88125 0.153125 0.0859375
0 0.30859375 0.5609375 0.2015625 0.0609375
0 0.346875 0.44453125 0.1859375 0.053125
0 0.2765625 0.62265625 0.215625 0.071875
0 0.24609375 0.703125 0.225 0.078125
0 0.55390625 0.30703125 0.1734375 0.0453125
0 0.70390625 0.76875 0.265625 0.090625
0 0.32578125 0.49765625 0.2 0.05625
0 0.7359375 0.34609375 0.2 0.053125
0 0.9234375 0.33359375 0.153125 0.0421875
0 0.74453125 0.209375 0.18125 0.046875
0 0.734375 0.29921875 0.196875 0.053125
0 0.74453125 0.2484375 0.1875 0.046875
0 0.38359375 0.33984375 0.16875 0.0640625
0 0.7109375 0.86171875 0.2734375 0.10625
0 0.91953125 0.28984375 0.1546875 0.040625
0 0.565625 0.26171875 0.178125 0.04375
0 0.44765625 0.821875 0.246875 0.0921875
0 0.37421875 0.3921875 0.175 0.05
0 0.4015625 0.2890625 0.1625 0.065625
0 0.57890625 0.21953125 0.175 0.0515625
0 0.41640625 0.23125 0.1546875 0.059375
0 0.209375 0.79375 0.240625 0.0890625