0 0.40078125 0.74296875 0.1734375 0.08125
0 0.73984375 0.48671875 0.18125 0.1203125
0 0.740625 0.3640625 0.18125 0.121875
0 0.56640625 0.38203125 0.178125 0.096875
0 0.38984375 0.25859375 0.1765625 0.096875
0 0.74296875 0.6125 0.18125 0.1234375
0 0.56484375 0.1890625 0.171875 0.0953125
0 0.3921875 0.4484375 0.175 0.096875
0 0.3921875 0.3578125 0.171875 0.09375
0 0.571875 0.72734375 0.18125 0.134375
0 0.3953125 0.85234375 0.184375 0.140625
0 0.565625 0.28359375 0.1734375 0.0921875
0 0.73671875 0.23515625 0.175 0.1203125
0 0.56484375 0.4890625 0.1734375 0.125
0 0.56953125 0.61171875 0.1765625 0.1
0 0.74921875 0.746875 0.184375 0.140625
0 0.57421875 0.8578125 0.184375 0.109375
0 0.43359375 0.13125 0.096875 0.1125
0 0.39375 0.5484375 0.175 0.09375
0 0.56484375 0.0984375 0.175 0.090625
0 0.39921875 0.65 0.175 0.1015625
0 0.33984375 0.12578125 0.0875 0.140625
0 0.73515625 0.11484375 0.175 0.121875
0 0.23515625 0.42265625 0.096875 0.1015625
0 0.23671875 0.52734375 0.096875 0.103125
0 0.23828125 0.63359375 0.0984375 0.1015625
0 0.23828125 0.32109375 0.096875 0.1
0 0.7515625 0.87109375 0.178125 0.1
0 0.25625 0.865625 0.0921875 0.128125
0 0.2328125 0.7328125 0.1046875 0.10625
0 0.23671875 0.221875 0.0875 0.09375