0 0.83671875 0.834375 0.12734375 0.25
0 0.60234375 0.79296875 0.1078125 0.2421875
0 0.3734375 0.10390625 0.0671875 0.20703125
0 0.67421875 0.0890625 0.0796875 0.178125
0 0.6 0.55703125 0.1078125 0.24140625
0 0.5203125 0.0953125 0.071875 0.190625
0 0.44609375 0.09921875 0.071875 0.1984375
0 0.31484375 0.10390625 0.0625 0.2078125
0 0.8546875 0.07890625 0.090625 0.1578125
0 0.590625 0.09296875 0.075 0.18515625
0 0.2515625 0.11015625 0.059375 0.2078125
0 0.328125 0.3171875 0.05859375 0.20234375
0 0.19375 0.715625 0.07578125 0.196875
0 0.7109375 0.809375 0.11875 0.25
0 0.38515625 0.315625 0.06171875 0.2046875
0 0.19765625 0.1125 0.053125 0.20546875
0 0.503125 0.77421875 0.09765625 0.22890625
0 0.25859375 0.7234375 0.08125 0.20078125
0 0.50078125 0.54921875 0.09921875 0.23046875
0 0.71015625 0.5671875 0.1171875 0.25546875
0 0.52109375 0.30703125 0.06796875 0.228125
0 0.15703125 0.31875 0.059375 0.19375
0 0.25078125 0.53203125 0.08359375 0.20546875
0 0.84375 0.575 0.1265625 0.265625
0 0.27421875 0.31796875 0.0578125 0.2015625
0 0.42109375 0.7578125 0.090625 0.21640625
0 0.11328125 0.51796875 0.07265625 0.19453125
0 0.76171875 0.084375 0.0859375 0.16875
0 0.4515625 0.31484375 0.06640625 0.2125
0 0.21796875 0.31640625 0.06015625 0.19609375
0 0.33828125 0.74375 0.0875 0.2109375
0 0.12109375 0.70234375 0.0734375 0.1828125
0 0.4109375 0.5453125 0.09296875 0.215625
0 0.3265625 0.5375 0.08984375 0.21171875
0 0.17734375 0.5171875 0.078125 0.2015625
0 0.140625 0.11953125 0.0515625 0.1984375
0 0.75390625 0.30078125 0.084375 0.24765625
0 0.84609375 0.2984375 0.09296875 0.26796875
0 0.58828125 0.30625 0.07109375 0.23125
0 0.66796875 0.30703125 0.078125 0.23828125