0 0.21171875 0.5828125 0.359375 0.1390625
0 0.54453125 0.86328125 0.2890625 0.1359375
0 0.54921875 0.41484375 0.2875 0.121875
0 0.54140625 0.7328125 0.284375 0.1265625
0 0.2140625 0.4328125 0.353125 0.1375
0 0.228125 0.90546875 0.3578125 0.1484375
0 0.2125 0.2796875 0.35625 0.14375
0 0.54765625 0.2859375 0.284375 0.125
0 0.21328125 0.69453125 0.35625 0.115625
0 0.53984375 0.52890625 0.28125 0.09375
0 0.540625 0.61640625 0.284375 0.090625
0 0.51015625 0.15625 0.30625 0.134375
0 0.17890625 0.11640625 0.3578125 0.184375
0 0.22109375 0.79375 0.35625 0.125