0 0.446875 0.56640625 0.046875 0.121875
0 0.57890625 0.86640625 0.065625 0.075
0 0.63515625 0.78359375 0.06875 0.08125
0 0.44609375 0.45234375 0.0484375 0.1234375
0 0.8078125 0.69140625 0.053125 0.1234375
0 0.50625 0.78828125 0.065625 0.078125
0 0.69921875 0.78515625 0.071875 0.08125
0 0.5203125 0.86796875 0.065625 0.078125
0 0.565625 0.78359375 0.065625 0.08125
0 0.7703125 0.78984375 0.06875 0.08125
0 0.39765625 0.58359375 0.065625 0.075
0 0.45234375 0.87265625 0.065625 0.071875
0 0.59921875 0.56484375 0.090625 0.1203125
0 0.44296875 0.80078125 0.0625 0.071875
0 0.440625 0.2140625 0.0484375 0.121875
0 0.6671875 0.1875 0.0546875 0.1375
0 0.64765625 0.86953125 0.0640625 0.075
0 0.68203125 0.8671875 0.1359375 0.0765625
0 0.7796875 0.8796875 0.0640625 0.0921875
0 0.38671875 0.35546875 0.065625 0.078125
0 0.8671875 0.17890625 0.0546875 0.13125
0 0.38359375 0.27421875 0.065625 0.078125
0 0.396875 0.7296875 0.065625 0.0734375
0 0.39921875 0.659375 0.065625 0.0703125
0 0.8640625 0.43984375 0.05 0.128125
0 0.71328125 0.871875 0.071875 0.0796875
0 0.76328125 0.684375 0.046875 0.115625
0 0.846875 0.78984375 0.071875 0.0828125
0 0.45 0.69453125 0.046875 0.11875
0 0.7640625 0.18046875 0.053125 0.1375
0 0.86640625 0.309375 0.053125 0.1265625
0 0.53515625 0.5671875 0.04375 0.115625
0 0.528125 0.20234375 0.05 0.1328125
0 0.8609375 0.56484375 0.0515625 0.125
0 0.84921875 0.8828125 0.065625 0.09375
0 0.38671875 0.8390625 0.0453125 0.121875
0 0.39375 0.509375 0.06875 0.084375
0 0.390625 0.43359375 0.06875 0.084375
0 0.3859375 0.196875 0.071875 0.09375
0 0.48984375 0.56640625 0.04375 0.121875
0 0.4421875 0.33125 0.0484375 0.125
0 0.4859375 0.32734375 0.05 0.128125
0 0.4828125 0.20859375 0.0484375 0.128125
0 0.5734375 0.19921875 0.0484375 0.1359375
0 0.4921875 0.68203125 0.046875 0.121875
0 0.48828125 0.44921875 0.046875 0.125
0 0.5296875 0.3234375 0.05 0.1296875
0 0.53203125 0.4484375 0.046875 0.125
0 0.57421875 0.3234375 0.05 0.125
0 0.57578125 0.4453125 0.0515625 0.128125
0 0.53359375 0.684375 0.0515625 0.11875
0 0.5765625 0.684375 0.05 0.125
0 0.621875 0.684375 0.053125 0.128125
0 0.61953125 0.440625 0.05 0.1296875
0 0.6203125 0.31953125 0.05 0.134375
0 0.61875 0.19375 0.0515625 0.1375
0 0.66640625 0.684375 0.0484375 0.128125
0 0.665625 0.5640625 0.05 0.121875
0 0.6671875 0.44296875 0.05 0.128125
0 0.66640625 0.31796875 0.0515625 0.1328125
0 0.71328125 0.68828125 0.05 0.125
0 0.7125 0.5640625 0.0515625 0.1296875
0 0.7140625 0.43984375 0.053125 0.1328125
0 0.71484375 0.3125 0.053125 0.134375
0 0.715625 0.18359375 0.053125 0.1390625
0 0.85546875 0.690625 0.05625 0.128125
0 0.76015625 0.5640625 0.053125 0.1359375
0 0.7625 0.4390625 0.0546875 0.134375
0 0.7640625 0.309375 0.053125 0.1375
0 0.80859375 0.565625 0.053125 0.1328125
0 0.8109375 0.4375 0.053125 0.1375
0 0.8125 0.30859375 0.053125 0.1375
0 0.81328125 0.17890625 0.053125 0.134375