0 0.2421875 0.2796875 0.07265625 0.21328125
0 0.253125 0.51640625 0.1171875 0.234375
0 0.35703125 0.49765625 0.10625 0.2203125
0 0.2578125 0.75 0.11328125 0.2234375
0 0.67265625 0.27734375 0.05078125 0.178125
0 0.3171875 0.2828125 0.0703125 0.20390625
0 0.621875 0.090625 0.05703125 0.18125
0 0.3578125 0.71953125 0.103125 0.21015625
0 0.671875 0.090625 0.053125 0.18125
0 0.50390625 0.27890625 0.05703125 0.1890625
0 0.721875 0.27734375 0.05078125 0.17578125
0 0.3796875 0.2828125 0.06484375 0.19921875
0 0.7234375 0.0953125 0.04921875 0.17734375
0 0.2375 0.0859375 0.075 0.171875
0 0.14375 0.76328125 0.12734375 0.2328125
0 0.1625 0.27734375 0.0796875 0.225
0 0.621875 0.2765625 0.05546875 0.1796875
0 0.5015625 0.08984375 0.0578125 0.1796875
0 0.4421875 0.08984375 0.06484375 0.1796875
0 0.4578125 0.490625 0.096875 0.21171875
0 0.4453125 0.28125 0.0625 0.1921875
0 0.71171875 0.67109375 0.078125 0.1875
0 0.15546875 0.08203125 0.07890625 0.1640625
0 0.31328125 0.0875 0.0703125 0.175
0 0.54765625 0.6890625 0.08828125 0.19609375
0 0.4578125 0.70546875 0.09296875 0.2
0 0.7890625 0.66171875 0.07265625 0.18828125
0 0.63125 0.478125 0.0828125 0.2
0 0.378125 0.09375 0.06640625 0.18046875
0 0.778125 0.103125 0.0515625 0.17734375
0 0.56328125 0.28203125 0.05546875 0.1828125
0 0.7765625 0.2765625 0.04921875 0.17265625
0 0.134375 0.52109375 0.12890625 0.25234375
0 0.634375 0.678125 0.08046875 0.19140625
0 0.7890625 0.46171875 0.0734375 0.1921875
0 0.56171875 0.0921875 0.05703125 0.184375
0 0.54765625 0.4875 0.090625 0.2046875
0 0.71875 0.4703125 0.0796875 0.1953125
0 0.86484375 0.64609375 0.06484375 0.1828125
0 0.86875 0.45234375 0.07109375 0.1921875