0 0.15234375 0.390625 0.1203125 0.1453125
0 0.265625 0.2671875 0.10546875 0.13671875
0 0.5484375 0.30234375 0.078125 0.12109375
0 0.35625 0.775 0.1015625 0.1296875
0 0.36875 0.653125 0.1 0.1265625
0 0.13671875 0.8109375 0.128125 0.1453125
0 0.36796875 0.2796875 0.09921875 0.134375
0 0.6203125 0.3109375 0.07421875 0.11484375
0 0.26640625 0.5296875 0.11484375 0.1375
0 0.265625 0.3984375 0.1078125 0.13515625
0 0.13828125 0.6703125 0.128125 0.14375
0 0.26015625 0.6625 0.115625 0.140625
0 0.146875 0.5328125 0.128125 0.146875
0 0.15 0.24765625 0.121875 0.1609375
0 0.46171875 0.2875 0.0859375 0.13046875
0 0.4609375 0.4078125 0.08984375 0.12421875
0 0.35234375 0.89140625 0.0984375 0.13125
0 0.25390625 0.79296875 0.11171875 0.1375
0 0.621875 0.63203125 0.08203125 0.11015625
0 0.36796875 0.4015625 0.09921875 0.12890625
0 0.25 0.9140625 0.1125 0.13984375
0 0.46953125 0.52890625 0.09296875 0.1203125
0 0.62265625 0.525 0.07890625 0.11015625
0 0.81640625 0.80703125 0.06796875 0.0984375
0 0.45625 0.759375 0.09453125 0.12421875
0 0.6859375 0.7328125 0.078125 0.10625
0 0.534375 0.8546875 0.0890625 0.12109375
0 0.37109375 0.525 0.0953125 0.12734375
0 0.45859375 0.646875 0.090625 0.12265625
0 0.684375 0.834375 0.07890625 0.11328125
0 0.81953125 0.33515625 0.0640625 0.096875
0 0.55234375 0.52578125 0.0796875 0.1140625
0 0.61640625 0.7421875 0.07734375 0.10703125
0 0.81640625 0.434375 0.06171875 0.0953125
0 0.62109375 0.41953125 0.078125 0.1125
0 0.76328125 0.72734375 0.07109375 0.0984375
0 0.88515625 0.71328125 0.06484375 0.09140625
0 0.609375 0.84375 0.08046875 0.11328125
0 0.54765625 0.6375 0.08046875 0.11484375
0 0.446875 0.87265625 0.090625 0.12421875
0 0.690625 0.32109375 0.06796875 0.109375
0 0.759375 0.32890625 0.0625 0.1046875
0 0.7015625 0.52890625 0.075 0.1046875
0 0.54765625 0.41640625 0.0796875 0.1171875
0 0.1359375 0.93515625 0.125 0.1296875
0 0.759375 0.8203125 0.06875 0.10390625
0 0.55078125 0.21171875 0.13828125 0.0859375
0 0.8234375 0.71875 0.06875 0.0953125
0 0.83203125 0.62578125 0.06328125 0.10078125
0 0.8921875 0.3375 0.06484375 0.09921875
0 0.76796875 0.6296875 0.0703125 0.10390625
0 0.53828125 0.75078125 0.08203125 0.11796875
0 0.69921875 0.62421875 0.07109375 0.1046875
0 0.9484375 0.43671875 0.06171875 0.09296875
0 0.8859375 0.43671875 0.0671875 0.09375
0 0.8328125 0.52890625 0.0625 0.09765625
0 0.89375 0.6203125 0.0625 0.096875
0 0.94609375 0.528125 0.05390625 0.0921875
0 0.77265625 0.52734375 0.065625 0.10234375
0 0.8796875 0.7984375 0.06171875 0.0921875
0 0.38125 0.18671875 0.1640625 0.0890625
0 0.678125 0.2390625 0.121875 0.075
0 0.89453125 0.53046875 0.0578125 0.09140625
0 0.6921875 0.425 0.06796875 0.10546875
0 0.76171875 0.42890625 0.059375 0.1
0 0.946875 0.61875 0.05546875 0.09140625
0 0.92734375 0.790625 0.0546875 0.08828125
0 0.95 0.34296875 0.0578125 0.0921875
0 0.81015625 0.25859375 0.11328125 0.06328125
0 0.2015625 0.14609375 0.20859375 0.1171875
0 0.94296875 0.703125 0.06328125 0.0890625
0 0.9390625 0.2671875 0.115625 0.07265625