0 0.87734375 0.5421875 0.14140625 0.1546875
0 0.89296875 0.38671875 0.146875 0.16484375
0 0.65078125 0.38984375 0.10625 0.13984375
0 0.76171875 0.3859375 0.1203125 0.1546875
0 0.75390625 0.53828125 0.115625 0.14296875
0 0.5484375 0.39609375 0.09296875 0.1328125
0 0.45703125 0.27421875 0.08203125 0.13203125
0 0.76171875 0.23359375 0.12265625 0.16875
0 0.74140625 0.665625 0.1109375 0.1390625
0 0.63671875 0.653125 0.0984375 0.1296875
0 0.5453125 0.265625 0.0921875 0.1453125
0 0.8671875 0.67890625 0.13046875 0.14921875
0 0.64140625 0.24609375 0.103125 0.15703125
0 0.62421875 0.875 0.08984375 0.1265625
0 0.46015625 0.3984375 0.08203125 0.12421875
0 0.46328125 0.6296875 0.08125 0.11796875
0 0.71875 0.896875 0.1 0.1328125
0 0.4640625 0.7359375 0.078125 0.11640625
0 0.6375 0.5296875 0.10078125 0.13203125
0 0.5484375 0.5265625 0.090625 0.125
0 0.13671875 0.4984375 0.05859375 0.0953125
0 0.4609375 0.5203125 0.08203125 0.11953125
0 0.7328125 0.7875 0.10625 0.13671875
0 0.3796875 0.40078125 0.075 0.11953125
0 0.63515625 0.76796875 0.0953125 0.12890625
0 0.184375 0.39921875 0.06953125 0.10546875
0 0.38828125 0.72265625 0.075 0.11171875
0 0.55078125 0.64375 0.0859375 0.125
0 0.31640625 0.509375 0.071875 0.10859375
0 0.5484375 0.753125 0.084375 0.11875
0 0.85078125 0.80234375 0.12890625 0.1390625
0 0.32578125 0.70625 0.0703125 0.10546875
0 0.38046875 0.515625 0.07421875 0.1109375
0 0.896875 0.21484375 0.14375 0.18671875
0 0.3125 0.40234375 0.0734375 0.11328125
0 0.54140625 0.85078125 0.08359375 0.12109375
0 0.16875 0.30546875 0.05625 0.1078125
0 0.38828125 0.8140625 0.07109375 0.1078125
0 0.321875 0.61171875 0.0671875 0.10703125
0 0.23203125 0.296875 0.06640625 0.1125
0 0.12578125 0.4015625 0.05859375 0.096875
0 0.82734375 0.921875 0.115625 0.13359375
0 0.20625 0.590625 0.06171875 0.0953125
0 0.46171875 0.83125 0.07578125 0.109375
0 0.08828125 0.4984375 0.05703125 0.0875
0 0.15 0.5875 0.06171875 0.090625
0 0.32421875 0.79296875 0.07109375 0.10078125
0 0.30625 0.28203125 0.07734375 0.128125
0 0.1953125 0.5046875 0.0640625 0.1
0 0.2515625 0.50234375 0.06328125 0.10078125
0 0.26484375 0.6015625 0.0625 0.10234375
0 0.11875 0.3109375 0.05546875 0.1015625
0 0.2640625 0.6875 0.0578125 0.09609375
0 0.38671875 0.61640625 0.0703125 0.11328125
0 0.0734375 0.40859375 0.05859375 0.09296875
0 0.2125 0.6828125 0.05703125 0.08515625
0 0.1 0.58046875 0.05234375 0.08515625
0 0.0671875 0.3078125 0.06953125 0.1015625
0 0.38125 0.27734375 0.0796875 0.134375
0 0.2421875 0.4015625 0.07890625 0.11015625
0 0.159375 0.66796875 0.06875 0.1
0 0.11171875 0.659375 0.059375 0.09296875
0 0.26484375 0.7734375 0.0703125 0.10859375
0 0.21484375 0.75859375 0.06640625 0.10703125
0 0.1640625 0.7453125 0.0625 0.09609375
0 0.1234375 0.73671875 0.065625 0.09453125