0 0.1609375 0.15078125 0.090625 0.12421875
0 0.4328125 0.15859375 0.08359375 0.1234375
0 0.08515625 0.3828125 0.09453125 0.11484375
0 0.528125 0.58359375 0.07734375 0.1
0 0.60234375 0.16015625 0.0828125 0.11875
0 0.26015625 0.38203125 0.08828125 0.1140625
0 0.34375 0.15390625 0.0875 0.12578125
0 0.85859375 0.16171875 0.0828125 0.11796875
0 0.515625 0.15234375 0.0859375 0.11875
0 0.77109375 0.16171875 0.08046875 0.1203125
0 0.68671875 0.3828125 0.08203125 0.11015625
0 0.34765625 0.38359375 0.0828125 0.1125
0 0.6046875 0.384375 0.08046875 0.10859375
0 0.44609375 0.58515625 0.078125 0.10078125
0 0.775 0.38359375 0.08125 0.109375
0 0.253125 0.146875 0.0921875 0.12578125
0 0.603125 0.48984375 0.078125 0.10234375
0 0.603125 0.58828125 0.07578125 0.1015625
0 0.17890625 0.38359375 0.090625 0.1125
0 0.525 0.38359375 0.08125 0.1109375
0 0.06796875 0.14921875 0.096875 0.125
0 0.60234375 0.6828125 0.0765625 0.09921875
0 0.52890625 0.27109375 0.08125 0.115625
0 0.53046875 0.684375 0.07734375 0.10078125
0 0.34453125 0.2671875 0.08671875 0.11640625
0 0.434375 0.271875 0.0875 0.115625
0 0.52890625 0.784375 0.07734375 0.09765625
0 0.6828125 0.68203125 0.07578125 0.0984375
0 0.68671875 0.16015625 0.08125 0.11953125
0 0.17890625 0.49375 0.09140625 0.109375
0 0.6015625 0.78203125 0.075 0.09609375
0 0.25546875 0.2671875 0.0890625 0.11953125
0 0.8640625 0.26953125 0.0796875 0.1125
0 0.3578125 0.49140625 0.08203125 0.1046875
0 0.6828125 0.5828125 0.078125 0.1
0 0.43515625 0.384375 0.0828125 0.11015625
0 0.8375 0.58359375 0.07890625 0.09921875
0 0.85859375 0.38359375 0.0796875 0.109375
0 0.69296875 0.26875 0.08203125 0.1140625
0 0.68046875 0.7796875 0.075 0.0953125
0 0.44765625 0.68671875 0.0796875 0.1015625
0 0.60703125 0.2703125 0.08125 0.11484375
0 0.76171875 0.58203125 0.078125 0.09921875
0 0.07578125 0.26640625 0.09609375 0.12109375
0 0.91484375 0.68046875 0.08125 0.09921875
0 0.68671875 0.48828125 0.08125 0.10390625
0 0.93203125 0.3828125 0.07734375 0.1078125
0 0.44609375 0.7859375 0.07734375 0.09765625
0 0.27265625 0.49296875 0.0859375 0.10625
0 0.83359375 0.68125 0.075 0.0984375
0 0.18984375 0.696875 0.08671875 0.1046875
0 0.77734375 0.26875 0.0828125 0.1125
0 0.3625 0.6890625 0.0796875 0.10078125
0 0.8546875 0.48828125 0.07890625 0.103125
0 0.521875 0.490625 0.08046875 0.103125
0 0.440625 0.484375 0.0796875 0.103125
0 0.11640625 0.80078125 0.09140625 0.10625
0 0.184375 0.59375 0.08671875 0.10703125
0 0.77265625 0.48828125 0.08125 0.103125
0 0.93828125 0.16015625 0.08046875 0.1140625
0 0.76171875 0.68125 0.075 0.096875
0 0.0921875 0.49140625 0.0953125 0.11171875
0 0.35859375 0.58671875 0.084375 0.1015625
0 0.1640625 0.26796875 0.08984375 0.1203125
0 0.91484375 0.58125 0.07578125 0.09921875
0 0.93984375 0.27734375 0.08203125 0.11328125
0 0.27109375 0.59296875 0.0828125 0.10625
0 0.28046875 0.696875 0.08203125 0.10234375
0 0.28359375 0.7921875 0.08046875 0.10078125
0 0.36640625 0.7890625 0.07890625 0.0984375
0 0.759375 0.7796875 0.07265625 0.09609375
0 0.925 0.4875 0.07421875 0.1015625
0 0.109375 0.7 0.0875 0.1078125
0 0.1 0.59375 0.0921875 0.10859375
0 0.2046875 0.796875 0.084375 0.10234375
0 0.8359375 0.77734375 0.0734375 0.0953125
0 0.90703125 0.775 0.07734375 0.0953125