0 0.49453125 0.65546875 0.0875 0.1078125
0 0.57890625 0.65625 0.0921875 0.10625
0 0.25859375 0.45546875 0.08125 0.096875
0 0.334375 0.4546875 0.08125 0.096875
0 0.578125 0.55234375 0.090625 0.103125
0 0.4953125 0.55 0.0875 0.1015625
0 0.41015625 0.65546875 0.0875 0.10625
0 0.40703125 0.759375 0.0890625 0.10625
0 0.41015625 0.55078125 0.0859375 0.1
0 0.6625 0.4984375 0.0859375 0.121875
0 0.3296875 0.553125 0.084375 0.096875
0 0.4140625 0.4515625 0.084375 0.1
0 0.24765625 0.55390625 0.078125 0.096875
0 0.6625 0.759375 0.0828125 0.128125
0 0.57890625 0.76484375 0.0953125 0.1125
0 0.578125 0.453125 0.090625 0.096875
0 0.48671875 0.7625 0.0921875 0.109375
0 0.25390625 0.35 0.071875 0.10625
0 0.49609375 0.45 0.084375 0.096875
0 0.31875 0.34765625 0.06875 0.1109375
0 0.24453125 0.64453125 0.084375 0.1
0 0.58828125 0.346875 0.075 0.1125
0 0.31953125 0.75546875 0.0875 0.1046875
0 0.51796875 0.2375 0.06875 0.1125
0 0.45390625 0.23984375 0.065625 0.109375
0 0.51875 0.34921875 0.071875 0.1125
0 0.32578125 0.6546875 0.084375 0.103125
0 0.66171875 0.2359375 0.08125 0.115625
0 0.321875 0.2453125 0.071875 0.109375
0 0.6640625 0.62734375 0.0828125 0.125
0 0.6625 0.37109375 0.078125 0.1234375
0 0.51953125 0.13046875 0.06875 0.109375
0 0.45546875 0.13671875 0.0671875 0.1078125
0 0.45 0.34765625 0.06875 0.109375
0 0.2609375 0.246875 0.06875 0.109375
0 0.38828125 0.2390625 0.071875 0.10625
0 0.58515625 0.128125 0.075 0.1125
0 0.38203125 0.3484375 0.071875 0.1109375
0 0.5875 0.2359375 0.0734375 0.1125
0 0.325 0.14375 0.071875 0.10625
0 0.390625 0.1375 0.0703125 0.1078125
0 0.23984375 0.74765625 0.0828125 0.1015625
0 0.26171875 0.146875 0.075 0.109375
0 0.66015625 0.121875 0.08125 0.1203125