0 0.89921875 0.25 0.11640625 0.14296875
0 0.76953125 0.76484375 0.09921875 0.12890625
0 0.578125 0.14453125 0.0921875 0.13515625
0 0.2453125 0.403125 0.075 0.11328125
0 0.88671875 0.3875 0.11328125 0.1375
0 0.76875 0.6390625 0.1 0.12578125
0 0.76875 0.3890625 0.1046875 0.134375
0 0.578125 0.271875 0.090625 0.12734375
0 0.79375 0.11640625 0.10390625 0.14609375
0 0.4859375 0.1546875 0.0875 0.13203125
0 0.403125 0.284375 0.08046875 0.12265625
0 0.39609375 0.16328125 0.08125 0.12890625
0 0.571875 0.39375 0.08828125 0.121875
0 0.49375 0.73515625 0.0796875 0.1203125
0 0.90625 0.103125 0.1125 0.15546875
0 0.16953125 0.40390625 0.071875 0.1109375
0 0.41796875 0.728125 0.07890625 0.11484375
0 0.6828125 0.12578125 0.09921875 0.146875
0 0.88125 0.64453125 0.10859375 0.128125
0 0.77890625 0.2578125 0.10625 0.13828125
0 0.675 0.26328125 0.0953125 0.134375
0 0.771875 0.87890625 0.0953125 0.12890625
0 0.7734375 0.51796875 0.103125 0.128125
0 0.3203125 0.16875 0.07578125 0.12421875
0 0.57578125 0.62890625 0.084375 0.11875
0 0.48671875 0.275 0.08515625 0.125
0 0.25078125 0.5125 0.07421875 0.103125
0 0.1828125 0.5109375 0.0734375 0.10234375
0 0.57890625 0.5171875 0.0859375 0.1203125
0 0.03203125 0.40546875 0.0640625 0.1078125
0 0.42109375 0.83515625 0.0765625 0.11015625
0 0.66640625 0.39140625 0.09609375 0.12890625
0 0.57890625 0.853125 0.08671875 0.1234375
0 0.0921875 0.1890625 0.0734375 0.11640625
0 0.66796875 0.7546875 0.09140625 0.12265625
0 0.66875 0.63203125 0.090625 0.12265625
0 0.325 0.40234375 0.07734375 0.11484375
0 0.5765625 0.74453125 0.08203125 0.12265625
0 0.33125 0.51328125 0.07734375 0.10625
0 0.190625 0.61328125 0.07578125 0.10234375
0 0.41015625 0.6171875 0.07890625 0.11171875
0 0.48203125 0.39609375 0.08359375 0.11953125
0 0.321875 0.28671875 0.075 0.1203125
0 0.20390625 0.81171875 0.0703125 0.10390625
0 0.0296875 0.30546875 0.059375 0.11171875
0 0.11875 0.609375 0.07109375 0.10078125
0 0.884375 0.77578125 0.109375 0.128125
0 0.8828125 0.52578125 0.109375 0.13203125
0 0.109375 0.50859375 0.071875 0.10390625
0 0.3421875 0.71953125 0.078125 0.11171875
0 0.1609375 0.18515625 0.0765625 0.11875
0 0.240625 0.1796875 0.07734375 0.1234375
0 0.02578125 0.1953125 0.0515625 0.1125
0 0.48515625 0.5140625 0.0828125 0.1171875
0 0.265625 0.71640625 0.07421875 0.1015625
0 0.67265625 0.51953125 0.09375 0.125
0 0.878125 0.89453125 0.10390625 0.12578125
0 0.19921875 0.71328125 0.07109375 0.09921875
0 0.24296875 0.296875 0.07578125 0.1125
0 0.675 0.8734375 0.09140625 0.12578125
0 0.334375 0.615625 0.07890625 0.109375
0 0.2765625 0.81796875 0.0703125 0.103125
0 0.49609375 0.84296875 0.0796875 0.11875
0 0.4078125 0.509375 0.07890625 0.11171875
0 0.1625 0.29375 0.0734375 0.11328125
0 0.0953125 0.3 0.071875 0.11328125
0 0.26015625 0.60859375 0.0734375 0.103125
0 0.403125 0.403125 0.08046875 0.11953125
0 0.10234375 0.4046875 0.06875 0.1078125
0 0.03671875 0.51171875 0.0671875 0.1015625
0 0.4984375 0.62734375 0.08046875 0.1171875
0 0.06796875 0.7953125 0.0734375 0.09765625
0 0.125 0.70390625 0.07265625 0.10078125
0 0.34140625 0.82890625 0.07578125 0.11171875
0 0.0453125 0.60390625 0.07265625 0.1
0 0.1359375 0.8 0.07109375 0.1
0 0.05625 0.6984375 0.06875 0.0953125