0 0.53828125 0.48359375 0.07265625 0.16640625
0 0.684375 0.66953125 0.078125 0.17265625
0 0.67734375 0.8375 0.078125 0.1734375
0 0.5390625 0.63828125 0.0703125 0.15625
0 0.60546875 0.65078125 0.07421875 0.16953125
0 0.46640625 0.62890625 0.06796875 0.15390625
0 0.39921875 0.62109375 0.065625 0.15078125
0 0.775 0.49296875 0.08515625 0.1828125
0 0.465625 0.47265625 0.06875 0.17265625
0 0.76328125 0.6734375 0.08203125 0.18125
0 0.5359375 0.80078125 0.06953125 0.165625
0 0.59921875 0.82421875 0.0734375 0.16953125
0 0.60625 0.49140625 0.07578125 0.17109375
0 0.68984375 0.49296875 0.0796875 0.17890625
0 0.76171875 0.84609375 0.0796875 0.1765625
0 0.3375 0.615625 0.0625 0.15390625
0 0.21328125 0.453125 0.065625 0.15390625
0 0.27421875 0.75703125 0.05859375 0.14375
0 0.3375 0.46015625 0.06640625 0.15546875
0 0.278125 0.4578125 0.0625 0.15234375
0 0.396875 0.7796875 0.0640625 0.14921875
0 0.46328125 0.78515625 0.06640625 0.15625
0 0.22109375 0.7484375 0.059375 0.14375
0 0.3375 0.7625 0.0609375 0.14609375
0 0.403125 0.465625 0.06640625 0.16171875
0 0.27421875 0.6078125 0.0625 0.14921875
0 0.21796875 0.60546875 0.06171875 0.1453125