0 0.59140625 0.41875 0.2 0.065625
0 0.5828125 0.5984375 0.184375 0.053125
0 0.58984375 0.48046875 0.196875 0.0609375
0 0.7390625 0.46796875 0.121875 0.109375
0 0.184375 0.49453125 0.20625 0.0609375
0 0.58671875 0.5421875 0.1890625 0.0625
0 0.38828125 0.484375 0.2 0.0609375
0 0.3859375 0.42109375 0.2046875 0.065625
0 0.6015625 0.20078125 0.228125 0.078125
0 0.5828125 0.6578125 0.18125 0.0546875
0 0.75078125 0.353125 0.128125 0.1203125
0 0.1703125 0.425 0.221875 0.065625
0 0.72734375 0.57421875 0.115625 0.0984375
0 0.18515625 0.55234375 0.2078125 0.0578125
0 0.7203125 0.67578125 0.109375 0.0859375
0 0.3859375 0.5484375 0.19375 0.05625
0 0.77578125 0.22578125 0.14375 0.1328125
0 0.375 0.27265625 0.225 0.075
0 0.59609375 0.27265625 0.221875 0.075
0 0.38984375 0.603125 0.190625 0.05625
0 0.58828125 0.3484375 0.20625 0.0703125
0 0.71015625 0.7828125 0.1 0.084375
0 0.3671875 0.196875 0.23125 0.078125
0 0.14921875 0.271875 0.234375 0.078125
0 0.37578125 0.34921875 0.215625 0.071875
0 0.1609375 0.3515625 0.23125 0.071875
0 0.2109375 0.7140625 0.190625 0.053125
0 0.2171875 0.76953125 0.184375 0.0515625
0 0.1984375 0.6078125 0.2 0.05625
0 0.39375 0.66171875 0.184375 0.0546875
0 0.1328125 0.19765625 0.2359375 0.0796875
0 0.578125 0.80546875 0.171875 0.046875
0 0.2046875 0.66484375 0.19375 0.053125
0 0.58125 0.7078125 0.178125 0.053125
0 0.4 0.71015625 0.178125 0.053125
0 0.3984375 0.76640625 0.178125 0.05
0 0.58046875 0.7625 0.175 0.046875
0 0.2234375 0.81484375 0.178125 0.0484375
0 0.40625 0.8109375 0.175 0.05