0 0.65546875 0.50546875 0.1078125 0.08828125
0 0.65625 0.42109375 0.10703125 0.0921875
0 0.45546875 0.74140625 0.09609375 0.08125
0 0.4546875 0.665625 0.096875 0.08125
0 0.55234375 0.421875 0.10234375 0.09140625
0 0.55 0.5046875 0.1015625 0.08671875
0 0.65546875 0.58984375 0.10546875 0.0875
0 0.759375 0.59296875 0.10546875 0.0890625
0 0.55078125 0.58984375 0.10078125 0.0859375
0 0.4984375 0.3375 0.12109375 0.0859375
0 0.553125 0.6703125 0.09765625 0.084375
0 0.4515625 0.5859375 0.09921875 0.084375
0 0.55390625 0.75234375 0.09609375 0.078125
0 0.759375 0.3375 0.128125 0.0828125
0 0.76484375 0.42109375 0.11328125 0.0953125
0 0.453125 0.421875 0.09765625 0.09140625
0 0.7625 0.51328125 0.11015625 0.0921875
0 0.35 0.74609375 0.10703125 0.071875
0 0.45 0.50390625 0.09765625 0.08515625
0 0.34765625 0.68125 0.1109375 0.06953125
0 0.64453125 0.75546875 0.1 0.08359375
0 0.346875 0.41171875 0.1125 0.075
0 0.75546875 0.68046875 0.1046875 0.08828125
0 0.2375 0.48203125 0.11171875 0.06953125
0 0.23984375 0.54609375 0.10859375 0.065625
0 0.34921875 0.48125 0.1125 0.07265625
0 0.6546875 0.67421875 0.103125 0.08515625
0 0.2359375 0.33828125 0.11640625 0.08125
0 0.2453125 0.678125 0.11015625 0.07109375
0 0.62734375 0.3359375 0.12421875 0.0828125
0 0.37109375 0.3375 0.1234375 0.07890625
0 0.13046875 0.48046875 0.109375 0.06953125
0 0.13671875 0.54453125 0.1078125 0.0671875
0 0.34765625 0.55 0.11015625 0.06796875
0 0.246875 0.7390625 0.11015625 0.06953125
0 0.2390625 0.61171875 0.10625 0.07109375
0 0.128125 0.41484375 0.11171875 0.07578125
0 0.3484375 0.61796875 0.1109375 0.071875
0 0.2359375 0.4125 0.1125 0.0734375
0 0.14375 0.675 0.10703125 0.07265625
0 0.1375 0.609375 0.1078125 0.0703125
0 0.74765625 0.76015625 0.1015625 0.0828125
0 0.146875 0.73828125 0.109375 0.075
0 0.121875 0.33984375 0.1203125 0.08125