0 0.79921875 0.62734375 0.26171875 0.134375
0 0.8046875 0.3828125 0.271875 0.13671875
0 0.8140625 0.24140625 0.26953125 0.1484375
0 0.79921875 0.7265625 0.26484375 0.10078125
0 0.8109375 0.496875 0.26484375 0.1390625
0 0.57578125 0.6109375 0.21640625 0.1265625
0 0.4109375 0.4046875 0.096875 0.1234375
0 0.16640625 0.81484375 0.18984375 0.11328125
0 0.17734375 0.296875 0.184375 0.084375
0 0.56875 0.36953125 0.228125 0.125
0 0.315625 0.3828125 0.0921875 0.16484375
0 0.57109375 0.2546875 0.21328125 0.13125
0 0.56796875 0.49296875 0.22578125 0.11953125
0 0.39765625 0.25234375 0.08984375 0.178125
0 0.1765625 0.37265625 0.184375 0.08203125
0 0.1765625 0.453125 0.184375 0.08125
0 0.178125 0.21171875 0.18359375 0.09140625
0 0.3546875 0.69296875 0.2015625 0.09296875
0 0.171875 0.55078125 0.18828125 0.1140625
0 0.565625 0.7 0.228125 0.08671875
0 0.31796875 0.2328125 0.07578125 0.140625
0 0.79765625 0.1234375 0.2703125 0.1109375
0 0.3609375 0.59453125 0.19921875 0.115625
0 0.16875 0.73984375 0.18046875 0.09453125
0 0.35625 0.76640625 0.20546875 0.090625
0 0.1671875 0.653125 0.18125 0.11953125
0 0.5703125 0.859375 0.21796875 0.09765625
0 0.80078125 0.8078125 0.2640625 0.1140625
0 0.3609375 0.503125 0.19609375 0.08984375
0 0.55703125 0.15859375 0.196875 0.08203125
0 0.7953125 0.89296875 0.2578125 0.1
0 0.5640625 0.778125 0.228125 0.090625
0 0.35546875 0.8375 0.203125 0.096875