0 0.5828125 0.23828125 0.1046875 0.16953125
0 0.5609375 0.36015625 0.20078125 0.08046875
0 0.76875 0.484375 0.24609375 0.1234375
0 0.37109375 0.64296875 0.15703125 0.1125
0 0.55390625 0.56015625 0.19765625 0.1125
0 0.784375 0.371875 0.25625 0.1265625
0 0.3390625 0.26875 0.06875 0.1375
0 0.54296875 0.6609375 0.1953125 0.134375
0 0.6875 0.225 0.10703125 0.1828125
0 0.4890625 0.25390625 0.0828125 0.1578125
0 0.40703125 0.2578125 0.07421875 0.15
0 0.7421875 0.81484375 0.2390625 0.14765625
0 0.75390625 0.5984375 0.24609375 0.13359375
0 0.26796875 0.28203125 0.0625 0.1375
0 0.55703125 0.45390625 0.19921875 0.10703125
0 0.36875 0.74765625 0.1546875 0.12109375
0 0.375 0.5453125 0.159375 0.0984375
0 0.84140625 0.2046875 0.18515625 0.20625
0 0.3734375 0.45234375 0.16171875 0.096875
0 0.7453125 0.703125 0.24140625 0.1390625
0 0.2203125 0.7234375 0.1234375 0.109375
0 0.53125 0.76484375 0.18515625 0.1359375
0 0.20859375 0.2921875 0.06328125 0.1359375
0 0.221875 0.6390625 0.14140625 0.10234375
0 0.2296875 0.5515625 0.1390625 0.0921875
0 0.2359375 0.48125 0.11640625 0.0515625
0 0.2359375 0.434375 0.11328125 0.0515625
0 0.378125 0.36796875 0.16640625 0.078125
0 0.23984375 0.38046875 0.11953125 0.06015625