0 0.4890625 0.828125 0.06484375 0.19140625
0 0.6984375 0.296875 0.125 0.11796875
0 0.70703125 0.45546875 0.0703125 0.19296875
0 0.640625 0.45390625 0.065625 0.184375
0 0.63203125 0.6375 0.0671875 0.19140625
0 0.21953125 0.3203125 0.09765625 0.10078125
0 0.78203125 0.64609375 0.07265625 0.2
0 0.85859375 0.65234375 0.07421875 0.20078125
0 0.78203125 0.45 0.0734375 0.19453125
0 0.56875 0.6359375 0.0640625 0.18984375
0 0.86328125 0.4515625 0.0734375 0.2
0 0.23984375 0.80546875 0.05703125 0.18359375
0 0.503125 0.4546875 0.0625 0.18203125
0 0.36640625 0.628125 0.06328125 0.18359375
0 0.42890625 0.82109375 0.0609375 0.1875
0 0.70625 0.640625 0.07109375 0.1953125
0 0.70546875 0.846875 0.0703125 0.2
0 0.3796875 0.45078125 0.06171875 0.17421875
0 0.50078125 0.63515625 0.06640625 0.1875
0 0.32265625 0.31796875 0.10546875 0.10234375
0 0.31171875 0.6234375 0.06015625 0.1765625
0 0.31484375 0.44921875 0.059375 0.1734375
0 0.63671875 0.840625 0.071875 0.2
0 0.56953125 0.4515625 0.06484375 0.18203125
0 0.4390625 0.63203125 0.06171875 0.184375
0 0.55859375 0.83515625 0.06875 0.19609375
0 0.78125 0.84921875 0.07265625 0.20859375
0 0.4390625 0.31875 0.1078125 0.1015625
0 0.83359375 0.29609375 0.13125 0.1140625
0 0.3625 0.815625 0.06015625 0.18984375
0 0.86015625 0.85859375 0.07421875 0.21171875
0 0.246875 0.625 0.059375 0.1765625
0 0.30546875 0.809375 0.05859375 0.1875
0 0.44453125 0.45546875 0.06015625 0.178125
0 0.58046875 0.30390625 0.1140625 0.11484375
0 0.190625 0.6265625 0.059375 0.17578125
0 0.25078125 0.4546875 0.06015625 0.171875
0 0.19296875 0.44921875 0.059375 0.171875
0 0.18671875 0.8046875 0.05703125 0.17890625