0 0.7765625 0.22578125 0.075 0.11484375
0 0.92578125 0.23125 0.07734375 0.1078125
0 0.1828125 0.3234375 0.09453125 0.12265625
0 0.69609375 0.225 0.078125 0.11484375
0 0.17890625 0.20546875 0.0921875 0.12578125
0 0.3625 0.32734375 0.0875 0.11640625
0 0.453125 0.3296875 0.08203125 0.11328125
0 0.28984375 0.6546875 0.08671875 0.1125
0 0.61015625 0.22421875 0.08125 0.1171875
0 0.08671875 0.2015625 0.096875 0.13046875
0 0.19296875 0.55078125 0.09140625 0.11484375
0 0.85390625 0.2296875 0.0734375 0.1109375
0 0.9265625 0.33671875 0.07265625 0.10390625
0 0.2734375 0.44296875 0.0875 0.115625
0 0.271875 0.20859375 0.08671875 0.12734375
0 0.10546875 0.77578125 0.09296875 0.11328125
0 0.18515625 0.44375 0.09375 0.1140625
0 0.44609375 0.44296875 0.08046875 0.109375
0 0.53359375 0.2203125 0.08125 0.11796875
0 0.86015625 0.3375 0.07421875 0.10390625
0 0.92109375 0.5390625 0.075 0.09921875
0 0.10546875 0.66875 0.0953125 0.11328125
0 0.27265625 0.32890625 0.0875 0.1203125
0 0.3625 0.21875 0.08515625 0.12421875
0 0.3625 0.54921875 0.08359375 0.10703125
0 0.61171875 0.33359375 0.0796875 0.1078125
0 0.7796875 0.3359375 0.07734375 0.10546875
0 0.69765625 0.33515625 0.07890625 0.10625
0 0.084375 0.3234375 0.09765625 0.12421875
0 0.52734375 0.54765625 0.0796875 0.10703125
0 0.534375 0.33203125 0.07890625 0.11171875
0 0.090625 0.44453125 0.10078125 0.11875
0 0.59765625 0.440625 0.07890625 0.10703125
0 0.52421875 0.4390625 0.07890625 0.10546875
0 0.921875 0.4390625 0.075 0.10390625
0 0.19296875 0.66328125 0.0890625 0.10859375
0 0.096875 0.5515625 0.09609375 0.115625
0 0.28515625 0.7640625 0.084375 0.1046875
0 0.609375 0.64609375 0.07578125 0.1015625
0 0.68671875 0.440625 0.078125 0.1046875
0 0.8546875 0.4390625 0.07421875 0.10234375
0 0.68828125 0.64375 0.0765625 0.10078125
0 0.8515625 0.63828125 0.0734375 0.09765625
0 0.76171875 0.540625 0.0765625 0.1015625
0 0.35703125 0.44296875 0.084375 0.1125
0 0.45078125 0.221875 0.08125 0.1203125
0 0.5390625 0.646875 0.07578125 0.10546875
0 0.365625 0.7546875 0.0796875 0.1078125
0 0.371875 0.6515625 0.0796875 0.109375
0 0.8515625 0.5390625 0.0734375 0.1
0 0.27578125 0.55078125 0.0859375 0.109375
0 0.91875 0.63671875 0.0703125 0.09609375
0 0.2984375 0.86640625 0.08125 0.10703125
0 0.1171875 0.88203125 0.0953125 0.11171875
0 0.77265625 0.7375 0.07265625 0.0984375
0 0.21171875 0.87578125 0.08828125 0.1125
0 0.68046875 0.54140625 0.075 0.103125
0 0.77578125 0.44375 0.078125 0.1046875
0 0.84609375 0.7375 0.071875 0.096875
0 0.69140625 0.840625 0.0734375 0.0984375
0 0.5390625 0.85234375 0.078125 0.10390625
0 0.20078125 0.77265625 0.0859375 0.11171875
0 0.69453125 0.74140625 0.07265625 0.103125
0 0.60078125 0.546875 0.0765625 0.10390625
0 0.3765625 0.85859375 0.08046875 0.10546875
0 0.44296875 0.5484375 0.0796875 0.10703125
0 0.765625 0.83203125 0.07109375 0.09921875
0 0.83203125 0.834375 0.07265625 0.10078125
0 0.7671875 0.6390625 0.0734375 0.0984375
0 0.91328125 0.72890625 0.0703125 0.09609375
0 0.4609375 0.8578125 0.08046875 0.10234375
0 0.44609375 0.75390625 0.078125 0.109375
0 0.45703125 0.65078125 0.0796875 0.1046875
0 0.61328125 0.84375 0.071875 0.09921875
0 0.60078125 0.740625 0.0765625 0.1015625
0 0.5265625 0.75 0.075 0.10546875
0 0.90625 0.82265625 0.0734375 0.09609375