0 0.625 0.30703125 0.2875 0.065625
0 0.94453125 0.4015625 0.0515625 0.265625
0 0.8171875 0.1609375 0.303125 0.05
0 0.2625 0.19453125 0.259375 0.053125
0 0.98125 0.428125 0.0375 0.09375
0 0.81640625 0.190625 0.3 0.053125
0 0.81484375 0.21953125 0.296875 0.059375
0 0.8140625 0.25078125 0.29375 0.0546875
0 0.52421875 0.18046875 0.278125 0.046875
0 0.5296875 0.209375 0.275 0.0453125
0 0.528125 0.23515625 0.275 0.0390625
0 0.5296875 0.26171875 0.278125 0.0390625
0 0.2640625 0.853125 0.028125 0.184375
0 0.290625 0.8578125 0.0328125 0.1890625
0 0.3140625 0.8578125 0.034375 0.1875
0 0.34140625 0.8578125 0.03125 0.1890625
0 0.365625 0.8578125 0.03125 0.1875
0 0.38984375 0.85859375 0.0375 0.184375
0 0.415625 0.85859375 0.034375 0.190625
0 0.43984375 0.8625 0.0375 0.1921875
0 0.46640625 0.8609375 0.03125 0.19375
0 0.49296875 0.8625 0.0375 0.19375
0 0.51796875 0.8625 0.0375 0.2
0 0.54765625 0.86640625 0.0375 0.203125
0 0.57265625 0.865625 0.040625 0.209375
0 0.59921875 0.86484375 0.040625 0.2078125
0 0.62578125 0.86875 0.04375 0.2046875
0 0.6546875 0.8703125 0.040625 0.2078125
0 0.67734375 0.86171875 0.040625 0.203125
0 0.7046875 0.86328125 0.04375 0.2046875
0 0.734375 0.86484375 0.04375 0.2078125
0 0.76015625 0.8640625 0.046875 0.209375
0 0.784375 0.86171875 0.040625 0.2078125
0 0.8140625 0.8640625 0.05 0.20625
0 0.83984375 0.8671875 0.05 0.209375
0 0.259375 0.6734375 0.0484375 0.175
0 0.28671875 0.67578125 0.05 0.175
0 0.3109375 0.6734375 0.034375 0.18125
0 0.34609375 0.67265625 0.046875 0.18125
0 0.3765625 0.671875 0.0390625 0.18125
0 0.4078125 0.67265625 0.0390625 0.1765625
0 0.43203125 0.6703125 0.04375 0.1765625
0 0.4609375 0.6703125 0.04375 0.178125
0 0.484375 0.67265625 0.034375 0.18125
0 0.52109375 0.6703125 0.04375 0.184375
0 0.5484375 0.67109375 0.04375 0.190625
0 0.57734375 0.66796875 0.0375 0.18125
0 0.6078125 0.66484375 0.040625 0.190625
0 0.6375 0.66640625 0.040625 0.1875
0 0.66796875 0.67109375 0.040625 0.184375
0 0.696875 0.64765625 0.04375 0.228125
0 0.725 0.64765625 0.0375 0.225
0 0.75234375 0.646875 0.0390625 0.225
0 0.78359375 0.64921875 0.0390625 0.225
0 0.8125 0.65 0.034375 0.228125
0 0.84375 0.6515625 0.040625 0.2296875
0 0.2359375 0.48828125 0.0546875 0.1890625
0 0.2671875 0.49140625 0.05625 0.1875
0 0.2828125 0.38046875 0.259375 0.040625
0 0.50625 0.471875 0.05 0.20625
0 0.534375 0.478125 0.0484375 0.203125
0 0.628125 0.475 0.0453125 0.2046875
0 0.6859375 0.434375 0.040625 0.20625
0 0.78046875 0.4078125 0.04375 0.25625
0 0.8109375 0.40703125 0.0390625 0.2640625
0 0.8453125 0.40625 0.0390625 0.2640625
0 0.878125 0.4046875 0.040625 0.26875
0 0.91171875 0.40546875 0.05 0.271875
0 0.940625 0.6515625 0.05 0.228125
0 0.90625 0.6515625 0.05 0.2296875
0 0.29609375 0.48828125 0.0609375 0.19375
0 0.3265625 0.48984375 0.065625 0.19375
0 0.3578125 0.4890625 0.0609375 0.2
0 0.3875 0.48515625 0.05625 0.1984375
0 0.415625 0.4875 0.053125 0.1953125
0 0.35390625 0.29765625 0.2578125 0.0453125
0 0.3578125 0.3234375 0.2625 0.04375
0 0.3609375 0.34921875 0.25625 0.0421875
0 0.2625 0.22421875 0.2625 0.046875
0 0.26484375 0.25078125 0.2625 0.0484375
0 0.26875 0.278125 0.259375 0.04375
0 0.6234375 0.29140625 0.275 0.05625
0 0.625 0.32109375 0.2734375 0.05