0 0.184375 0.88359375 0.0890625 0.06875
0 0.171875 0.67734375 0.0875 0.0734375
0 0.421875 0.16484375 0.0875 0.0875
0 0.64453125 0.80625 0.065625 0.0625
0 0.7484375 0.4890625 0.078125 0.0703125
0 0.4234375 0.246875 0.090625 0.0875
0 0.51171875 0.2546875 0.08125 0.08125
0 0.5984375 0.25546875 0.078125 0.08125
0 0.840625 0.275 0.0734375 0.078125
0 0.64921875 0.7421875 0.06875 0.0640625
0 0.57109375 0.80859375 0.0671875 0.0625
0 0.8328125 0.34765625 0.071875 0.075
0 0.75390625 0.4171875 0.08125 0.071875
0 0.16875 0.6078125 0.0875 0.0703125
0 0.77421875 0.190625 0.078125 0.08125
0 0.81640625 0.49140625 0.065625 0.0703125
0 0.6703125 0.415625 0.071875 0.071875
0 0.18515625 0.8203125 0.1 0.0671875
0 0.6546875 0.67890625 0.0734375 0.065625
0 0.809375 0.55703125 0.06875 0.06875
0 0.421875 0.40234375 0.0875 0.075
0 0.42265625 0.32734375 0.090625 0.08125
0 0.82421875 0.421875 0.0703125 0.071875
0 0.58359375 0.6171875 0.0734375 0.0671875
0 0.33671875 0.61328125 0.0890625 0.0671875
0 0.67734375 0.33828125 0.084375 0.075
0 0.51875 0.1671875 0.0828125 0.084375
0 0.57421875 0.74609375 0.071875 0.0625
0 0.803125 0.62109375 0.0625 0.0625
0 0.50390625 0.47890625 0.078125 0.071875
0 0.17734375 0.7484375 0.09375 0.06875
0 0.6875 0.184375 0.078125 0.084375
0 0.73515625 0.55390625 0.075 0.06875
0 0.16328125 0.4640625 0.09375 0.0765625
0 0.33671875 0.6765625 0.084375 0.06875
0 0.79609375 0.68125 0.0671875 0.065625
0 0.240625 0.14765625 0.0953125 0.09375
0 0.41796875 0.6140625 0.084375 0.065625
0 0.59296875 0.3375 0.078125 0.078125
0 0.775 0.85859375 0.059375 0.0609375
0 0.4203125 0.54453125 0.0875 0.0703125
0 0.64140625 0.86484375 0.065625 0.059375
0 0.26015625 0.74453125 0.0890625 0.065625
0 0.84921875 0.19453125 0.075 0.0828125
0 0.57734375 0.6796875 0.0765625 0.065625
0 0.33671875 0.54296875 0.0859375 0.0734375
0 0.60546875 0.09375 0.0875 0.0875
0 0.7859375 0.74609375 0.065625 0.065625
0 0.73125 0.6171875 0.075 0.065625
0 0.71484375 0.803125 0.06875 0.0625
0 0.49609375 0.80546875 0.065625 0.0609375
0 0.6578125 0.61875 0.0734375 0.065625
0 0.5 0.54765625 0.078125 0.06875
0 0.33515625 0.39765625 0.0875 0.078125
0 0.6828125 0.26640625 0.08125 0.0796875
0 0.1484375 0.228125 0.1 0.090625
0 0.58515625 0.4765625 0.08125 0.071875
0 0.6046875 0.17734375 0.0828125 0.0828125
0 0.5875 0.4125 0.084375 0.0734375
0 0.3359375 0.321875 0.090625 0.0796875
0 0.49453125 0.8640625 0.065625 0.059375
0 0.69453125 0.103125 0.078125 0.0875
0 0.5828125 0.55 0.0765625 0.06875
0 0.70703125 0.865625 0.06875 0.0640625
0 0.49921875 0.67734375 0.06875 0.0671875
0 0.859375 0.11640625 0.075 0.084375
0 0.76328125 0.26796875 0.0796875 0.078125
0 0.6625 0.48203125 0.078125 0.0703125
0 0.334375 0.2390625 0.09375 0.090625
0 0.24296875 0.23203125 0.096875 0.090625
0 0.41484375 0.678125 0.08125 0.06875
0 0.5046875 0.409375 0.078125 0.075
0 0.14140625 0.05234375 0.1015625 0.09375
0 0.728125 0.68125 0.075 0.065625
0 0.525 0.0859375 0.0828125 0.0875
0 0.3375 0.47265625 0.0890625 0.078125
0 0.421875 0.47421875 0.0875 0.075
0 0.51484375 0.33203125 0.078125 0.078125
0 0.2375 0.06015625 0.096875 0.1015625
0 0.71875 0.73984375 0.06875 0.065625
0 0.49921875 0.61796875 0.0734375 0.065625
0 0.2453125 0.31328125 0.0953125 0.0828125
0 0.253125 0.540625 0.09375 0.071875
0 0.50234375 0.74296875 0.071875 0.0640625
0 0.253125 0.46484375 0.09375 0.0765625
0 0.33828125 0.74296875 0.084375 0.0625
0 0.25625 0.67734375 0.084375 0.06875
0 0.25078125 0.3921875 0.0921875 0.078125
0 0.5671875 0.86640625 0.0703125 0.059375
0 0.784375 0.10703125 0.090625 0.0875
0 0.77890625 0.803125 0.0625 0.059375
0 0.76171875 0.34296875 0.08125 0.075
0 0.25390625 0.61171875 0.0875 0.0703125
0 0.4234375 0.078125 0.0921875 0.09375
0 0.14453125 0.14140625 0.1 0.090625
0 0.1578125 0.3890625 0.096875 0.08125
0 0.153125 0.309375 0.1 0.0875
0 0.6609375 0.55234375 0.078125 0.06875
0 0.33828125 0.86328125 0.078125 0.06875
0 0.259375 0.81796875 0.08125 0.06875
0 0.41640625 0.74453125 0.0875 0.065625
0 0.16953125 0.5390625 0.1 0.071875
0 0.2609375 0.8796875 0.08125 0.065625
0 0.33828125 0.80546875 0.078125 0.071875
0 0.33203125 0.15390625 0.0921875 0.09375
0 0.33203125 0.0671875 0.09375 0.1
0 0.41328125 0.80625 0.08125 0.0671875
0 0.4125 0.8640625 0.078125 0.0671875