0 0.296875 0.60390625 0.240625 0.109375
0 0.25546875 0.84453125 0.253125 0.1265625
0 0.9625 0.59140625 0.075 0.0859375
0 0.7953125 0.6765625 0.26875 0.0875
0 0.80390625 0.86875 0.303125 0.109375
0 0.53046875 0.60546875 0.24375 0.1125
0 0.38671875 0.121875 0.1875 0.0765625
0 0.37109375 0.18984375 0.19375 0.078125
0 0.77890625 0.359375 0.2296875 0.0671875
0 0.7765625 0.2359375 0.215625 0.059375
0 0.5578125 0.24609375 0.2125 0.090625
0 0.77578125 0.17421875 0.209375 0.0578125
0 0.9578125 0.5078125 0.084375 0.0765625
0 0.3296875 0.41953125 0.209375 0.09375
0 0.3125 0.5046875 0.221875 0.103125
0 0.796875 0.76875 0.2875 0.09375
0 0.77265625 0.125 0.209375 0.059375
0 0.78359375 0.440625 0.2375 0.0734375
0 0.78828125 0.58984375 0.2625 0.0796875
0 0.78515625 0.50859375 0.246875 0.0734375
0 0.971875 0.77578125 0.05625 0.0953125
0 0.95234375 0.43515625 0.09375 0.075
0 0.27578125 0.71953125 0.246875 0.1203125
0 0.35859375 0.25625 0.20625 0.084375
0 0.94921875 0.35546875 0.1 0.06875
0 0.946875 0.29140625 0.10625 0.0640625
0 0.52734375 0.7203125 0.271875 0.128125
0 0.54453125 0.4140625 0.221875 0.1
0 0.34296875 0.3359375 0.2015625 0.0875
0 0.5703125 0.10703125 0.196875 0.075
0 0.5515625 0.32421875 0.2171875 0.096875
0 0.5390625 0.5015625 0.234375 0.103125
0 0.51953125 0.8578125 0.2875 0.134375
0 0.778125 0.29765625 0.225 0.065625
0 0.94375 0.2265625 0.1125 0.059375
0 0.56484375 0.17265625 0.20625 0.084375
0 0.9671875 0.68125 0.065625 0.090625
0 0.9421875 0.17109375 0.115625 0.05625
0 0.93984375 0.115625 0.1203125 0.05625
0 0.9765625 0.875 0.0453125 0.103125