0 0.15 0.7015625 0.125 0.103125
0 0.39140625 0.8875 0.11875 0.103125
0 0.4453125 0.509375 0.0984375 0.0828125
0 0.34375 0.50703125 0.10625 0.084375
0 0.73046875 0.8671875 0.109375 0.1
0 0.50625 0.88125 0.115625 0.103125
0 0.15078125 0.603125 0.125 0.1
0 0.15078125 0.90390625 0.128125 0.109375
0 0.27265625 0.79296875 0.121875 0.1046875
0 0.1515625 0.80234375 0.1265625 0.1046875
0 0.275 0.6 0.11875 0.096875
0 0.27109375 0.7015625 0.121875 0.1
0 0.62421875 0.8734375 0.1109375 0.103125
0 0.73046875 0.76875 0.10625 0.1
0 0.2328125 0.50859375 0.1109375 0.0875
0 0.840625 0.8609375 0.10625 0.1
0 0.54921875 0.58203125 0.096875 0.084375
0 0.54453125 0.503125 0.0984375 0.08125
0 0.74296875 0.58046875 0.096875 0.08125
0 0.28046875 0.8953125 0.121875 0.1078125
0 0.64609375 0.57890625 0.09375 0.0828125
0 0.39609375 0.784375 0.1171875 0.1015625
0 0.8421875 0.66015625 0.096875 0.0828125
0 0.6421875 0.5 0.096875 0.08125
0 0.6203125 0.77265625 0.1125 0.1
0 0.44921875 0.58828125 0.1 0.084375
0 0.72890625 0.42421875 0.0921875 0.078125
0 0.8265625 0.49765625 0.096875 0.0796875
0 0.50390625 0.7828125 0.1125 0.103125
0 0.73203125 0.50078125 0.09375 0.0796875
0 0.834375 0.578125 0.09375 0.08125
0 0.44453125 0.42890625 0.1 0.0828125
0 0.63359375 0.42578125 0.09375 0.078125
0 0.83203125 0.7640625 0.109375 0.0953125
0 0.8234375 0.42421875 0.0921875 0.078125
0 0.3421875 0.4296875 0.103125 0.084375
0 0.54296875 0.42734375 0.096875 0.08125
0 0.55234375 0.66953125 0.103125 0.0875
0 0.6484375 0.6640625 0.096875 0.0859375
0 0.23515625 0.4296875 0.109375 0.084375
0 0.74609375 0.66328125 0.0953125 0.084375
0 0.440625 0.67421875 0.10625 0.0875
0 0.36484375 0.5890625 0.065625 0.0875
0 0.359375 0.67734375 0.046875 0.0875