0 0.63671875 0.4015625 0.09375 0.11875
0 0.83671875 0.3859375 0.1125 0.1328125
0 0.72890625 0.3921875 0.1 0.125
0 0.734375 0.63359375 0.103125 0.128125
0 0.7296875 0.75625 0.1015625 0.125
0 0.83203125 0.25859375 0.115625 0.140625
0 0.84921875 0.63828125 0.1140625 0.13125
0 0.46328125 0.61953125 0.08125 0.109375
0 0.45234375 0.30546875 0.0796875 0.1109375
0 0.64140625 0.63125 0.09375 0.121875
0 0.4171875 0.2234375 0.1359375 0.078125
0 0.4625 0.72265625 0.08125 0.1125
0 0.84296875 0.51328125 0.1125 0.13125
0 0.7453125 0.87421875 0.103125 0.1265625
0 0.72265625 0.28046875 0.1 0.1234375
0 0.5453125 0.4078125 0.084375 0.1125
0 0.62890625 0.284375 0.090625 0.125
0 0.64296875 0.85703125 0.09375 0.121875
0 0.54765625 0.51640625 0.090625 0.1125
0 0.73203125 0.51953125 0.103125 0.121875
0 0.54765625 0.734375 0.084375 0.1125
0 0.53828125 0.3015625 0.0875 0.109375
0 0.634375 0.74765625 0.09375 0.11875
0 0.4578125 0.4140625 0.08125 0.1109375
0 0.83984375 0.765625 0.1125 0.1296875
0 0.55625 0.84453125 0.0875 0.11875
0 0.63828125 0.51484375 0.09375 0.11875
0 0.47109375 0.83125 0.0828125 0.1171875
0 0.13125 0.43203125 0.0625 0.090625
0 0.55 0.62734375 0.0875 0.115625
0 0.465625 0.521875 0.0828125 0.10625
0 0.38125 0.41328125 0.075 0.1078125
0 0.384375 0.615625 0.0765625 0.1046875
0 0.26640625 0.79609375 0.078125 0.1078125
0 0.37109375 0.3140625 0.075 0.1046875
0 0.3875 0.521875 0.075 0.103125
0 0.31875 0.5203125 0.0703125 0.1
0 0.1953125 0.5203125 0.05625 0.090625
0 0.3171875 0.42265625 0.0703125 0.1
0 0.25546875 0.7046875 0.071875 0.10625
0 0.38359375 0.721875 0.075 0.1125
0 0.56171875 0.20625 0.153125 0.0890625
0 0.13359375 0.52109375 0.05625 0.0875
0 0.25078125 0.6109375 0.0625 0.096875
0 0.40234375 0.82421875 0.075 0.1125
0 0.25078125 0.5203125 0.0625 0.0953125
0 0.08046875 0.4375 0.05625 0.0875
0 0.071875 0.3484375 0.05625 0.084375
0 0.24609375 0.428125 0.0625 0.096875
0 0.3203125 0.6125 0.0640625 0.1015625
0 0.0875 0.521875 0.05 0.084375
0 0.20234375 0.696875 0.059375 0.090625
0 0.19375 0.609375 0.059375 0.09375
0 0.28984375 0.23828125 0.13125 0.08125
0 0.31015625 0.325 0.0671875 0.1078125
0 0.1296875 0.3421875 0.071875 0.0953125
0 0.24375 0.32890625 0.05625 0.103125
0 0.290625 0.6109375 0.13125 0.1
0 0.14140625 0.6046875 0.053125 0.0890625
0 0.85 0.8890625 0.1140625 0.128125
0 0.753125 0.1734375 0.190625 0.096875
0 0.19296875 0.26171875 0.121875 0.071875
0 0.090625 0.2765625 0.103125 0.06875
0 0.18515625 0.33515625 0.078125 0.103125
0 0.184375 0.42578125 0.078125 0.096875
0 0.08984375 0.603125 0.059375 0.0921875
0 0.31875 0.709375 0.078125 0.109375
0 0.0921875 0.68828125 0.0703125 0.096875
0 0.14375 0.68984375 0.0625 0.1
0 0.3296875 0.80546875 0.078125 0.109375
0 0.20625 0.7859375 0.065625 0.10625
0 0.15 0.778125 0.0625 0.096875
0 0.1 0.7703125 0.06875 0.096875