0 0.22109375 0.62734375 0.14375 0.09140625
0 0.36796875 0.81484375 0.14609375 0.0921875
0 0.21875 0.81953125 0.1546875 0.10078125
0 0.3609375 0.4640625 0.13203125 0.0796875
0 0.36484375 0.6234375 0.140625 0.08671875
0 0.35703125 0.39140625 0.12890625 0.07265625
0 0.228125 0.39296875 0.1328125 0.0703125
0 0.3640625 0.7203125 0.14453125 0.09375
0 0.21953125 0.73046875 0.1453125 0.08125
0 0.22265625 0.54140625 0.14140625 0.08515625
0 0.07265625 0.8125 0.11484375 0.11484375
0 0.22890625 0.46328125 0.1359375 0.07890625
0 0.0828125 0.6984375 0.1171875 0.109375
0 0.36171875 0.54453125 0.1359375 0.07578125
0 0.0984375 0.409375 0.11328125 0.0921875
0 0.47421875 0.71015625 0.08125 0.09140625
0 0.09921875 0.5015625 0.11640625 0.0984375
0 0.45546875 0.384375 0.07265625 0.0640625
0 0.46484375 0.54296875 0.0765625 0.071875
0 0.08671875 0.59609375 0.11484375 0.1015625
0 0.48125 0.80625 0.084375 0.09375
0 0.4703125 0.62578125 0.07734375 0.07734375
0 0.46171875 0.45859375 0.07421875 0.078125
0 0.1078125 0.3125 0.125 0.09140625