0 0.65234375 0.45078125 0.10234375 0.1171875
0 0.7515625 0.4546875 0.0953125 0.109375
0 0.5765625 0.8078125 0.0609375 0.21640625
0 0.6421875 0.8109375 0.059375 0.2140625
0 0.696875 0.60703125 0.05859375 0.1953125
0 0.7609375 0.60625 0.0578125 0.19296875
0 0.546875 0.44140625 0.10703125 0.1140625
0 0.7625 0.80859375 0.0578125 0.20546875
0 0.81328125 0.803125 0.053125 0.19765625
0 0.575 0.5984375 0.06328125 0.20625
0 0.6984375 0.8125 0.05703125 0.215625
0 0.3734375 0.58515625 0.071875 0.21015625
0 0.51640625 0.8078125 0.0625 0.21640625
0 0.84765625 0.45625 0.08984375 0.11171875
0 0.3109375 0.4125 0.12734375 0.128125
0 0.509375 0.59296875 0.06015625 0.2046875
0 0.63828125 0.60625 0.06171875 0.19453125
0 0.44765625 0.590625 0.06640625 0.20703125
0 0.43046875 0.4265625 0.1171875 0.11796875
0 0.30625 0.58984375 0.07265625 0.22109375
0 0.8703125 0.61015625 0.053125 0.18515625
0 0.2265625 0.58515625 0.07734375 0.2203125
0 0.446875 0.81015625 0.06640625 0.2265625
0 0.29921875 0.81171875 0.071875 0.23203125
0 0.8125 0.6078125 0.05390625 0.190625
0 0.3703125 0.8078125 0.0703125 0.228125
0 0.87265625 0.79921875 0.0546875 0.19140625
0 0.21640625 0.81640625 0.07578125 0.2359375