0 0.6296875 0.64765625 0.08125 0.103125
0 0.8109375 0.65625 0.09375 0.115625
0 0.48203125 0.7296875 0.075 0.103125
0 0.81015625 0.44375 0.0953125 0.1125
0 0.55625 0.7375 0.0765625 0.1015625
0 0.715625 0.6515625 0.0890625 0.1125
0 0.71484375 0.7546875 0.090625 0.115625
0 0.81015625 0.76328125 0.0984375 0.125
0 0.8 0.33125 0.0984375 0.115625
0 0.63046875 0.74375 0.08125 0.10625
0 0.709375 0.22890625 0.09375 0.121875
0 0.553125 0.63984375 0.075 0.1
0 0.47265625 0.2609375 0.065625 0.1125
0 0.71484375 0.44609375 0.0875 0.10625
0 0.5578125 0.834375 0.078125 0.10625
0 0.8046875 0.5484375 0.09375 0.109375
0 0.7140625 0.54921875 0.0859375 0.1046875
0 0.55 0.54609375 0.078125 0.1
0 0.54296875 0.2484375 0.08125 0.115625
0 0.721875 0.8578125 0.0875 0.1140625
0 0.28515625 0.28359375 0.065625 0.0953125
0 0.7015625 0.33984375 0.0875 0.109375
0 0.63125 0.546875 0.0828125 0.1015625
0 0.61953125 0.24140625 0.0890625 0.1140625
0 0.62734375 0.44765625 0.08125 0.1015625
0 0.40859375 0.359375 0.065625 0.09375
0 0.540625 0.3515625 0.0734375 0.1015625
0 0.47734375 0.4515625 0.06875 0.09375
0 0.47890625 0.54453125 0.06875 0.09375
0 0.3453125 0.36328125 0.059375 0.0890625
0 0.54609375 0.4484375 0.071875 0.1
0 0.22890625 0.37734375 0.05625 0.084375
0 0.415625 0.54140625 0.0625 0.090625
0 0.8125 0.21484375 0.10625 0.1328125
0 0.6328125 0.84921875 0.08125 0.1109375
0 0.4203125 0.8109375 0.06875 0.096875
0 0.29375 0.62421875 0.05625 0.084375
0 0.615625 0.34765625 0.078125 0.1046875
0 0.4140625 0.4546875 0.0625 0.090625
0 0.4703125 0.3609375 0.065625 0.09375
0 0.8109375 0.871875 0.1 0.125
0 0.1265625 0.3015625 0.0609375 0.084375
0 0.484375 0.8203125 0.071875 0.103125
0 0.3515625 0.540625 0.059375 0.0875
0 0.34609375 0.62890625 0.059375 0.0890625
0 0.12734375 0.38125 0.05625 0.084375
0 0.29140625 0.54140625 0.059375 0.084375
0 0.134375 0.45859375 0.059375 0.084375
0 0.41015625 0.72109375 0.06875 0.0953125
0 0.346875 0.453125 0.0625 0.0875
0 0.34296875 0.70859375 0.059375 0.09375
0 0.41015625 0.628125 0.0625 0.0953125
0 0.40234375 0.2703125 0.065625 0.109375
0 0.4734375 0.63203125 0.06875 0.096875
0 0.28984375 0.36953125 0.05625 0.0859375
0 0.29375 0.45546875 0.059375 0.084375
0 0.2296875 0.2890625 0.0640625 0.09375
0 0.1375 0.609375 0.05625 0.0828125
0 0.2328125 0.6171875 0.0546875 0.0828125
0 0.34921875 0.79453125 0.0640625 0.1
0 0.2625 0.7 0.1109375 0.0875
0 0.2875 0.7046875 0.05625 0.0875
0 0.21640625 0.53984375 0.0984375 0.0828125
0 0.29609375 0.78828125 0.05625 0.09375
0 0.1375 0.5375 0.05 0.078125
0 0.2640625 0.4578125 0.1125 0.0828125
0 0.18828125 0.73046875 0.053125 0.1625
0 0.18359375 0.6921875 0.053125 0.078125
0 0.23359375 0.45546875 0.053125 0.08125
0 0.1765625 0.2953125 0.0625 0.090625
0 0.34453125 0.27578125 0.071875 0.1015625
0 0.184375 0.6109375 0.05625 0.084375
0 0.1375 0.684375 0.05625 0.0828125
0 0.1390625 0.76015625 0.0625 0.0875
0 0.23828125 0.77421875 0.065625 0.09375
0 0.17734375 0.3765625 0.059375 0.090625
0 0.184375 0.45546875 0.0625 0.0875