0 0.203125 0.69375 0.1125 0.071875
0 0.54140625 0.10234375 0.1234375 0.103125
0 0.30625 0.5515625 0.1125 0.0765625
0 0.65703125 0.11328125 0.125 0.103125
0 0.1828125 0.37421875 0.125 0.084375
0 0.3015625 0.3890625 0.121875 0.0875
0 0.75625 0.22109375 0.11875 0.090625
0 0.20625 0.7671875 0.109375 0.071875
0 0.16796875 0.190625 0.13125 0.1
0 0.534375 0.20546875 0.11875 0.09375
0 0.30859375 0.62890625 0.109375 0.071875
0 0.29921875 0.29921875 0.121875 0.09375
0 0.3046875 0.46640625 0.115625 0.0796875
0 0.73671875 0.40078125 0.109375 0.08125
0 0.31171875 0.69609375 0.103125 0.071875
0 0.17890625 0.28515625 0.1265625 0.09375
0 0.29375 0.09453125 0.13125 0.10625
0 0.1984375 0.62265625 0.115625 0.075
0 0.52890625 0.30078125 0.1140625 0.0875
0 0.31328125 0.77265625 0.103125 0.0703125
0 0.4140625 0.771875 0.1 0.06875
0 0.41328125 0.09296875 0.1265625 0.103125
0 0.4140625 0.2984375 0.11875 0.0921875
0 0.51640625 0.62734375 0.1015625 0.071875
0 0.15703125 0.08046875 0.1375 0.109375
0 0.7140625 0.62890625 0.1 0.06875
0 0.29921875 0.1984375 0.125 0.0984375
0 0.51484375 0.69296875 0.1 0.06875
0 0.5109375 0.8359375 0.096875 0.065625
0 0.5296875 0.38984375 0.109375 0.0859375
0 0.5125 0.76484375 0.096875 0.06875
0 0.41640625 0.46875 0.109375 0.078125
0 0.64765625 0.2140625 0.1203125 0.09375
0 0.63984375 0.30390625 0.1125 0.0859375
0 0.85703125 0.31484375 0.1171875 0.084375
0 0.41484375 0.6984375 0.1015625 0.0734375
0 0.615625 0.6265625 0.1 0.071875
0 0.74921875 0.31015625 0.1140625 0.084375
0 0.63125 0.39453125 0.109375 0.08125
0 0.1859375 0.4578125 0.1203125 0.08125
0 0.7203125 0.5515625 0.10625 0.071875
0 0.61171875 0.69375 0.096875 0.06875
0 0.61875 0.55 0.103125 0.071875
0 0.31328125 0.8453125 0.1 0.06875
0 0.77265625 0.11796875 0.121875 0.096875
0 0.41875 0.19296875 0.121875 0.1015625
0 0.4203125 0.3875 0.1140625 0.084375
0 0.41328125 0.84375 0.0984375 0.06875
0 0.5203125 0.55 0.096875 0.075
0 0.19140625 0.54453125 0.11875 0.075
0 0.21015625 0.8390625 0.1046875 0.06875
0 0.8765625 0.1296875 0.11875 0.096875
0 0.59921875 0.8296875 0.096875 0.065625
0 0.2140625 0.90546875 0.10625 0.0703125
0 0.60234375 0.76328125 0.096875 0.0671875
0 0.41640625 0.63046875 0.10625 0.0734375
0 0.3140625 0.90546875 0.1 0.0640625
0 0.5234375 0.47265625 0.1109375 0.0765625
0 0.865625 0.22578125 0.1203125 0.0875
0 0.5046875 0.89765625 0.096875 0.0640625
0 0.6890625 0.83203125 0.09375 0.0625
0 0.68515625 0.89296875 0.0921875 0.0640625
0 0.72890625 0.4765625 0.1125 0.075
0 0.59921875 0.896875 0.096875 0.065625
0 0.84375 0.40234375 0.1125 0.08125
0 0.628125 0.4734375 0.109375 0.0765625
0 0.703125 0.690625 0.1 0.06875
0 0.81875 0.5546875 0.103125 0.071875
0 0.69609375 0.76171875 0.0953125 0.06875
0 0.41328125 0.9015625 0.096875 0.0609375
0 0.82890625 0.47734375 0.109375 0.075
0 0.809375 0.62421875 0.103125 0.06875
0 0.7875 0.7578125 0.096875 0.065625
0 0.79609375 0.6890625 0.0984375 0.0671875
0 0.7859375 0.82734375 0.09375 0.0625
0 0.41953125 0.55 0.1140625 0.075
0 0.7765625 0.88671875 0.090625 0.0625