0 0.39609375 0.553125 0.115625 0.075
0 0.39609375 0.76171875 0.1125 0.065625
0 0.39765625 0.62109375 0.1125 0.071875
0 0.28828125 0.75625 0.109375 0.065625
0 0.621875 0.42578125 0.103125 0.09375
0 0.28515625 0.61796875 0.115625 0.071875
0 0.40390625 0.47890625 0.1125 0.075
0 0.39296875 0.68828125 0.1125 0.0703125
0 0.50703125 0.7609375 0.109375 0.06875
0 0.17734375 0.75234375 0.1125 0.06875
0 0.17265625 0.40625 0.121875 0.078125
0 0.50625 0.69453125 0.1125 0.0703125
0 0.17421875 0.54765625 0.115625 0.0765625
0 0.17421875 0.47421875 0.115625 0.075
0 0.2890625 0.68515625 0.1125 0.071875
0 0.7171875 0.51484375 0.09375 0.0875
0 0.40546875 0.41015625 0.1125 0.078125
0 0.509375 0.62265625 0.115625 0.0734375
0 0.5140625 0.4859375 0.1125 0.075
0 0.5203125 0.41171875 0.1125 0.078125
0 0.60703125 0.75234375 0.090625 0.078125
0 0.284375 0.55078125 0.115625 0.071875
0 0.6171875 0.5109375 0.096875 0.0875
0 0.28515625 0.4828125 0.115625 0.075
0 0.17578125 0.61328125 0.1140625 0.071875
0 0.7109375 0.59609375 0.0921875 0.084375
0 0.1734375 0.67890625 0.1140625 0.075
0 0.509375 0.5546875 0.115625 0.078125
0 0.809375 0.51875 0.0984375 0.0875
0 0.609375 0.67265625 0.103125 0.08125
0 0.28828125 0.41171875 0.109375 0.0765625
0 0.8140625 0.4328125 0.096875 0.0875
0 0.71328125 0.59609375 0.103125 0.0875
0 0.71796875 0.42890625 0.103125 0.0890625
0 0.6171875 0.59453125 0.103125 0.0875
0 0.80390625 0.59609375 0.10625 0.084375
0 0.703125 0.67421875 0.0953125 0.078125
0 0.79375 0.67421875 0.1015625 0.0828125
0 0.69765625 0.75078125 0.1 0.0828125
0 0.7875 0.74765625 0.096875 0.078125