0 0.17734375 0.24609375 0.128125 0.13125
0 0.5125 0.13984375 0.059375 0.165625
0 0.29765625 0.1046875 0.125 0.1
0 0.42578125 0.10234375 0.125 0.1
0 0.62265625 0.3109375 0.0625 0.159375
0 0.42109375 0.20546875 0.121875 0.096875
0 0.178125 0.11484375 0.128125 0.13125
0 0.425 0.39609375 0.121875 0.096875
0 0.4203125 0.30546875 0.1203125 0.0953125
0 0.68125 0.14453125 0.059375 0.1640625
0 0.18046875 0.3734375 0.128125 0.13125
0 0.30390625 0.34921875 0.125 0.128125
0 0.6265625 0.14296875 0.0625 0.165625
0 0.30390625 0.221875 0.125 0.128125
0 0.5640625 0.303125 0.059375 0.165625
0 0.67734375 0.31171875 0.059375 0.159375
0 0.51015625 0.3015625 0.059375 0.1640625
0 0.565625 0.13203125 0.0578125 0.14375
0 0.29765625 0.44453125 0.125 0.065625
0 0.7421875 0.1453125 0.05625 0.165625
0 0.74140625 0.3140625 0.059375 0.15625
0 0.7375 0.43046875 0.059375 0.078125
0 0.17578125 0.4609375 0.125 0.04375
0 0.5171875 0.43203125 0.0640625 0.0859375
0 0.68046875 0.43046875 0.0609375 0.084375
0 0.62265625 0.43203125 0.059375 0.0875
0 0.565625 0.42734375 0.0625 0.090625