0 0.465625 0.75390625 0.0875 0.109375
0 0.190625 0.32890625 0.1 0.1203125
0 0.47265625 0.55 0.0828125 0.1046875
0 0.55859375 0.34765625 0.0796875 0.109375
0 0.0828125 0.67265625 0.103125 0.115625
0 0.084375 0.32421875 0.1046875 0.1234375
0 0.284375 0.7703125 0.0953125 0.1125
0 0.3875 0.55390625 0.090625 0.10625
0 0.29375 0.553125 0.0953125 0.109375
0 0.184375 0.66796875 0.1 0.115625
0 0.46875 0.6515625 0.0875 0.10625
0 0.3765625 0.65625 0.090625 0.10625
0 0.18984375 0.55703125 0.1 0.1125
0 0.78828125 0.3609375 0.06875 0.096875
0 0.7046875 0.7390625 0.071875 0.096875
0 0.290625 0.33515625 0.0953125 0.11875
0 0.084375 0.44453125 0.10625 0.121875
0 0.28671875 0.6625 0.0953125 0.10625
0 0.63359375 0.5515625 0.075 0.0984375
0 0.18671875 0.77578125 0.1 0.115625
0 0.7171875 0.3578125 0.06875 0.096875
0 0.64765625 0.35234375 0.078125 0.10625
0 0.2828125 0.87578125 0.09375 0.1140625
0 0.18203125 0.88828125 0.0984375 0.1171875
0 0.9171875 0.36796875 0.059375 0.090625
0 0.28828125 0.44765625 0.0953125 0.1125
0 0.08984375 0.55625 0.10625 0.115625
0 0.38515625 0.340625 0.0890625 0.115625
0 0.08515625 0.7796875 0.10625 0.1171875
0 0.37578125 0.765625 0.090625 0.1078125
0 0.4703125 0.45078125 0.084375 0.10625
0 0.859375 0.3640625 0.065625 0.09375
0 0.78671875 0.45703125 0.06875 0.09375
0 0.19609375 0.44765625 0.1015625 0.1171875
0 0.0859375 0.9 0.10625 0.1203125
0 0.3734375 0.871875 0.090625 0.1125
0 0.628125 0.74453125 0.0765625 0.1015625
0 0.709375 0.55078125 0.0734375 0.096875
0 0.4765625 0.35 0.08125 0.1125
0 0.459375 0.8578125 0.084375 0.10625
0 0.6328125 0.8390625 0.075 0.1015625
0 0.78359375 0.640625 0.0671875 0.09375
0 0.38046875 0.44921875 0.090625 0.1078125
0 0.553125 0.453125 0.08125 0.1
0 0.62890625 0.45390625 0.075 0.103125
0 0.715625 0.45546875 0.075 0.096875
0 0.64296875 0.6484375 0.078125 0.096875
0 0.915625 0.5484375 0.0640625 0.0875
0 0.91796875 0.46015625 0.065625 0.090625
0 0.5625 0.65234375 0.08125 0.1
0 0.8546875 0.5484375 0.065625 0.0921875
0 0.784375 0.54921875 0.06875 0.09375
0 0.5625 0.55234375 0.08125 0.1
0 0.85390625 0.63828125 0.0625 0.0921875
0 0.8578125 0.4609375 0.065625 0.09375
0 0.84921875 0.72421875 0.065625 0.090625
0 0.5515625 0.75234375 0.0796875 0.103125
0 0.77265625 0.82421875 0.06875 0.096875
0 0.77890625 0.73046875 0.0671875 0.09375
0 0.71171875 0.64375 0.071875 0.0953125
0 0.84296875 0.81953125 0.06875 0.09375
0 0.7015625 0.83046875 0.06875 0.096875
0 0.9140625 0.63203125 0.0640625 0.090625
0 0.90859375 0.71953125 0.0625 0.090625
0 0.54453125 0.85234375 0.08125 0.103125
0 0.90390625 0.809375 0.0625 0.09375