0 0.78203125 0.4171875 0.11796875 0.3171875
0 0.28046875 0.4015625 0.10703125 0.2953125
0 0.89140625 0.7296875 0.115625 0.321875
0 0.1921875 0.39453125 0.109375 0.29609375
0 0.90078125 0.41953125 0.121875 0.3265625
0 0.2828125 0.6859375 0.10390625 0.28984375
0 0.0953125 0.67109375 0.1 0.28125
0 0.68203125 0.41484375 0.1078125 0.30625
0 0.38671875 0.4046875 0.10234375 0.29296875
0 0.77734375 0.71875 0.1140625 0.31953125
0 0.3890625 0.690625 0.1015625 0.28984375
0 0.67890625 0.7046875 0.10390625 0.3015625
0 0.4765625 0.69765625 0.1015625 0.2984375
0 0.1953125 0.68046875 0.1 0.2890625
0 0.58515625 0.4125 0.10390625 0.2890625
0 0.584375 0.70546875 0.09921875 0.29453125
0 0.4796875 0.40703125 0.09921875 0.29140625
0 0.0890625 0.3921875 0.1109375 0.29296875