0 0.22265625 0.79296875 0.0578125 0.05859375
0 0.646875 0.71875 0.06328125 0.0609375
0 0.33828125 0.79140625 0.05859375 0.0625
0 0.29375 0.7234375 0.05546875 0.0609375
0 0.5828125 0.71953125 0.0625 0.059375
0 0.5203125 0.65078125 0.05859375 0.0640625
0 0.27890625 0.7921875 0.0578125 0.059375
0 0.6796875 0.45625 0.059375 0.05859375
0 0.8265625 0.64765625 0.0671875 0.059375
0 0.24296875 0.66171875 0.053125 0.05625
0 0.4 0.79453125 0.06171875 0.06015625
0 0.52578125 0.7203125 0.06015625 0.0625
0 0.57734375 0.65 0.0609375 0.06484375
0 0.46171875 0.78984375 0.0609375 0.0625
0 0.74375 0.515625 0.0625 0.059375
0 0.18359375 0.7265625 0.05546875 0.0578125
0 0.34921875 0.59453125 0.0546875 0.05859375
0 0.4640625 0.721875 0.059375 0.0625
0 0.34375 0.45625 0.0453125 0.0453125
0 0.8046875 0.51328125 0.06484375 0.05703125
0 0.709375 0.71875 0.065625 0.059375
0 0.72734375 0.39296875 0.06796875 0.0625
0 0.2390625 0.72421875 0.05703125 0.0625
0 0.6484375 0.78203125 0.06640625 0.06796875
0 0.77109375 0.71484375 0.06640625 0.0640625
0 0.84140625 0.78046875 0.071875 0.0640625
0 0.4046875 0.7203125 0.05859375 0.06484375
0 0.6265625 0.52265625 0.05859375 0.059375
0 0.3890625 0.4078125 0.04453125 0.046875
0 0.40703125 0.65546875 0.05546875 0.0609375
0 0.58359375 0.784375 0.0640625 0.06796875
0 0.40390625 0.59296875 0.05625 0.059375
0 0.190625 0.6609375 0.0515625 0.0578125
0 0.8359375 0.7125 0.06640625 0.06953125
0 0.8796875 0.57421875 0.06796875 0.06171875
0 0.6234375 0.46015625 0.05703125 0.0578125
0 0.515625 0.5875 0.05703125 0.06015625
0 0.434375 0.35859375 0.0453125 0.04296875
0 0.459375 0.5890625 0.05625 0.05703125
0 0.24296875 0.6 0.05234375 0.0578125
0 0.890625 0.64609375 0.06953125 0.0609375
0 0.796875 0.45 0.06171875 0.059375
0 0.68515625 0.51953125 0.06171875 0.06171875
0 0.703125 0.64609375 0.06328125 0.06640625
0 0.73984375 0.45390625 0.0609375 0.0578125
0 0.69375 0.58125 0.0609375 0.06328125
0 0.34921875 0.721875 0.05625 0.0625
0 0.246875 0.5421875 0.05078125 0.05234375
0 0.7109375 0.7828125 0.0671875 0.06796875
0 0.75625 0.5765625 0.06484375 0.06484375
0 0.13828125 0.665625 0.053125 0.0546875
0 0.2953125 0.596875 0.05234375 0.0578125
0 0.52265625 0.78671875 0.06171875 0.06640625
0 0.86796875 0.5140625 0.065625 0.06015625
0 0.6421875 0.64765625 0.06171875 0.0671875
0 0.43515625 0.4015625 0.04453125 0.0484375
0 0.9453125 0.57109375 0.07421875 0.0640625
0 0.81640625 0.57421875 0.06484375 0.06171875
0 0.93359375 0.50625 0.07109375 0.06171875
0 0.5703125 0.5234375 0.05625 0.06171875
0 0.9234375 0.44453125 0.07109375 0.059375
0 0.95703125 0.64453125 0.071875 0.0625
0 0.7890625 0.390625 0.06015625 0.0578125
0 0.08515625 0.66640625 0.0515625 0.0578125
0 0.46328125 0.65390625 0.05703125 0.06171875
0 0.51796875 0.52578125 0.05703125 0.059375
0 0.12890625 0.7265625 0.0546875 0.05625
0 0.57109375 0.3921875 0.0484375 0.04609375
0 0.35 0.65625 0.05546875 0.0609375
0 0.775 0.784375 0.0671875 0.0703125
0 0.3890625 0.45234375 0.04609375 0.04609375
0 0.76328125 0.646875 0.06328125 0.0671875
0 0.5734375 0.58203125 0.059375 0.0625
0 0.296875 0.45859375 0.0453125 0.0453125
0 0.07421875 0.7296875 0.0546875 0.05703125
0 0.61953125 0.3890625 0.04921875 0.0484375
0 0.5671875 0.4625 0.05625 0.05390625
0 0.38828125 0.3609375 0.0453125 0.04453125
0 0.05703125 0.79765625 0.05390625 0.0578125
0 0.165625 0.79375 0.05703125 0.05703125
0 0.34453125 0.4109375 0.04609375 0.0453125
0 0.90859375 0.7796875 0.0703125 0.0640625
0 0.19453125 0.54453125 0.05078125 0.0515625
0 0.25234375 0.4609375 0.04296875 0.04609375
0 0.45703125 0.46875 0.05546875 0.0625
0 0.66875 0.390625 0.0515625 0.0640625
0 0.0234375 0.7296875 0.046875 0.059375
0 0.51171875 0.4671875 0.05546875 0.0515625
0 0.29921875 0.66015625 0.05390625 0.059375
0 0.9015625 0.70703125 0.0734375 0.06875
0 0.1953125 0.5984375 0.05078125 0.05859375
0 0.459375 0.5296875 0.05546875 0.05703125
0 0.634375 0.5796875 0.0609375 0.06328125
0 0.13984375 0.60078125 0.0515625 0.05703125
0 0.35 0.534375 0.05390625 0.05625
0 0.86171875 0.44765625 0.0640625 0.06171875
0 0.34453125 0.36328125 0.04375 0.04453125
0 0.25546875 0.415625 0.0421875 0.046875
0 0.47578125 0.3578125 0.0453125 0.04765625
0 0.20703125 0.4640625 0.04609375 0.04453125
0 0.09140625 0.60390625 0.05234375 0.05703125
0 0.66328125 0.334375 0.04921875 0.05078125
0 0.21328125 0.4171875 0.04296875 0.046875
0 0.4046875 0.5296875 0.05390625 0.05703125
0 0.03125 0.66640625 0.0578125 0.06171875
0 0.2984375 0.41328125 0.04375 0.04609375
0 0.9671875 0.70546875 0.065625 0.0640625
0 0.0328125 0.60546875 0.05625 0.05625
0 0.14375 0.54296875 0.05078125 0.059375
0 0.4765625 0.4 0.04609375 0.0453125
0 0.1109375 0.796875 0.0546875 0.05625
0 0.75859375 0.32734375 0.05078125 0.0515625
0 0.30234375 0.5390625 0.05 0.05546875
0 0.5234375 0.39609375 0.046875 0.04453125
0 0.38515625 0.48671875 0.0484375 0.0328125
0 0.90703125 0.38828125 0.065625 0.05234375
0 0.61640625 0.3390625 0.04765625 0.04921875
0 0.7109375 0.33125 0.05 0.05390625
0 0.1890625 0.325 0.03671875 0.03828125
0 0.225 0.321875 0.0359375 0.040625
0 0.26328125 0.31953125 0.03671875 0.03984375
0 0.3 0.31796875 0.03828125 0.04140625
0 0.33828125 0.31328125 0.0375 0.0421875
0 0.3765625 0.3109375 0.03671875 0.04296875
0 0.41484375 0.30703125 0.04140625 0.0421875
0 0.45390625 0.30546875 0.04140625 0.04296875
0 0.49140625 0.30078125 0.04140625 0.04296875
0 0.53125 0.29765625 0.04375 0.04375
0 0.5703125 0.29453125 0.04375 0.04453125
0 0.6125 0.290625 0.04296875 0.04375
0 0.65546875 0.2875 0.04375 0.0453125
0 0.696875 0.28359375 0.0421875 0.04375
0 0.7390625 0.28125 0.0453125 0.0453125
0 0.7796875 0.27734375 0.04609375 0.0453125
0 0.8234375 0.27421875 0.04609375 0.046875
0 0.8609375 0.32109375 0.0625 0.053125
0 0.80859375 0.325 0.059375 0.05234375
0 0.5671875 0.3421875 0.053125 0.05
0 0.521875 0.3453125 0.0546875 0.04765625
0 0.128125 0.37421875 0.04453125 0.04609375
0 0.1703125 0.37109375 0.04140625 0.04765625
0 0.21171875 0.36875 0.04375 0.04765625
0 0.25546875 0.36484375 0.04296875 0.04921875
0 0.2984375 0.36171875 0.04375 0.0484375
0 0.12265625 0.41953125 0.04375 0.04765625
0 0.165625 0.4171875 0.04609375 0.04765625
0 0.12109375 0.46640625 0.04609375 0.05
0 0.16328125 0.4640625 0.0453125 0.046875
0 0.846875 0.38671875 0.06640625 0.06015625
0 0.03984375 0.54765625 0.0515625 0.05859375
0 0.09296875 0.54453125 0.04765625 0.0578125
0 0.0140625 0.79296875 0.028125 0.06171875
0 0.96953125 0.78125 0.06015625 0.075