0 0.834375 0.36484375 0.0796875 0.1078125
0 0.11015625 0.36171875 0.0765625 0.103125
0 0.6671875 0.6765625 0.0796875 0.11015625
0 0.8421875 0.5734375 0.08359375 0.11015625
0 0.75625 0.678125 0.08359375 0.109375
0 0.2625 0.67421875 0.0796875 0.10859375
0 0.2625 0.3671875 0.07890625 0.10546875
0 0.5890625 0.46875 0.08125 0.10625
0 0.91953125 0.5734375 0.08203125 0.109375
0 0.33671875 0.7765625 0.08046875 0.10859375
0 0.8359375 0.46953125 0.0828125 0.109375
0 0.50078125 0.77890625 0.08046875 0.10859375
0 0.91875 0.36640625 0.08125 0.10703125
0 0.3453125 0.36796875 0.078125 0.10625
0 0.253125 0.7765625 0.0796875 0.109375
0 0.66953125 0.78203125 0.08125 0.10703125
0 0.5828125 0.675 0.08125 0.11015625
0 0.43125 0.36953125 0.07734375 0.10703125
0 0.1890625 0.36875 0.07421875 0.1046875
0 0.75390625 0.78359375 0.08125 0.10546875
0 0.91875 0.67890625 0.0828125 0.1078125
0 0.42421875 0.67265625 0.0796875 0.1109375
0 0.42109375 0.778125 0.08125 0.10859375
0 0.675 0.3703125 0.078125 0.109375
0 0.91640625 0.89453125 0.084375 0.109375
0 0.89140625 0.2890625 0.14140625 0.0625
0 0.1875 0.46875 0.07890625 0.10546875
0 0.91796875 0.7875 0.08515625 0.10703125
0 0.18515625 0.5703125 0.0796875 0.10625
0 0.834375 0.68125 0.08203125 0.10859375
0 0.246875 0.88046875 0.07734375 0.1078125
0 0.1125 0.465625 0.078125 0.10546875
0 0.50625 0.46953125 0.0796875 0.1046875
0 0.17421875 0.87890625 0.07734375 0.10859375
0 0.58125 0.784375 0.08125 0.1078125
0 0.83125 0.78515625 0.0828125 0.1078125
0 0.75859375 0.36640625 0.08046875 0.10859375
0 0.50625 0.365625 0.0796875 0.10859375
0 0.5890625 0.571875 0.08125 0.10703125
0 0.33125 0.8859375 0.0796875 0.10703125
0 0.8296875 0.8953125 0.084375 0.11015625
0 0.5921875 0.36796875 0.0796875 0.10703125
0 0.18046875 0.67265625 0.07890625 0.10703125
0 0.7484375 0.290625 0.140625 0.06015625
0 0.5078125 0.67265625 0.07890625 0.1109375
0 0.0953125 0.87734375 0.0765625 0.11015625
0 0.575 0.89296875 0.07890625 0.1125
0 0.43125 0.471875 0.08046875 0.10390625
0 0.4921875 0.88671875 0.08203125 0.1078125
0 0.7515625 0.89453125 0.08203125 0.11328125
0 0.6609375 0.89375 0.084375 0.1125
0 0.40625 0.884375 0.08125 0.109375
0 0.17421875 0.77421875 0.078125 0.1078125
0 0.1109375 0.56875 0.07734375 0.10546875
0 0.7578125 0.57578125 0.0828125 0.10703125
0 0.75703125 0.471875 0.08046875 0.10546875
0 0.35078125 0.46953125 0.07578125 0.1046875
0 0.46328125 0.29140625 0.13359375 0.05859375
0 0.42890625 0.57265625 0.07578125 0.10390625
0 0.34296875 0.675 0.07890625 0.10859375
0 0.6703125 0.57421875 0.0796875 0.109375
0 0.91796875 0.4703125 0.08203125 0.10859375
0 0.50234375 0.57109375 0.08203125 0.10546875
0 0.10546875 0.6734375 0.0796875 0.10546875
0 0.09921875 0.77578125 0.078125 0.10859375
0 0.67421875 0.47109375 0.07890625 0.10625
0 0.27421875 0.46875 0.07890625 0.10625
0 0.34921875 0.57265625 0.07734375 0.10390625
0 0.60625 0.29140625 0.13984375 0.059375
0 0.271875 0.57109375 0.0796875 0.10625
0 0.32265625 0.2921875 0.13671875 0.06015625