0 0.70859375 0.51640625 0.1234375 0.275
0 0.3265625 0.084375 0.05 0.16875
0 0.37734375 0.08203125 0.05625 0.1640625
0 0.28046875 0.0859375 0.046875 0.171875
0 0.70390625 0.7796875 0.121875 0.275
0 0.11953125 0.45859375 0.078125 0.19375
0 0.19296875 0.6515625 0.06875 0.190625
0 0.696875 0.06875 0.075 0.1375
0 0.8671875 0.059375 0.0875 0.11875
0 0.32578125 0.47421875 0.0875 0.215625
0 0.83515625 0.80703125 0.1375 0.2890625
0 0.2546875 0.66953125 0.075 0.2
0 0.63046875 0.071875 0.06875 0.1421875
0 0.1859375 0.45859375 0.071875 0.2
0 0.77734375 0.0640625 0.078125 0.128125
0 0.49921875 0.73125 0.096875 0.2328125
0 0.5015625 0.078125 0.059375 0.15625
0 0.56171875 0.07578125 0.0609375 0.1515625
0 0.590625 0.75390625 0.109375 0.2515625
0 0.13125 0.6296875 0.075 0.1921875
0 0.33125 0.684375 0.0796875 0.2109375
0 0.25 0.465625 0.078125 0.20625
0 0.41171875 0.71015625 0.084375 0.221875
0 0.85078125 0.540625 0.140625 0.30625
0 0.49765625 0.49296875 0.096875 0.2328125
0 0.59140625 0.50625 0.109375 0.259375
0 0.43984375 0.0796875 0.0578125 0.159375
0 0.40234375 0.4828125 0.0875 0.228125
0 0.2296875 0.08828125 0.04375 0.175
0 0.33046875 0.2625 0.046875 0.175
0 0.28515625 0.2625 0.04375 0.16875
0 0.3765625 0.2625 0.05 0.18125
0 0.234375 0.26171875 0.04375 0.1671875
0 0.4328125 0.26484375 0.053125 0.19375
0 0.853125 0.23984375 0.1 0.24375
0 0.77109375 0.2453125 0.0921875 0.2390625
0 0.69296875 0.24765625 0.084375 0.2296875
0 0.6234375 0.2515625 0.0703125 0.225
0 0.5578125 0.25546875 0.06875 0.2125
0 0.49765625 0.25625 0.0625 0.20625