0 0.47734375 0.8265625 0.109375 0.175
0 0.3828125 0.66640625 0.109375 0.146875
0 0.66015625 0.25234375 0.090625 0.115625
0 0.3765625 0.82890625 0.125 0.178125
0 0.390625 0.396875 0.1 0.128125
0 0.6640625 0.49453125 0.0890625 0.125
0 0.38984375 0.52734375 0.103125 0.134375
0 0.48046875 0.66953125 0.103125 0.1453125
0 0.48984375 0.528125 0.096875 0.134375
0 0.5765625 0.76640625 0.096875 0.140625
0 0.8390625 0.2859375 0.1 0.1328125
0 0.66328125 0.37890625 0.0890625 0.1171875
0 0.5765625 0.1421875 0.084375 0.109375
0 0.5765625 0.628125 0.09375 0.128125
0 0.29296875 0.39765625 0.103125 0.128125
0 0.2734375 0.68984375 0.1125 0.14375
0 0.834375 0.1515625 0.096875 0.1296875
0 0.490625 0.265625 0.0984375 0.125
0 0.48125 0.40078125 0.096875 0.1296875
0 0.85234375 0.5640625 0.1046875 0.15
0 0.30859375 0.1515625 0.09375 0.11875
0 0.6625 0.1421875 0.0875 0.109375
0 0.7671875 0.7609375 0.0984375 0.1375
0 0.39609375 0.27421875 0.096875 0.121875
0 0.84765625 0.42109375 0.103125 0.14375
0 0.66796875 0.63125 0.096875 0.13125
0 0.575 0.2515625 0.084375 0.1125
0 0.8625 0.7078125 0.1015625 0.140625
0 0.575 0.37265625 0.09375 0.134375
0 0.57578125 0.4984375 0.090625 0.1234375
0 0.4890625 0.15 0.09375 0.11875
0 0.30234375 0.27265625 0.103125 0.1234375
0 0.671875 0.76484375 0.096875 0.14375
0 0.271875 0.83359375 0.125 0.153125
0 0.396875 0.15390625 0.0953125 0.121875
0 0.31328125 0.5328125 0.059375 0.15
0 0.57421875 0.878125 0.1 0.084375
0 0.87265625 0.86640625 0.109375 0.1453125
0 0.67265625 0.8828125 0.1046875 0.0875
0 0.7546875 0.49375 0.1 0.128125
0 0.771875 0.8828125 0.103125 0.090625
0 0.74140625 0.14375 0.084375 0.1109375
0 0.74921875 0.3703125 0.096875 0.128125
0 0.759375 0.62265625 0.10625 0.140625
0 0.2484375 0.5296875 0.065625 0.15
0 0.746875 0.25546875 0.09375 0.11875