0 0.56640625 0.36796875 0.175 0.078125
0 0.55078125 0.596875 0.1796875 0.08125
0 0.5515625 0.5265625 0.178125 0.078125
0 0.54609375 0.68125 0.184375 0.08125
0 0.40859375 0.23984375 0.1546875 0.071875
0 0.2484375 0.37734375 0.1453125 0.0703125
0 0.40390625 0.30703125 0.1546875 0.075
0 0.3890625 0.521875 0.1625 0.075
0 0.37109375 0.6703125 0.16875 0.078125
0 0.37265625 0.759375 0.1640625 0.0859375
0 0.39296875 0.44609375 0.1625 0.071875
0 0.5734375 0.2296875 0.175 0.078125
0 0.2234375 0.58984375 0.153125 0.0734375
0 0.5609375 0.44375 0.175 0.075
0 0.39921875 0.375 0.15625 0.071875
0 0.56796875 0.3 0.175 0.078125
0 0.38203125 0.59296875 0.1671875 0.075
0 0.253125 0.3140625 0.14375 0.071875
0 0.21484375 0.66640625 0.153125 0.0765625
0 0.2421875 0.4515625 0.15 0.071875
0 0.234375 0.521875 0.15 0.071875
0 0.54375 0.7734375 0.184375 0.0921875
0 0.57890625 0.1609375 0.171875 0.075
0 0.21015625 0.74921875 0.1484375 0.0796875
0 0.4171875 0.17734375 0.153125 0.075
0 0.2703125 0.24921875 0.1421875 0.0671875
0 0.26796875 0.22109375 0.14375 0.13125