0 0.5453125 0.84453125 0.309375 0.125
0 0.315625 0.33828125 0.25625 0.09375
0 0.24375 0.8421875 0.309375 0.1234375
0 0.5765625 0.33515625 0.265625 0.090625
0 0.30625 0.43203125 0.26875 0.09375
0 0.546875 0.72421875 0.303125 0.1109375
0 0.32578125 0.2515625 0.2578125 0.0921875
0 0.25859375 0.71875 0.30625 0.109375
0 0.33203125 0.1734375 0.253125 0.0890625
0 0.57109375 0.4328125 0.2703125 0.09375
0 0.26796875 0.6140625 0.290625 0.1046875
0 0.55703125 0.62578125 0.290625 0.103125
0 0.2921875 0.521875 0.275 0.096875
0 0.346875 0.08125 0.253125 0.0875
0 0.5828125 0.1734375 0.2546875 0.090625
0 0.57734375 0.253125 0.259375 0.09375
0 0.5875 0.07890625 0.253125 0.09375
0 0.5625 0.525 0.275 0.09375