0 0.415625 0.3890625 0.190625 0.09296875
0 0.42109375 0.47265625 0.1875 0.090625
0 0.2234375 0.47109375 0.19375 0.09140625
0 0.6046875 0.3828125 0.19296875 0.0921875
0 0.21953125 0.3875 0.19296875 0.09453125
0 0.60703125 0.46796875 0.19140625 0.08828125
0 0.38828125 0.61953125 0.10546875 0.046875
0 0.69296875 0.69765625 0.1109375 0.0484375
0 0.58984375 0.61640625 0.10390625 0.046875
0 0.690625 0.615625 0.10859375 0.04765625
0 0.4890625 0.6984375 0.1015625 0.04375
0 0.17890625 0.53671875 0.1078125 0.046875
0 0.76171875 0.39296875 0.07265625 0.13828125
0 0.48515625 0.5359375 0.10546875 0.04765625
0 0.5921875 0.6984375 0.10078125 0.04609375
0 0.4890625 0.61796875 0.10390625 0.04609375
0 0.5859375 0.5328125 0.10703125 0.04765625
0 0.3828125 0.53515625 0.10625 0.046875
0 0.5859375 0.57421875 0.103125 0.04609375
0 0.7640625 0.4984375 0.06796875 0.07890625
0 0.2796875 0.5359375 0.1078125 0.04609375
0 0.6875 0.53203125 0.10703125 0.04609375
0 0.76484375 0.5734375 0.0625 0.078125
0 0.68828125 0.57421875 0.10546875 0.04765625
0 0.48515625 0.578125 0.10625 0.04609375
0 0.38515625 0.57890625 0.10546875 0.04609375
0 0.28359375 0.57890625 0.1109375 0.0453125
0 0.18203125 0.58046875 0.1109375 0.0484375
0 0.1859375 0.62109375 0.10859375 0.0453125
0 0.28515625 0.61953125 0.10703125 0.04609375
0 0.76484375 0.64453125 0.05625 0.07421875
0 0.690625 0.6578125 0.1078125 0.04375
0 0.58984375 0.6578125 0.1078125 0.0421875
0 0.490625 0.65859375 0.10703125 0.04375
0 0.3890625 0.66015625 0.10703125 0.04140625
0 0.2890625 0.66171875 0.10859375 0.04375
0 0.1921875 0.66171875 0.11015625 0.04375
0 0.1953125 0.70234375 0.10859375 0.04453125
0 0.29296875 0.7 0.10625 0.04296875
0 0.3921875 0.6984375 0.11015625 0.0421875
0 0.2015625 0.7421875 0.10703125 0.046875
0 0.29921875 0.73828125 0.10546875 0.04609375
0 0.396875 0.73671875 0.10546875 0.0453125
0 0.49375 0.7359375 0.10390625 0.0453125
0 0.59140625 0.7359375 0.1046875 0.04375
0 0.68984375 0.73671875 0.10546875 0.03984375
0 0.76640625 0.71640625 0.05859375 0.075