0 0.63359375 0.77734375 0.078125 0.1125
0 0.46796875 0.69921875 0.0875 0.1
0 0.64453125 0.2203125 0.0734375 0.09375
0 0.46796875 0.80078125 0.090625 0.1046875
0 0.70703125 0.78125 0.0828125 0.1125
0 0.38984375 0.596875 0.0875 0.0953125
0 0.215625 0.59921875 0.0921875 0.096875
0 0.4671875 0.90234375 0.090625 0.109375
0 0.46796875 0.5984375 0.0875 0.0953125
0 0.515625 0.2484375 0.0515625 0.1359375
0 0.38671875 0.8015625 0.090625 0.10625
0 0.3828125 0.903125 0.096875 0.10625
0 0.2859375 0.90703125 0.0921875 0.10625
0 0.4703125 0.50234375 0.084375 0.0921875
0 0.55390625 0.89296875 0.078125 0.115625
0 0.553125 0.7796875 0.075 0.1125
0 0.57421875 0.3125 0.071875 0.09375
0 0.5703125 0.221875 0.071875 0.090625
0 0.2109375 0.6984375 0.09375 0.0984375
0 0.64921875 0.40078125 0.075 0.096875
0 0.415625 0.25078125 0.05 0.1359375
0 0.38203125 0.69609375 0.090625 0.1
0 0.36640625 0.24609375 0.05625 0.146875
0 0.446875 0.1109375 0.075 0.13125
0 0.64921875 0.31484375 0.075 0.0921875
0 0.296875 0.80234375 0.0921875 0.1046875
0 0.21953125 0.51015625 0.09375 0.09375
0 0.65859375 0.11484375 0.05625 0.115625
0 0.7109375 0.51640625 0.0640625 0.128125
0 0.30546875 0.5109375 0.090625 0.09375
0 0.4640625 0.38359375 0.05625 0.1453125
0 0.2984375 0.7 0.0921875 0.0984375
0 0.3015625 0.6015625 0.09375 0.096875
0 0.7109375 0.8921875 0.084375 0.1125
0 0.3921875 0.5015625 0.0875 0.09375
0 0.63515625 0.8953125 0.0796875 0.115625
0 0.553125 0.11171875 0.053125 0.1296875
0 0.51640625 0.3828125 0.053125 0.14375
0 0.715625 0.38984375 0.065625 0.125
0 0.5734375 0.40390625 0.071875 0.096875
0 0.71171875 0.65078125 0.0625 0.1375
0 0.415625 0.38359375 0.053125 0.14375
0 0.19921875 0.9078125 0.0984375 0.1046875
0 0.2046875 0.80234375 0.096875 0.1
0 0.71171875 0.259375 0.0609375 0.121875
0 0.60859375 0.11484375 0.05625 0.11875
0 0.30546875 0.1109375 0.075 0.13125
0 0.65625 0.52265625 0.059375 0.1296875
0 0.36328125 0.38828125 0.059375 0.1421875
0 0.5421875 0.521875 0.0578125 0.128125
0 0.375 0.10859375 0.08125 0.1375
0 0.54375 0.653125 0.059375 0.134375
0 0.2125 0.2453125 0.05625 0.14375
0 0.2328125 0.38671875 0.1125 0.1453125
0 0.46484375 0.24453125 0.053125 0.140625
0 0.71328125 0.1390625 0.059375 0.128125
0 0.2296875 0.11171875 0.08125 0.128125
0 0.26171875 0.246875 0.159375 0.1375
0 0.31328125 0.38984375 0.053125 0.14375
0 0.26328125 0.24609375 0.075 0.140625
0 0.5953125 0.52265625 0.05625 0.128125
0 0.31484375 0.2453125 0.05625 0.1390625
0 0.50859375 0.11015625 0.053125 0.13125
0 0.65859375 0.65546875 0.065625 0.146875
0 0.6 0.65390625 0.059375 0.1390625