0 0.48359375 0.70859375 0.275 0.1234375
0 0.915625 0.3265625 0.16875 0.05
0 0.91796875 0.37734375 0.1640625 0.05625
0 0.9140625 0.28046875 0.171875 0.046875
0 0.2203125 0.70390625 0.275 0.1234375
0 0.54140625 0.11953125 0.19375 0.078125
0 0.3484375 0.19296875 0.190625 0.06875
0 0.93125 0.696875 0.1375 0.075
0 0.940625 0.8671875 0.11875 0.0875
0 0.52578125 0.32578125 0.215625 0.0875
0 0.19296875 0.83515625 0.2890625 0.1375
0 0.33046875 0.2546875 0.2 0.075
0 0.928125 0.63046875 0.1421875 0.0703125
0 0.54140625 0.1859375 0.2 0.071875
0 0.9359375 0.77734375 0.128125 0.078125
0 0.26875 0.49921875 0.2328125 0.096875
0 0.921875 0.5015625 0.15625 0.059375
0 0.92421875 0.56171875 0.1515625 0.0609375
0 0.24609375 0.590625 0.2515625 0.109375
0 0.3703125 0.13125 0.1921875 0.075
0 0.315625 0.33125 0.2109375 0.0796875
0 0.534375 0.25 0.20625 0.078125
0 0.28984375 0.41171875 0.221875 0.084375
0 0.459375 0.85078125 0.30625 0.140625
0 0.50703125 0.49765625 0.2328125 0.096875
0 0.49375 0.59140625 0.259375 0.109375
0 0.9203125 0.43984375 0.159375 0.0578125
0 0.5171875 0.40234375 0.228125 0.0875
0 0.91171875 0.2296875 0.175 0.04375
0 0.7375 0.33046875 0.175 0.046875
0 0.7375 0.28515625 0.16875 0.04375
0 0.7375 0.3765625 0.18125 0.05
0 0.73828125 0.234375 0.1671875 0.04375
0 0.73515625 0.4328125 0.19375 0.053125
0 0.76015625 0.853125 0.24375 0.1
0 0.7546875 0.77109375 0.2390625 0.0921875
0 0.75234375 0.69296875 0.2296875 0.084375
0 0.7484375 0.6234375 0.225 0.0703125
0 0.74453125 0.5578125 0.2125 0.06875
0 0.74375 0.49765625 0.20625 0.0625