0 0.23203125 0.90234375 0.2734375 0.178125
0 0.47265625 0.36953125 0.1046875 0.1796875
0 0.08515625 0.57109375 0.1578125 0.171875
0 0.08828125 0.3921875 0.16875 0.1640625
0 0.44375 0.715625 0.159375 0.18125
0 0.26875 0.56953125 0.20625 0.1640625
0 0.0921875 0.0734375 0.171875 0.146875
0 0.60234375 0.709375 0.15625 0.1765625
0 0.08828125 0.2328125 0.1625 0.1640625
0 0.05 0.9265625 0.1 0.1453125
0 0.58203125 0.53046875 0.140625 0.165625
0 0.58359375 0.35234375 0.14375 0.1640625
0 0.25859375 0.40390625 0.184375 0.15625
0 0.46484375 0.5421875 0.1 0.1828125
0 0.57734375 0.2015625 0.134375 0.140625
0 0.4609375 0.18828125 0.1 0.1734375
0 0.265625 0.2453125 0.221875 0.1515625
0 0.23515625 0.72265625 0.259375 0.16875
0 0.0609375 0.74765625 0.109375 0.190625
0 0.30546875 0.08671875 0.2625 0.153125
0 0.4921875 0.86171875 0.24375 0.096875
0 0.38046875 0.40234375 0.090625 0.15625
0 0.37421875 0.253125 0.075 0.1546875