0 0.4078125 0.2453125 0.1203125 0.1015625
0 0.28984375 0.328125 0.125 0.0953125
0 0.4078125 0.14375 0.125 0.1125
0 0.615625 0.528125 0.103125 0.075
0 0.715625 0.52421875 0.103125 0.078125
0 0.75078125 0.16875 0.115625 0.103125
0 0.51171875 0.5953125 0.1 0.0734375
0 0.2125 0.53515625 0.071875 0.1421875
0 0.52734375 0.15546875 0.121875 0.109375
0 0.7359375 0.36015625 0.1140625 0.0875
0 0.41015625 0.51171875 0.109375 0.078125
0 0.3125 0.73671875 0.103125 0.0671875
0 0.3046875 0.590625 0.1125 0.078125
0 0.6359375 0.2625 0.115625 0.096875
0 0.81875 0.44296875 0.10625 0.08125
0 0.40859375 0.43046875 0.1109375 0.0828125
0 0.40859375 0.34140625 0.115625 0.09375
0 0.52578125 0.25546875 0.115625 0.096875
0 0.2859375 0.23125 0.128125 0.109375
0 0.5140625 0.525 0.103125 0.078125
0 0.8125 0.52265625 0.1046875 0.075
0 0.62734375 0.34921875 0.1125 0.090625
0 0.2859375 0.12890625 0.13125 0.11875
0 0.6453125 0.15859375 0.1203125 0.1078125
0 0.30078125 0.42265625 0.115625 0.0875
0 0.4109375 0.6609375 0.1015625 0.0703125
0 0.74453125 0.27109375 0.1171875 0.09375
0 0.30625 0.66171875 0.109375 0.0734375
0 0.20078125 0.3796875 0.078125 0.159375
0 0.41171875 0.5921875 0.1046875 0.075
0 0.21953125 0.6703125 0.0671875 0.134375
0 0.31328125 0.86484375 0.096875 0.065625
0 0.86484375 0.18046875 0.1140625 0.096875
0 0.52265625 0.34296875 0.1125 0.090625
0 0.51875 0.43828125 0.109375 0.0875
0 0.84375 0.278125 0.115625 0.0890625
0 0.31171875 0.79609375 0.1 0.065625
0 0.30234375 0.50390625 0.115625 0.08125
0 0.41171875 0.72890625 0.0984375 0.06875
0 0.69140625 0.66640625 0.1015625 0.0703125
0 0.83515625 0.36171875 0.1109375 0.084375
0 0.78515625 0.6625 0.0984375 0.0671875
0 0.79453125 0.5953125 0.103125 0.0734375
0 0.71953125 0.44140625 0.109375 0.0828125
0 0.62421875 0.44453125 0.1125 0.0875
0 0.51015625 0.665625 0.1 0.0671875
0 0.40625 0.7953125 0.0953125 0.0640625
0 0.6046875 0.6046875 0.103125 0.0734375
0 0.50234375 0.8265625 0.09375 0.121875
0 0.590625 0.73984375 0.096875 0.065625
0 0.50234375 0.7296875 0.096875 0.065625
0 0.40546875 0.9171875 0.0890625 0.0625
0 0.4046875 0.8609375 0.09375 0.0625
0 0.18984375 0.2109375 0.078125 0.178125
0 0.58515625 0.85859375 0.090625 0.059375
0 0.59921875 0.671875 0.1 0.06875
0 0.70078125 0.6 0.10625 0.0734375
0 0.765625 0.790625 0.09375 0.0734375
0 0.68203125 0.76171875 0.0953125 0.1203125
0 0.5875 0.796875 0.090625 0.059375
0 0.77265625 0.72421875 0.0984375 0.065625
0 0.315625 0.9265625 0.1 0.0671875
0 0.49921875 0.9109375 0.0859375 0.05625
0 0.5796875 0.9125 0.0859375 0.05625
0 0.67734375 0.79296875 0.0921875 0.0625
0 0.75625 0.8515625 0.0859375 0.059375
0 0.66953125 0.85625 0.084375 0.0625
0 0.5 0.79765625 0.09375 0.0625
0 0.22890625 0.7953125 0.0703125 0.125
0 0.23671875 0.903125 0.06875 0.10625
0 0.66171875 0.9125 0.0921875 0.0671875
0 0.74140625 0.909375 0.0875 0.0671875