0 0.58671875 0.565625 0.3 0.0265625
0 0.5875 0.58984375 0.30625 0.025
0 0.5859375 0.6109375 0.3046875 0.0265625
0 0.58125 0.6359375 0.30625 0.034375
0 0.58671875 0.659375 0.30625 0.0375
0 0.58671875 0.43125 0.2984375 0.034375
0 0.58671875 0.4078125 0.3 0.0375
0 0.5875 0.38125 0.296875 0.04375
0 0.5875 0.35625 0.3046875 0.04375
0 0.3109375 0.48125 0.25625 0.0390625
0 0.5875 0.5453125 0.3046875 0.0265625
0 0.553125 0.52265625 0.2375 0.025
0 0.55546875 0.50078125 0.240625 0.03125
0 0.5546875 0.478125 0.2375 0.0296875
0 0.30703125 0.565625 0.2625 0.0296875
0 0.30625 0.5421875 0.2640625 0.03125
0 0.309375 0.5203125 0.259375 0.03125