0 0.303125 0.5921875 0.10625 0.1
0 0.4484375 0.409375 0.18125 0.0625
0 0.30234375 0.48828125 0.109375 0.1015625
0 0.81328125 0.5359375 0.1875 0.059375
0 0.44765625 0.7046875 0.178125 0.059375
0 0.303125 0.696875 0.10625 0.1015625
0 0.8234375 0.28828125 0.1890625 0.0625
0 0.8015625 0.825 0.178125 0.05625
0 0.44453125 0.82578125 0.18125 0.05625
0 0.81484375 0.4703125 0.1890625 0.059375
0 0.446875 0.59453125 0.18125 0.059375
0 0.8203125 0.34765625 0.1921875 0.0625
0 0.44609375 0.33984375 0.1875 0.0640625
0 0.4484375 0.65 0.1796875 0.05625
0 0.44453125 0.76484375 0.1828125 0.0578125
0 0.45 0.46953125 0.1796875 0.059375
0 0.62265625 0.5953125 0.178125 0.0578125
0 0.62265625 0.7046875 0.178125 0.0578125
0 0.44296875 0.20859375 0.1921875 0.0640625
0 0.63359375 0.34453125 0.1890625 0.065625
0 0.4484375 0.534375 0.1796875 0.05625
0 0.6203125 0.82421875 0.178125 0.0546875
0 0.81640625 0.41328125 0.190625 0.0609375
0 0.62421875 0.65078125 0.178125 0.05625
0 0.63515625 0.27109375 0.1921875 0.065625
0 0.809375 0.59453125 0.1875 0.0578125
0 0.83046875 0.2140625 0.19375 0.065625
0 0.6203125 0.76484375 0.1765625 0.0578125
0 0.62578125 0.53515625 0.178125 0.0578125
0 0.3046875 0.8015625 0.10625 0.096875
0 0.44453125 0.2765625 0.190625 0.0625
0 0.62890625 0.471875 0.1828125 0.0578125
0 0.62734375 0.4140625 0.1859375 0.059375
0 0.63515625 0.20859375 0.1921875 0.06875
0 0.80625 0.70546875 0.184375 0.05625
0 0.8109375 0.65 0.1875 0.05625
0 0.94609375 0.8234375 0.1078125 0.075
0 0.9515625 0.75625 0.096875 0.071875
0 0.80625 0.7640625 0.1796875 0.0578125
0 0.95625 0.68203125 0.0875 0.0734375
0 0.28984375 0.240625 0.1109375 0.1125
0 0.29609375 0.378125 0.1125 0.10625
0 0.95859375 0.6046875 0.08125 0.075
0 0.96328125 0.453125 0.0734375 0.078125
0 0.95859375 0.5328125 0.0828125 0.078125
0 0.96875 0.20546875 0.0625 0.0890625
0 0.96640625 0.37265625 0.065625 0.08125
0 0.9671875 0.29375 0.065625 0.08125