0 0.2703125 0.5328125 0.109375 0.075
0 0.57109375 0.615625 0.1109375 0.0859375
0 0.696875 0.81796875 0.1234375 0.109375
0 0.34609375 0.79921875 0.11875 0.103125
0 0.4671875 0.6125 0.1078125 0.084375
0 0.80234375 0.621875 0.1265625 0.0921875
0 0.4625 0.70390625 0.115625 0.0953125
0 0.24609375 0.696875 0.121875 0.0921875
0 0.36796875 0.5328125 0.10625 0.075
0 0.46015625 0.8125 0.121875 0.1078125
0 0.56640625 0.46171875 0.1 0.071875
0 0.765625 0.3921875 0.1078125 0.06875
0 0.3515625 0.70078125 0.115625 0.0921875
0 0.37734375 0.3890625 0.096875 0.0640625
0 0.5734375 0.70546875 0.1171875 0.0953125
0 0.7890625 0.540625 0.125 0.0828125
0 0.2578125 0.60625 0.1125 0.08125
0 0.68828125 0.7109375 0.121875 0.1015625
0 0.46875 0.5359375 0.1046875 0.078125
0 0.1890625 0.45625 0.103125 0.0703125
0 0.28671875 0.38828125 0.096875 0.0625
0 0.5703125 0.5390625 0.10625 0.078125
0 0.36015625 0.60703125 0.1125 0.084375
0 0.67578125 0.540625 0.1125 0.08125
0 0.66328125 0.39296875 0.0984375 0.065625
0 0.81484375 0.71953125 0.134375 0.1015625
0 0.671875 0.459375 0.109375 0.071875
0 0.67890625 0.61796875 0.121875 0.084375
0 0.5828125 0.8078125 0.121875 0.1078125
0 0.37890625 0.46015625 0.1015625 0.071875
0 0.278125 0.4578125 0.1 0.071875
0 0.5640625 0.39453125 0.096875 0.065625
0 0.64921875 0.11015625 0.084375 0.0484375
0 0.8234375 0.83203125 0.13125 0.1140625
0 0.77890625 0.4625 0.11875 0.075
0 0.75703125 0.3265625 0.103125 0.0625
0 0.2375 0.7953125 0.121875 0.1
0 0.16015625 0.603125 0.115625 0.08125
0 0.46875 0.4625 0.1 0.06875
0 0.47578125 0.2734375 0.0890625 0.05625
0 0.65625 0.26484375 0.090625 0.05625
0 0.65234375 0.21171875 0.090625 0.053125
0 0.390625 0.33046875 0.09375 0.0625
0 0.6609375 0.328125 0.0953125 0.0609375
0 0.171875 0.53046875 0.10625 0.075
0 0.46953125 0.39765625 0.09375 0.0625
0 0.5640625 0.3296875 0.09375 0.0625
0 0.56328125 0.275 0.090625 0.053125
0 0.13359375 0.69296875 0.1140625 0.090625
0 0.40859375 0.16796875 0.08125 0.05
0 0.734375 0.103125 0.0875 0.05
0 0.40234375 0.22109375 0.084375 0.05
0 0.3953125 0.27578125 0.0890625 0.053125
0 0.6484375 0.16015625 0.0859375 0.05
0 0.32734375 0.16796875 0.078125 0.046875
0 0.484375 0.12421875 0.078125 0.046875
0 0.47265625 0.334375 0.090625 0.0625
0 0.30390625 0.33125 0.090625 0.0609375
0 0.4796875 0.221875 0.08125 0.0515625
0 0.33359375 0.12421875 0.078125 0.046875
0 0.41015625 0.121875 0.08125 0.0453125
0 0.48046875 0.16796875 0.08125 0.0484375
0 0.56328125 0.2171875 0.0859375 0.053125
0 0.75078125 0.26328125 0.1 0.0578125
0 0.73828125 0.15078125 0.090625 0.05
0 0.74296875 0.20859375 0.0953125 0.05625
0 0.56484375 0.11953125 0.08125 0.0484375
0 0.31171875 0.26953125 0.0875 0.05625
0 0.19921875 0.3890625 0.0921875 0.0625
0 0.31875 0.22109375 0.084375 0.0515625
0 0.56328125 0.16484375 0.0828125 0.05
0 0.12265625 0.79140625 0.125 0.1
0 0.225 0.278125 0.084375 0.05625
0 0.2359375 0.2234375 0.0890625 0.053125
0 0.2578125 0.1265625 0.096875 0.053125
0 0.21484375 0.33359375 0.103125 0.0640625
0 0.25078125 0.175 0.09375 0.059375