0 0.83359375 0.43046875 0.109375 0.1703125
0 0.55859375 0.59765625 0.0875 0.153125
0 0.8359375 0.27421875 0.109375 0.165625
0 0.4046875 0.88125 0.0828125 0.13125
0 0.30703125 0.5953125 0.096875 0.14375
0 0.73671875 0.278125 0.103125 0.165625
0 0.44921875 0.11484375 0.103125 0.175
0 0.64296875 0.59765625 0.090625 0.153125
0 0.6453125 0.43828125 0.09375 0.1609375
0 0.559375 0.44375 0.090625 0.1609375
0 0.63828125 0.28125 0.1 0.165625
0 0.346875 0.0921875 0.10625 0.103125
0 0.54296875 0.11171875 0.103125 0.178125
0 0.478125 0.878125 0.08125 0.1328125
0 0.40234375 0.7375 0.084375 0.1453125
0 0.47734375 0.7359375 0.084375 0.1421875
0 0.39609375 0.5984375 0.0875 0.153125
0 0.475 0.59375 0.0859375 0.15
0 0.8203125 0.5984375 0.1 0.153125
0 0.64375 0.10703125 0.1015625 0.1828125
0 0.453125 0.2859375 0.0953125 0.1625
0 0.34921875 0.1859375 0.10625 0.096875
0 0.7375 0.43671875 0.096875 0.165625
0 0.3859375 0.43671875 0.09375 0.153125
0 0.7328125 0.59375 0.0953125 0.153125
0 0.3234375 0.875 0.084375 0.134375
0 0.31640625 0.73359375 0.090625 0.1390625
0 0.471875 0.44296875 0.0875 0.159375
0 0.64140625 0.740625 0.0875 0.1421875
0 0.56015625 0.73515625 0.0875 0.140625
0 0.5453125 0.2796875 0.096875 0.165625
0 0.35546875 0.28203125 0.1 0.096875
0 0.74375 0.10703125 0.109375 0.175
0 0.30546875 0.47109375 0.0890625 0.090625
0 0.5578125 0.878125 0.0828125 0.1375
0 0.721875 0.74375 0.090625 0.146875
0 0.2859375 0.325 0.059375 0.15625
0 0.6375 0.878125 0.084375 0.1375
0 0.809375 0.74375 0.096875 0.1453125
0 0.84765625 0.10703125 0.1125 0.165625
0 0.71953125 0.88515625 0.084375 0.1375
0 0.8 0.88125 0.0921875 0.1359375
0 0.2703125 0.1390625 0.071875 0.2125