0 0.3296875 0.78515625 0.134375 0.078125
0 0.3265625 0.8703125 0.134375 0.0828125
0 0.20078125 0.7859375 0.1359375 0.078125
0 0.4609375 0.78046875 0.134375 0.078125
0 0.459375 0.865625 0.1390625 0.08125
0 0.19609375 0.87421875 0.134375 0.08125
0 0.59765625 0.8625 0.134375 0.078125
0 0.59140625 0.7765625 0.1375 0.075
0 0.43359375 0.48046875 0.053125 0.159375
0 0.3859375 0.48359375 0.0515625 0.159375
0 0.6328125 0.328125 0.0515625 0.15
0 0.43515625 0.65 0.05625 0.175
0 0.33046875 0.48046875 0.05 0.1625
0 0.3328125 0.328125 0.0484375 0.15
0 0.62734375 0.178125 0.05 0.14375
0 0.48203125 0.47734375 0.053125 0.159375
0 0.2875 0.3296875 0.05 0.1515625
0 0.38828125 0.18984375 0.0484375 0.14375
0 0.54453125 0.6484375 0.05625 0.175
0 0.5765625 0.32734375 0.05 0.153125
0 0.57421875 0.17421875 0.05 0.14375
0 0.3375 0.18125 0.05 0.140625
0 0.4328125 0.3296875 0.05 0.153125
0 0.17265625 0.65078125 0.059375 0.171875
0 0.4859375 0.646875 0.0546875 0.175
0 0.3859375 0.3328125 0.05 0.153125
0 0.478125 0.3265625 0.0484375 0.15
0 0.29140625 0.1859375 0.05 0.140625
0 0.37734375 0.6515625 0.05625 0.175
0 0.53125 0.32421875 0.05 0.1515625
0 0.221875 0.65 0.059375 0.1765625
0 0.234375 0.3296875 0.053125 0.15
0 0.22734375 0.48125 0.0546875 0.159375
0 0.53046875 0.18125 0.0484375 0.14375
0 0.53671875 0.48203125 0.053125 0.1609375
0 0.478125 0.18359375 0.0484375 0.14375
0 0.3265625 0.6546875 0.053125 0.1796875
0 0.28359375 0.4828125 0.053125 0.1625
0 0.43359375 0.1859375 0.046875 0.14375
0 0.240625 0.18828125 0.05 0.140625
0 0.27109375 0.659375 0.05625 0.175
0 0.19453125 0.190625 0.0546875 0.140625
0 0.584375 0.48125 0.053125 0.159375
0 0.653125 0.6484375 0.05 0.153125
0 0.1875 0.33046875 0.05625 0.1484375
0 0.6421875 0.48125 0.05625 0.1609375
0 0.17890625 0.4875 0.05625 0.159375
0 0.60859375 0.646875 0.053125 0.1546875