0 0.18515625 0.73984375 0.11875 0.134375
0 0.75234375 0.715625 0.10625 0.109375
0 0.6296875 0.5359375 0.121875 0.115625
0 0.28046875 0.64453125 0.0734375 0.1890625
0 0.1875 0.47890625 0.10625 0.125
0 0.5125 0.15390625 0.1234375 0.075
0 0.37578125 0.45078125 0.13125 0.0875
0 0.27734375 0.45859375 0.071875 0.1734375
0 0.51796875 0.77265625 0.134375 0.096875
0 0.375 0.54453125 0.1375 0.09375
0 0.1859375 0.603125 0.1140625 0.1265625
0 0.6453125 0.7609375 0.128125 0.1015625
0 0.63359375 0.6515625 0.128125 0.128125
0 0.74765625 0.590625 0.109375 0.1515625
0 0.3875 0.26328125 0.103125 0.115625
0 0.64765625 0.8625 0.128125 0.1109375
0 0.51328125 0.2328125 0.121875 0.0734375
0 0.521875 0.86953125 0.1359375 0.115625
0 0.3796875 0.74296875 0.140625 0.13125
0 0.840625 0.57890625 0.08125 0.125
0 0.62109375 0.41875 0.11875 0.121875
0 0.509375 0.08671875 0.121875 0.075
0 0.50625 0.45234375 0.1265625 0.0765625
0 0.21015625 0.15078125 0.1 0.08125
0 0.62265625 0.23359375 0.103125 0.09375
0 0.728125 0.4515625 0.09375 0.14375
0 0.3796875 0.63359375 0.1375 0.096875
0 0.371875 0.36171875 0.1328125 0.0875
0 0.50078125 0.30546875 0.125 0.071875
0 0.38125 0.87265625 0.14375 0.140625
0 0.61328125 0.11796875 0.096875 0.140625
0 0.28984375 0.11640625 0.0796875 0.171875
0 0.4984375 0.38203125 0.125 0.071875
0 0.51015625 0.66875 0.13125 0.1265625
0 0.61796875 0.32109375 0.11875 0.071875
0 0.76015625 0.83828125 0.103125 0.1375
0 0.84609375 0.70078125 0.0796875 0.1203125
0 0.18671875 0.35703125 0.109375 0.11875
0 0.5078125 0.56328125 0.13125 0.1484375
0 0.20859375 0.06875 0.1 0.0890625
0 0.715625 0.221875 0.09375 0.140625
0 0.2390625 0.26171875 0.2 0.134375
0 0.796875 0.11484375 0.090625 0.09375
0 0.296875 0.2546875 0.09375 0.1296875
0 0.7984375 0.20703125 0.0890625 0.0921875
0 0.71640625 0.3328125 0.09375 0.09375
0 0.1828125 0.86875 0.11875 0.15
0 0.2765625 0.83828125 0.078125 0.203125
0 0.35390625 0.115625 0.0703125 0.175
0 0.415625 0.1125 0.06875 0.165625
0 0.70703125 0.109375 0.1 0.1
0 0.846875 0.821875 0.09375 0.140625
0 0.815625 0.47265625 0.1 0.09375
0 0.80859375 0.3828125 0.096875 0.1
0 0.8015625 0.2953125 0.09375 0.1