0 0.425 0.7859375 0.2109375 0.0734375
0 0.63046875 0.715625 0.2046875 0.06875
0 0.4171875 0.39453125 0.184375 0.0578125
0 0.61171875 0.50390625 0.190625 0.0625
0 0.62421875 0.64296875 0.2015625 0.065625
0 0.41171875 0.22890625 0.175 0.0515625
0 0.8015625 0.44140625 0.190625 0.059375
0 0.8171875 0.56484375 0.203125 0.065625
0 0.63125 0.784375 0.209375 0.075
0 0.41484375 0.17890625 0.171875 0.053125
0 0.425 0.51484375 0.190625 0.0609375
0 0.41953125 0.71796875 0.2078125 0.06875
0 0.59140625 0.2234375 0.1765625 0.0515625
0 0.61328125 0.44609375 0.1921875 0.0578125
0 0.2609375 0.7671875 0.121875 0.128125
0 0.77890625 0.2765625 0.18125 0.0546875
0 0.42109375 0.6453125 0.2046875 0.06875
0 0.59375 0.2734375 0.178125 0.053125
0 0.42109375 0.5765625 0.196875 0.0625
0 0.28125 0.215625 0.103125 0.0859375
0 0.828125 0.63984375 0.209375 0.0671875
0 0.83828125 0.70546875 0.20625 0.0703125
0 0.26484375 0.6421875 0.121875 0.115625
0 0.41953125 0.44921875 0.1875 0.059375
0 0.78515625 0.32890625 0.184375 0.05625
0 0.8140625 0.49921875 0.1984375 0.059375
0 0.85234375 0.78203125 0.2171875 0.075
0 0.6171875 0.575 0.19375 0.0640625
0 0.58671875 0.175 0.175 0.0515625
0 0.4125 0.278125 0.1796875 0.0546875
0 0.415625 0.3359375 0.18125 0.05625
0 0.27578125 0.53046875 0.1140625 0.10625
0 0.796875 0.38828125 0.184375 0.05625
0 0.60234375 0.33125 0.178125 0.05625
0 0.28046875 0.30625 0.1046875 0.090625
0 0.76953125 0.2203125 0.1765625 0.0484375
0 0.60703125 0.3921875 0.1828125 0.0578125
0 0.75859375 0.16484375 0.175 0.053125
0 0.27578125 0.421875 0.109375 0.103125