0 0.7515625 0.1140625 0.1109375 0.0859375
0 0.2859375 0.465625 0.0515625 0.125
0 0.27734375 0.3375 0.0546875 0.125
0 0.5390625 0.81640625 0.1 0.078125
0 0.8421875 0.67265625 0.1078125 0.0765625
0 0.53984375 0.66171875 0.0984375 0.0765625
0 0.35390625 0.58515625 0.09375 0.071875
0 0.3515625 0.8046875 0.09375 0.0734375
0 0.4453125 0.5140625 0.096875 0.075
0 0.63984375 0.81953125 0.1015625 0.0796875
0 0.54609375 0.12265625 0.1015625 0.075
0 0.44609375 0.20625 0.1 0.0796875
0 0.53828125 0.8890625 0.1 0.0765625
0 0.35234375 0.65859375 0.0921875 0.0734375
0 0.54140625 0.515625 0.1 0.0734375
0 0.353125 0.7296875 0.0921875 0.06875
0 0.6421875 0.74296875 0.103125 0.078125
0 0.6453125 0.36328125 0.103125 0.078125
0 0.64296875 0.4359375 0.1 0.078125
0 0.640625 0.59296875 0.0984375 0.075
0 0.3515625 0.5078125 0.096875 0.071875
0 0.53984375 0.5921875 0.1 0.075
0 0.740625 0.6640625 0.1 0.078125
0 0.84375 0.59765625 0.1078125 0.0765625
0 0.64140625 0.515625 0.1 0.075
0 0.54140625 0.7390625 0.096875 0.075
0 0.6390625 0.90078125 0.103125 0.078125
0 0.8640625 0.11328125 0.109375 0.084375
0 0.64765625 0.1140625 0.109375 0.0828125
0 0.54609375 0.1984375 0.103125 0.0796875
0 0.35234375 0.4359375 0.09375 0.0734375
0 0.74140625 0.82265625 0.103125 0.0765625
0 0.74296875 0.51171875 0.1 0.075
0 0.54375 0.4375 0.096875 0.078125
0 0.7421875 0.90390625 0.103125 0.0796875
0 0.64140625 0.66328125 0.1 0.078125
0 0.44765625 0.58515625 0.096875 0.071875
0 0.73984375 0.584375 0.103125 0.075
0 0.54453125 0.36328125 0.1 0.078125
0 0.28828125 0.5921875 0.05 0.1171875
0 0.35234375 0.21015625 0.0953125 0.0765625
0 0.35078125 0.28203125 0.09375 0.075
0 0.446875 0.28203125 0.1 0.078125
0 0.86015625 0.19375 0.109375 0.0828125
0 0.74140625 0.746875 0.1015625 0.078125
0 0.44609375 0.659375 0.096875 0.075
0 0.4453125 0.43359375 0.1 0.0765625
0 0.35 0.359375 0.096875 0.075
0 0.646875 0.1984375 0.10625 0.08125
0 0.44609375 0.12421875 0.1015625 0.078125
0 0.84296875 0.7515625 0.10625 0.078125
0 0.28359375 0.20625 0.05625 0.13125
0 0.74921875 0.275 0.10625 0.078125
0 0.746875 0.3546875 0.1046875 0.075
0 0.84453125 0.8296875 0.1078125 0.0796875
0 0.74609375 0.4359375 0.1046875 0.075
0 0.44609375 0.73046875 0.096875 0.0734375
0 0.54453125 0.27578125 0.103125 0.08125
0 0.446875 0.35703125 0.0984375 0.075
0 0.84296875 0.90703125 0.10625 0.0765625
0 0.34921875 0.12578125 0.1 0.08125
0 0.75234375 0.196875 0.10625 0.08125
0 0.6453125 0.2765625 0.10625 0.0796875
0 0.84921875 0.5171875 0.1109375 0.0796875
0 0.44375 0.8 0.096875 0.06875
0 0.85546875 0.27578125 0.109375 0.08125
0 0.44609375 0.87734375 0.096875 0.0796875
0 0.84921875 0.4328125 0.1125 0.078125
0 0.34921875 0.8796875 0.096875 0.0765625
0 0.8515625 0.3515625 0.1109375 0.078125
0 0.2890625 0.71171875 0.053125 0.1171875
0 0.28828125 0.83125 0.046875 0.121875