0 0.82265625 0.54453125 0.05546875 0.05703125
0 0.82109375 0.4859375 0.05546875 0.0609375
0 0.28359375 0.62265625 0.06796875 0.0640625
0 0.1453125 0.49453125 0.078125 0.06953125
0 0.21796875 0.49375 0.0734375 0.06796875
0 0.41875 0.42734375 0.06328125 0.0671875
0 0.34765625 0.61953125 0.06484375 0.06484375
0 0.76875 0.5453125 0.05546875 0.05703125
0 0.60625 0.3703125 0.05546875 0.05703125
0 0.54140625 0.55078125 0.059375 0.06328125
0 0.28125 0.35703125 0.071875 0.06953125
0 0.34765625 0.35625 0.06796875 0.0703125
0 0.1515625 0.56171875 0.0765625 0.06953125
0 0.3515625 0.42734375 0.06640625 0.06796875
0 0.3515625 0.74375 0.0625 0.0609375
0 0.275 0.91953125 0.07265625 0.06640625
0 0.53125 0.6703125 0.05859375 0.0609375
0 0.71015625 0.48671875 0.05703125 0.06171875
0 0.21171875 0.353125 0.07421875 0.0734375
0 0.475 0.67421875 0.059375 0.0625
0 0.4203125 0.49140625 0.06328125 0.06484375
0 0.653125 0.4875 0.05703125 0.0609375
0 0.765625 0.4859375 0.05625 0.06171875
0 0.53984375 0.490625 0.05859375 0.0609375
0 0.52890625 0.61328125 0.05859375 0.0578125
0 0.478125 0.49140625 0.0609375 0.0640625
0 0.65234375 0.546875 0.0578125 0.06015625
0 0.2875 0.4921875 0.06875 0.065625
0 0.4765625 0.42890625 0.06171875 0.06640625
0 0.146875 0.696875 0.075 0.06640625
0 0.47734375 0.36015625 0.0625 0.0734375
0 0.22265625 0.55859375 0.071875 0.06640625
0 0.21796875 0.6953125 0.071875 0.065625
0 0.596875 0.4890625 0.05703125 0.0609375
0 0.8640625 0.709375 0.0546875 0.05625
0 0.4171875 0.3578125 0.06484375 0.07109375
0 0.53984375 0.42890625 0.06015625 0.06328125
0 0.74921875 0.659375 0.053125 0.05546875
0 0.140625 0.6265625 0.0765625 0.0671875
0 0.590625 0.78359375 0.05625 0.059375
0 0.71171875 0.37109375 0.0515625 0.0546875
0 0.825 0.26484375 0.05 0.05078125
0 0.6421875 0.66484375 0.053125 0.05703125
0 0.8015625 0.6578125 0.0546875 0.05546875
0 0.1390625 0.425 0.08125 0.0734375
0 0.13359375 0.34921875 0.078125 0.0734375
0 0.2 0.9265625 0.0734375 0.06796875
0 0.2078125 0.2796875 0.075 0.07578125
0 0.659375 0.371875 0.05390625 0.05859375
0 0.48046875 0.55078125 0.0609375 0.059375
0 0.4734375 0.73515625 0.0609375 0.05859375
0 0.6125 0.24921875 0.05625 0.06640625
0 0.215625 0.62890625 0.0703125 0.065625
0 0.87265625 0.36953125 0.05078125 0.05859375
0 0.290625 0.5578125 0.06640625 0.06640625
0 0.7125 0.54609375 0.05859375 0.059375
0 0.87578125 0.48671875 0.053125 0.0578125
0 0.2890625 0.42734375 0.0703125 0.0703125
0 0.38125 0.2953125 0.0625 0.05625
0 0.55390625 0.24765625 0.05625 0.06640625
0 0.80234375 0.60234375 0.05390625 0.05078125
0 0.65390625 0.4328125 0.05859375 0.05078125
0 0.21484375 0.425 0.075 0.07265625
0 0.35546875 0.5546875 0.065625 0.06484375
0 0.2859375 0.68671875 0.06796875 0.06484375
0 0.27578125 0.28203125 0.06953125 0.07734375
0 0.41484375 0.6140625 0.0625 0.06484375
0 0.8515625 0.6 0.05234375 0.05234375
0 0.4703125 0.6140625 0.059375 0.06015625
0 0.8171875 0.31640625 0.05234375 0.05625
0 0.55390625 0.3125 0.05546875 0.05625
0 0.41328125 0.73984375 0.06171875 0.0609375
0 0.59609375 0.4296875 0.05859375 0.0609375
0 0.77421875 0.2640625 0.05078125 0.04921875
0 0.76328125 0.315625 0.05078125 0.05859375
0 0.91953125 0.42890625 0.05 0.0609375
0 0.15234375 0.759375 0.07421875 0.0625
0 0.34453125 0.9140625 0.06953125 0.059375
0 0.9234375 0.37109375 0.04921875 0.05703125
0 0.87109375 0.265625 0.05078125 0.05390625
0 0.496875 0.24453125 0.05859375 0.06875
0 0.8765625 0.54375 0.0515625 0.05625
0 0.54296875 0.8921875 0.06484375 0.065625
0 0.759375 0.3703125 0.05390625 0.05234375
0 0.12578125 0.275 0.0859375 0.08125
0 0.4765625 0.89453125 0.065625 0.06328125
0 0.421875 0.5546875 0.06328125 0.06328125
0 0.86953125 0.428125 0.05078125 0.059375
0 0.69921875 0.6640625 0.0546875 0.053125
0 0.9046875 0.6 0.0515625 0.05390625
0 0.28671875 0.74765625 0.0671875 0.0609375
0 0.8140625 0.8203125 0.0515625 0.05078125
0 0.71328125 0.315625 0.05078125 0.05859375
0 0.1984375 0.8546875 0.075 0.0703125
0 0.60859375 0.31328125 0.0546875 0.0609375
0 0.640625 0.6078125 0.05546875 0.05859375
0 0.58515625 0.6125 0.05625 0.053125
0 0.590625 0.7265625 0.05625 0.05859375
0 0.69921875 0.7203125 0.05390625 0.05546875
0 0.128125 0.93203125 0.07421875 0.071875
0 0.596875 0.54765625 0.0546875 0.06015625
0 0.44140625 0.29765625 0.059375 0.053125
0 0.35 0.6828125 0.0640625 0.06328125
0 0.7484375 0.715625 0.05390625 0.05625
0 0.353125 0.4921875 0.06484375 0.06640625
0 0.4125 0.6796875 0.06171875 0.0625
0 0.64609375 0.72265625 0.0546875 0.0578125
0 0.8203125 0.428125 0.05390625 0.059375
0 0.75 0.60625 0.05234375 0.05234375
0 0.66875 0.253125 0.05390625 0.06640625
0 0.5875 0.66875 0.05625 0.0625
0 0.92109375 0.48828125 0.046875 0.05234375
0 0.47578125 0.8328125 0.06484375 0.06640625
0 0.8 0.7671875 0.05390625 0.053125
0 0.553125 0.36953125 0.0546875 0.06015625
0 0.34375 0.84453125 0.0703125 0.06796875
0 0.66171875 0.31796875 0.05234375 0.05390625
0 0.71015625 0.428125 0.05546875 0.06015625
0 0.746875 0.771875 0.053125 0.05234375
0 0.69765625 0.60703125 0.0546875 0.053125
0 0.85390625 0.7640625 0.05703125 0.05234375
0 0.4984375 0.309375 0.0578125 0.05859375
0 0.5390625 0.78828125 0.05703125 0.0578125
0 0.92109375 0.54296875 0.04765625 0.05390625
0 0.76640625 0.42890625 0.05703125 0.0578125
0 0.53203125 0.73203125 0.05703125 0.05703125
0 0.8078125 0.71171875 0.05859375 0.05390625
0 0.2734375 0.8515625 0.071875 0.06640625
0 0.909375 0.81328125 0.0484375 0.0484375
0 0.221875 0.75390625 0.06953125 0.06328125
0 0.43828125 0.2390625 0.0609375 0.06953125
0 0.125 0.865625 0.07734375 0.06953125
0 0.86484375 0.315625 0.05078125 0.0484375
0 0.4140625 0.84453125 0.06640625 0.06796875
0 0.378125 0.2359375 0.0609375 0.06953125
0 0.8625 0.815625 0.04921875 0.05078125
0 0.82109375 0.3671875 0.05546875 0.05859375
0 0.71953125 0.253125 0.05078125 0.0640625
0 0.76328125 0.8234375 0.05078125 0.05078125
0 0.91640625 0.70625 0.0421875 0.05234375
0 0.4109375 0.90234375 0.0671875 0.06328125
0 0.6484375 0.7796875 0.05390625 0.05078125
0 0.69921875 0.77734375 0.05234375 0.0515625
0 0.3140625 0.23046875 0.0640625 0.0703125
0 0.24921875 0.21953125 0.0671875 0.0578125
0 0.18359375 0.215625 0.07109375 0.0578125
0 0.11328125 0.2109375 0.07109375 0.05859375
0 0.32890625 0.29140625 0.03984375 0.06015625
0 0.853125 0.6515625 0.05390625 0.05703125
0 0.9046875 0.64921875 0.05078125 0.05546875
0 0.91328125 0.75703125 0.05 0.0546875
0 0.7125 0.82421875 0.05234375 0.05703125
0 0.66015625 0.87265625 0.05859375 0.06484375
0 0.603125 0.88515625 0.059375 0.06796875