0 0.8265625 0.1703125 0.16015625 0.15390625
0 0.6765625 0.17578125 0.13828125 0.14609375
0 0.54453125 0.359375 0.0671875 0.2234375
0 0.39140625 0.5640625 0.0625 0.20703125
0 0.46875 0.359375 0.06640625 0.21953125
0 0.334375 0.55390625 0.0578125 0.2015625
0 0.33671875 0.35078125 0.06015625 0.20546875
0 0.5375 0.575 0.0671875 0.21640625
0 0.6046875 0.5828125 0.07109375 0.22421875
0 0.7765625 0.3640625 0.08203125 0.2421875
0 0.8640625 0.36171875 0.0890625 0.246875
0 0.3953125 0.35625 0.06484375 0.21484375
0 0.75703125 0.84375 0.0796875 0.246875
0 0.27265625 0.346875 0.0578125 0.20078125
0 0.853125 0.6078125 0.084375 0.2515625
0 0.69140625 0.3625 0.07734375 0.23515625
0 0.278125 0.54609375 0.05625 0.196875
0 0.7640625 0.60390625 0.08046875 0.2421875
0 0.21875 0.34375 0.053125 0.19375
0 0.46484375 0.565625 0.06640625 0.20546875
0 0.2734375 0.73515625 0.05703125 0.1984375
0 0.6171875 0.35625 0.071875 0.22265625
0 0.68359375 0.59296875 0.0765625 0.23046875
0 0.21640625 0.53984375 0.0546875 0.19296875
0 0.53671875 0.17890625 0.12734375 0.13203125
0 0.6765625 0.82734375 0.0765625 0.2390625
0 0.59609375 0.80546875 0.07265625 0.2234375
0 0.52265625 0.7890625 0.06796875 0.2140625
0 0.8453125 0.8578125 0.084375 0.2546875
0 0.3953125 0.18984375 0.1140625 0.12421875
0 0.29140625 0.1921875 0.10390625 0.11875
0 0.4546875 0.7765625 0.0640625 0.21171875
0 0.1609375 0.52734375 0.0546875 0.19140625
0 0.21640625 0.7265625 0.0546875 0.19375
0 0.190625 0.18671875 0.10078125 0.11484375
0 0.33046875 0.74765625 0.0578125 0.20078125
0 0.38515625 0.7671875 0.06171875 0.2015625
0 0.16328125 0.3390625 0.053125 0.190625
0 0.15859375 0.71953125 0.05078125 0.1890625