0 0.8484375 0.4203125 0.190625 0.05625
0 0.334375 0.4203125 0.103125 0.096875
0 0.4609375 0.734375 0.2 0.06875
0 0.8640625 0.53984375 0.2 0.0609375
0 0.3015625 0.7546875 0.128125 0.1203125
0 0.85234375 0.4765625 0.1984375 0.0609375
0 0.6609375 0.25234375 0.1765625 0.0515625
0 0.8375 0.24765625 0.1875 0.0546875
0 0.4796875 0.309375 0.1765625 0.05625
0 0.46875 0.6015625 0.190625 0.0625
0 0.45859375 0.8046875 0.209375 0.06875
0 0.6625 0.5390625 0.1953125 0.059375
0 0.8453125 0.359375 0.1859375 0.059375
0 0.84140625 0.30703125 0.1875 0.053125
0 0.66796875 0.81640625 0.209375 0.071875
0 0.66640625 0.66640625 0.2015625 0.065625
0 0.32265625 0.52578125 0.109375 0.1
0 0.34375 0.3171875 0.103125 0.09375
0 0.665625 0.7390625 0.203125 0.06875
0 0.66171875 0.6078125 0.1984375 0.0625
0 0.4703125 0.5375 0.1828125 0.059375
0 0.66328125 0.31015625 0.18125 0.053125
0 0.83515625 0.19609375 0.184375 0.053125
0 0.46484375 0.66171875 0.19375 0.0640625
0 0.8640625 0.603125 0.209375 0.065625
0 0.31953125 0.63515625 0.1171875 0.1078125
0 0.478125 0.4203125 0.178125 0.0546875
0 0.659375 0.47578125 0.190625 0.059375
0 0.48125 0.25078125 0.175 0.053125
0 0.88203125 0.74453125 0.221875 0.0703125
0 0.65703125 0.20078125 0.175 0.0546875
0 0.87578125 0.67109375 0.2109375 0.0671875
0 0.8828125 0.8234375 0.2171875 0.075
0 0.47421875 0.475 0.18125 0.05625
0 0.48203125 0.2015625 0.1734375 0.053125
0 0.4828125 0.36015625 0.18125 0.0578125
0 0.6578125 0.4203125 0.1875 0.05
0 0.66171875 0.3609375 0.184375 0.05625
0 0.3453125 0.22265625 0.1046875 0.090625