0 0.60859375 0.65625 0.10703125 0.24296875
0 0.51171875 0.63984375 0.0953125 0.22734375
0 0.51953125 0.409375 0.09921875 0.2359375
0 0.3375 0.37734375 0.09140625 0.21640625
0 0.715625 0.6796875 0.11484375 0.2546875
0 0.72578125 0.434375 0.11796875 0.25859375
0 0.840625 0.6953125 0.12265625 0.25703125
0 0.17890625 0.359375 0.0796875 0.20703125
0 0.425 0.3953125 0.0921875 0.228125
0 0.11015625 0.346875 0.0765625 0.20390625
0 0.11640625 0.53671875 0.075 0.19765625
0 0.61953125 0.42421875 0.10546875 0.2421875
0 0.18359375 0.55703125 0.08125 0.21328125
0 0.25703125 0.365625 0.08203125 0.2109375
0 0.25859375 0.571875 0.08125 0.203125
0 0.3390625 0.590625 0.08515625 0.2125
0 0.85625 0.44921875 0.12890625 0.27890625
0 0.42421875 0.6078125 0.08984375 0.2203125