0 0.78515625 0.6703125 0.07734375 0.13359375
0 0.8703125 0.6734375 0.08203125 0.134375
0 0.7859375 0.79921875 0.07734375 0.1359375
0 0.78046875 0.5390625 0.078125 0.13359375
0 0.865625 0.540625 0.08046875 0.1390625
0 0.87421875 0.80390625 0.08125 0.134375
0 0.8625 0.40234375 0.07734375 0.13515625
0 0.7765625 0.40859375 0.07578125 0.13671875
0 0.48046875 0.56640625 0.16015625 0.05234375
0 0.48359375 0.6140625 0.159375 0.0515625
0 0.328125 0.3671875 0.15078125 0.0515625
0 0.65 0.56484375 0.17421875 0.05546875
0 0.48046875 0.66953125 0.16171875 0.05078125
0 0.328125 0.6671875 0.15078125 0.0484375
0 0.178125 0.37265625 0.14296875 0.04921875
0 0.47734375 0.51796875 0.159375 0.05234375
0 0.3296875 0.7125 0.1515625 0.05078125
0 0.18984375 0.61171875 0.14375 0.0484375
0 0.6484375 0.45546875 0.175 0.05703125
0 0.32734375 0.4234375 0.15234375 0.05
0 0.17421875 0.42578125 0.14296875 0.05
0 0.18125 0.6625 0.140625 0.04921875
0 0.3296875 0.5671875 0.15234375 0.04921875
0 0.65078125 0.82734375 0.17265625 0.06015625
0 0.646875 0.5140625 0.17421875 0.0546875
0 0.3328125 0.6140625 0.15234375 0.04921875
0 0.3265625 0.521875 0.15078125 0.0484375
0 0.1859375 0.70859375 0.14140625 0.05078125
0 0.6515625 0.62265625 0.17578125 0.05546875
0 0.32421875 0.46875 0.1515625 0.04921875
0 0.65 0.778125 0.1765625 0.05859375
0 0.3296875 0.765625 0.15 0.05234375
0 0.48125 0.77265625 0.159375 0.0546875
0 0.18125 0.46953125 0.14296875 0.0484375
0 0.48203125 0.46328125 0.1609375 0.05234375
0 0.18359375 0.521875 0.14375 0.0484375
0 0.6546875 0.6734375 0.1796875 0.05390625
0 0.4828125 0.71640625 0.16171875 0.053125
0 0.1859375 0.56640625 0.14453125 0.04765625
0 0.18828125 0.759375 0.13984375 0.05078125
0 0.659375 0.72890625 0.175 0.05625
0 0.190625 0.80546875 0.13984375 0.0546875
0 0.48125 0.415625 0.16015625 0.053125
0 0.6484375 0.346875 0.153125 0.05078125
0 0.33046875 0.8125 0.1484375 0.05625
0 0.48125 0.3578125 0.1609375 0.05625
0 0.4875 0.82109375 0.16015625 0.05625
0 0.646875 0.39140625 0.1546875 0.053125