0 0.26171875 0.8953125 0.1125 0.08125
0 0.2640625 0.46875 0.1125 0.08125
0 0.26484375 0.22109375 0.1125 0.08125
0 0.26640625 0.64609375 0.1109375 0.0796875
0 0.259375 0.053125 0.1140625 0.08125
0 0.578125 0.23203125 0.10625 0.08125
0 0.57578125 0.14765625 0.10625 0.08125
0 0.77890625 0.8046875 0.10625 0.08125
0 0.7796875 0.40234375 0.10625 0.075
0 0.47109375 0.48671875 0.103125 0.08125
0 0.78359375 0.07890625 0.1046875 0.08125
0 0.2609375 0.134375 0.115625 0.08125
0 0.47109375 0.56171875 0.10625 0.078125
0 0.67890625 0.14921875 0.10625 0.0796875
0 0.675 0.7984375 0.10625 0.0796875
0 0.26640625 0.5609375 0.1109375 0.08125
0 0.26171875 0.81171875 0.1125 0.0828125
0 0.678125 0.2359375 0.10625 0.0796875
0 0.67734375 0.31875 0.10625 0.078125
0 0.36796875 0.8953125 0.109375 0.08125
0 0.67578125 0.8875 0.10625 0.0828125
0 0.3671875 0.31015625 0.1078125 0.08125
0 0.67890625 0.075 0.10625 0.08125
0 0.7796875 0.4765625 0.10625 0.078125
0 0.5734375 0.5609375 0.103125 0.0765625
0 0.7828125 0.31796875 0.103125 0.078125
0 0.778125 0.71484375 0.1046875 0.078125
0 0.88203125 0.71953125 0.103125 0.08125
0 0.7796875 0.8921875 0.10625 0.0796875
0 0.5734375 0.81171875 0.10625 0.08125
0 0.7796875 0.64140625 0.103125 0.078125
0 0.78046875 0.5578125 0.103125 0.078125
0 0.675 0.63984375 0.1046875 0.08125
0 0.47109375 0.0640625 0.109375 0.08125
0 0.25859375 0.30625 0.1125 0.08125
0 0.3671875 0.73125 0.1078125 0.08125
0 0.47109375 0.81484375 0.10625 0.08125
0 0.67421875 0.55546875 0.1078125 0.078125
0 0.2640625 0.3921875 0.115625 0.08125
0 0.47265625 0.23046875 0.1078125 0.08125
0 0.78046875 0.2375 0.103125 0.078125
0 0.265625 0.73203125 0.1125 0.0796875
0 0.3703125 0.39609375 0.1109375 0.08125
0 0.675 0.4734375 0.10625 0.078125
0 0.88828125 0.078125 0.10625 0.078125
0 0.8890625 0.1609375 0.10625 0.08125
0 0.88203125 0.80390625 0.1046875 0.0796875
0 0.88359375 0.559375 0.1046875 0.078125
0 0.365625 0.05859375 0.1109375 0.08125
0 0.8828125 0.88984375 0.103125 0.08125
0 0.36796875 0.56171875 0.1078125 0.08125
0 0.67578125 0.40078125 0.10625 0.0765625
0 0.4734375 0.14296875 0.1078125 0.0828125
0 0.88515625 0.32421875 0.1 0.078125
0 0.36484375 0.1375 0.109375 0.08125
0 0.575 0.484375 0.10625 0.0875
0 0.7828125 0.1546875 0.103125 0.0796875
0 0.884375 0.40625 0.1 0.078125
0 0.4703125 0.8953125 0.10625 0.078125
0 0.36640625 0.81328125 0.109375 0.0828125
0 0.675 0.715625 0.10625 0.078125
0 0.37109375 0.47265625 0.109375 0.0796875
0 0.471875 0.31484375 0.1078125 0.078125
0 0.3671875 0.64921875 0.109375 0.078125
0 0.5734375 0.31875 0.10625 0.08125
0 0.57734375 0.0671875 0.10625 0.08125
0 0.3703125 0.22421875 0.1125 0.08125
0 0.5765625 0.6421875 0.1015625 0.08125
0 0.88828125 0.23828125 0.10625 0.08125
0 0.4734375 0.6453125 0.1046875 0.08125
0 0.88671875 0.64296875 0.1046875 0.0796875
0 0.8859375 0.47890625 0.103125 0.075
0 0.475 0.39921875 0.1046875 0.0796875
0 0.47109375 0.7234375 0.109375 0.0796875
0 0.57578125 0.890625 0.10625 0.084375
0 0.57421875 0.7203125 0.10625 0.08125
0 0.5765625 0.39921875 0.1046875 0.078125