0 0.565625 0.41328125 0.0265625 0.30078125
0 0.58984375 0.4125 0.025 0.30625
0 0.6109375 0.4140625 0.0265625 0.3046875
0 0.6359375 0.41875 0.034375 0.30625
0 0.659375 0.41328125 0.0375 0.30625
0 0.43125 0.41328125 0.03515625 0.2984375
0 0.4078125 0.41328125 0.0375 0.30078125
0 0.38125 0.4125 0.04375 0.296875
0 0.35625 0.4125 0.04296875 0.3046875
0 0.48125 0.6890625 0.0390625 0.25625
0 0.5453125 0.4125 0.0265625 0.3046875
0 0.52265625 0.446875 0.025 0.23671875
0 0.50078125 0.44453125 0.03046875 0.240625
0 0.478125 0.4453125 0.0296875 0.23671875
0 0.565625 0.69296875 0.0296875 0.26328125
0 0.5421875 0.69375 0.03125 0.2640625
0 0.5203125 0.690625 0.03125 0.259375