0 0.7921875 0.12265625 0.1171875 0.16953125
0 0.24765625 0.20234375 0.07578125 0.1203125
0 0.6875 0.425 0.10703125 0.13515625
0 0.78984375 0.81171875 0.10703125 0.13203125
0 0.93203125 0.4125 0.1265625 0.1484375
0 0.17421875 0.209375 0.0671875 0.11484375
0 0.6859375 0.5546875 0.1046875 0.13046875
0 0.80859375 0.4140625 0.1171875 0.14296875
0 0.92265625 0.5578125 0.12578125 0.1453125
0 0.6859375 0.2828125 0.1078125 0.14375
0 0.40234375 0.1859375 0.0796875 0.128125
0 0.9171875 0.69140625 0.12265625 0.1375
0 0.590625 0.42578125 0.090625 0.12734375
0 0.796875 0.68828125 0.11328125 0.13828125
0 0.42578125 0.7578125 0.0796875 0.11328125
0 0.5921875 0.778125 0.09296875 0.12421875
0 0.5796875 0.296875 0.1 0.13515625
0 0.325 0.196875 0.075 0.121875
0 0.9296875 0.26953125 0.12578125 0.16015625
0 0.509375 0.65703125 0.08671875 0.11640625
0 0.4890625 0.30625 0.09296875 0.12734375
0 0.575 0.15703125 0.09765625 0.14609375
0 0.5828125 0.54765625 0.09609375 0.125
0 0.68515625 0.67421875 0.103125 0.12890625
0 0.40390625 0.4265625 0.0859375 0.1203125
0 0.4 0.30859375 0.08203125 0.12421875
0 0.80390625 0.559375 0.1140625 0.140625
0 0.78984375 0.925 0.10234375 0.13515625
0 0.92109375 0.1125 0.1296875 0.16953125
0 0.5921875 0.66953125 0.09140625 0.121875
0 0.50390625 0.42421875 0.08984375 0.1234375
0 0.49296875 0.5484375 0.08515625 0.11953125
0 0.67578125 0.14140625 0.1046875 0.153125
0 0.690625 0.909375 0.096875 0.13046875
0 0.59609375 0.89609375 0.0921875 0.121875
0 0.11328125 0.43203125 0.0671875 0.10546875
0 0.4796875 0.16796875 0.0875 0.13984375
0 0.41015625 0.54375 0.08671875 0.11328125
0 0.684375 0.796875 0.09765625 0.125
0 0.31953125 0.31875 0.07890625 0.11640625
0 0.1109375 0.325 0.06796875 0.10859375
0 0.18515625 0.42890625 0.0703125 0.10625
0 0.80546875 0.275 0.1171875 0.1515625
0 0.34296875 0.64765625 0.08125 0.1078125
0 0.428125 0.64921875 0.0828125 0.1140625
0 0.25078125 0.43203125 0.07734375 0.11328125
0 0.5109375 0.88125 0.08828125 0.1234375
0 0.12734375 0.53046875 0.0703125 0.1015625
0 0.50390625 0.76796875 0.0859375 0.1171875
0 0.4296875 0.86640625 0.0828125 0.1109375
0 0.240625 0.32421875 0.07109375 0.115625
0 0.17265625 0.3234375 0.06875 0.1109375
0 0.046875 0.33359375 0.059375 0.1015625
0 0.109375 0.21875 0.06875 0.1125
0 0.0796875 0.61875 0.0640625 0.09375
0 0.05390625 0.43359375 0.0640625 0.1015625
0 0.91171875 0.82734375 0.12421875 0.13203125
0 0.0390625 0.22578125 0.078125 0.11328125
0 0.2703125 0.640625 0.07265625 0.10078125
0 0.18984375 0.53125 0.07421875 0.1109375
0 0.0609375 0.53203125 0.0609375 0.09921875
0 0.91484375 0.9359375 0.15078125 0.115625
0 0.32109375 0.428125 0.08984375 0.11796875
0 0.259375 0.5328125 0.08984375 0.11875
0 0.328125 0.5390625 0.09609375 0.11875