0 0.47421875 0.584375 0.1140625 0.215625
0 0.278125 0.58359375 0.1171875 0.2140625
0 0.36875 0.5828125 0.09375 0.215625
0 0.7046875 0.8203125 0.1328125 0.2375
0 0.67109375 0.58671875 0.121875 0.21875
0 0.27890625 0.3703125 0.1140625 0.2078125
0 0.47421875 0.36640625 0.115625 0.2140625
0 0.16484375 0.1578125 0.11875 0.2125
0 0.36796875 0.36484375 0.09375 0.215625
0 0.16328125 0.37109375 0.115625 0.20625
0 0.2765625 0.78125 0.115625 0.221875
0 0.67265625 0.36640625 0.121875 0.215625
0 0.471875 0.78828125 0.11875 0.2359375
0 0.5765625 0.803125 0.121875 0.23125
0 0.565625 0.35546875 0.090625 0.225
0 0.340625 0.15078125 0.0703125 0.1984375
0 0.365625 0.79609375 0.09375 0.23125
0 0.784375 0.5890625 0.13125 0.221875
0 0.8046875 0.828125 0.1 0.2375
0 0.58359375 0.19765625 0.084375 0.109375
0 0.6265625 0.09140625 0.171875 0.0921875
0 0.45390625 0.09140625 0.165625 0.0921875
0 0.78359375 0.35859375 0.125 0.221875
0 0.159375 0.77734375 0.1234375 0.21875
0 0.56328125 0.57734375 0.0921875 0.2234375
0 0.16640625 0.5703125 0.1171875 0.2171875
0 0.50546875 0.19921875 0.084375 0.1109375
0 0.6671875 0.19765625 0.090625 0.1125
0 0.41953125 0.19375 0.0859375 0.1171875
0 0.2703125 0.1578125 0.0921875 0.209375
0 0.7515625 0.17265625 0.0859375 0.15