0 0.52265625 0.4234375 0.078125 0.075
0 0.4484375 0.3484375 0.0765625 0.0796875
0 0.38359375 0.4203125 0.0703125 0.071875
0 0.7546875 0.42109375 0.084375 0.078125
0 0.52265625 0.49609375 0.071875 0.06875
0 0.78125 0.14765625 0.1 0.1046875
0 0.4421875 0.16484375 0.0796875 0.09375
0 0.44453125 0.26328125 0.078125 0.0875
0 0.37734375 0.3421875 0.0734375 0.075
0 0.6890625 0.14375 0.09375 0.103125
0 0.45 0.42734375 0.0734375 0.075
0 0.525 0.1578125 0.0828125 0.096875
0 0.52265625 0.34140625 0.0796875 0.08125
0 0.60234375 0.15390625 0.090625 0.10625
0 0.3671875 0.2609375 0.075 0.084375
0 0.66875 0.4859375 0.0765625 0.071875
0 0.59921875 0.41875 0.078125 0.0765625
0 0.67265625 0.4140625 0.08125 0.078125
0 0.76015625 0.3390625 0.0890625 0.084375
0 0.45859375 0.6203125 0.065625 0.059375
0 0.6796875 0.33046875 0.0875 0.084375
0 0.5234375 0.25078125 0.08125 0.0890625
0 0.32421875 0.49453125 0.06875 0.065625
0 0.36015625 0.1734375 0.0796875 0.09375
0 0.39296875 0.5546875 0.065625 0.065625
0 0.596875 0.33671875 0.08125 0.08125
0 0.68515625 0.240625 0.090625 0.090625
0 0.45390625 0.496875 0.06875 0.0671875
0 0.3140625 0.428125 0.06875 0.06875
0 0.525 0.559375 0.06875 0.0609375
0 0.6640625 0.55546875 0.075 0.0625
0 0.5234375 0.62109375 0.065625 0.059375
0 0.4609375 0.67734375 0.0625 0.0546875
0 0.45625 0.56171875 0.065625 0.065625
0 0.5921875 0.4859375 0.075 0.06875
0 0.396875 0.61484375 0.0640625 0.059375
0 0.4109375 0.771875 0.05625 0.05
0 0.38671875 0.4890625 0.06875 0.065625
0 0.65546875 0.6765625 0.06875 0.053125
0 0.71171875 0.79296875 0.06875 0.0515625
0 0.74296875 0.49453125 0.084375 0.075
0 0.59921875 0.253125 0.084375 0.090625
0 0.30859375 0.35390625 0.0734375 0.071875
0 0.659375 0.61953125 0.071875 0.0625
0 0.73515625 0.565625 0.08125 0.06875
0 0.7265625 0.6875 0.071875 0.05625
0 0.5234375 0.678125 0.065625 0.0546875
0 0.7734375 0.25 0.096875 0.090625
0 0.29921875 0.27578125 0.075 0.08125
0 0.58671875 0.78359375 0.0625 0.05
0 0.5875 0.6765625 0.065625 0.05625
0 0.3296875 0.55625 0.0625 0.0609375
0 0.58984375 0.55546875 0.0703125 0.0625
0 0.65078125 0.73515625 0.065625 0.053125
0 0.58828125 0.73203125 0.0625 0.053125
0 0.64921875 0.784375 0.065625 0.053125
0 0.52578125 0.7796875 0.0625 0.0484375
0 0.4078125 0.721875 0.0578125 0.05
0 0.5890625 0.61796875 0.06875 0.059375
0 0.58125 0.83515625 0.0609375 0.0484375
0 0.4640625 0.73046875 0.059375 0.0515625
0 0.5265625 0.73359375 0.0640625 0.05
0 0.52578125 0.8328125 0.0609375 0.0484375
0 0.34140625 0.66796875 0.059375 0.053125
0 0.40390625 0.6703125 0.0625 0.05
0 0.3359375 0.61328125 0.0625 0.05625
0 0.64375 0.83515625 0.0609375 0.046875
0 0.7265625 0.63046875 0.075 0.059375
0 0.28671875 0.1796875 0.075 0.090625
0 0.4140625 0.8203125 0.053125 0.05
0 0.4671875 0.8203125 0.05625 0.05
0 0.71640625 0.7421875 0.06875 0.05
0 0.34609375 0.71640625 0.0625 0.05
0 0.7015625 0.84375 0.0671875 0.046875
0 0.4640625 0.7765625 0.0578125 0.046875
0 0.35078125 0.76953125 0.059375 0.046875
0 0.35625 0.81328125 0.059375 0.05