0 0.48125 0.31640625 0.15625 0.128125
0 0.728125 0.43515625 0.178125 0.1375
0 0.85625 0.2765625 0.203125 0.15
0 0.8859375 0.7390625 0.1375 0.1640625
0 0.76796875 0.7296875 0.103125 0.15625
0 0.55859375 0.43984375 0.15625 0.128125
0 0.403125 0.44921875 0.146875 0.115625
0 0.13203125 0.446875 0.121875 0.1078125
0 0.634375 0.57578125 0.11875 0.1453125
0 0.43359375 0.56640625 0.096875 0.134375
0 0.8828125 0.88984375 0.1328125 0.165625
0 0.63515625 0.8625 0.1125 0.1484375
0 0.890625 0.58046875 0.1375 0.159375
0 0.459375 0.703125 0.1015625 0.134375
0 0.65390625 0.30234375 0.178125 0.1375
0 0.66953125 0.7203125 0.09375 0.14375
0 0.103125 0.55 0.0734375 0.121875
0 0.65546875 0.18125 0.171875 0.146875
0 0.56640625 0.70703125 0.1078125 0.1421875
0 0.75859375 0.8796875 0.1234375 0.1578125
0 0.8953125 0.4234375 0.1359375 0.1625
0 0.18671875 0.675 0.0828125 0.125
0 0.33515625 0.23046875 0.13125 0.096875
0 0.33046875 0.3359375 0.1421875 0.115625
0 0.340625 0.5671875 0.084375 0.1296875
0 0.209375 0.3375 0.096875 0.1109375
0 0.48203125 0.20078125 0.15625 0.1375
0 0.5296875 0.83984375 0.1015625 0.1390625
0 0.11640625 0.34296875 0.0875 0.10625
0 0.53125 0.5734375 0.103125 0.1328125
0 0.25078125 0.56484375 0.0875 0.1296875
0 0.42890625 0.83203125 0.090625 0.1375
0 0.853125 0.14609375 0.203125 0.1609375
0 0.26796875 0.44609375 0.134375 0.1109375
0 0.7609375 0.57578125 0.121875 0.1515625
0 0.3578125 0.69765625 0.09375 0.13125
0 0.1671875 0.79609375 0.0625 0.121875
0 0.16796875 0.559375 0.065625 0.1234375
0 0.24375 0.809375 0.08125 0.125
0 0.1015625 0.6703125 0.0796875 0.1203125
0 0.10703125 0.2359375 0.075 0.10625
0 0.33203125 0.82265625 0.0875 0.13125
0 0.10390625 0.78359375 0.071875 0.121875
0 0.2078125 0.24296875 0.11875 0.0796875
0 0.2671875 0.68828125 0.08125 0.128125