0 0.203125 0.39765625 0.08046875 0.0765625
0 0.44453125 0.54921875 0.07734375 0.078125
0 0.5984375 0.6203125 0.0765625 0.078125
0 0.671875 0.61875 0.0765625 0.07890625
0 0.4453125 0.6234375 0.078125 0.0796875
0 0.66953125 0.54609375 0.07578125 0.075
0 0.28359375 0.4 0.0796875 0.075
0 0.20078125 0.4734375 0.08359375 0.08125
0 0.52890625 0.70234375 0.07890625 0.0828125
0 0.665625 0.47109375 0.07578125 0.0734375
0 0.828125 0.6171875 0.08046875 0.078125
0 0.6921875 0.7765625 0.07734375 0.084375
0 0.20234375 0.71328125 0.08515625 0.0875
0 0.20625 0.55390625 0.08359375 0.07890625
0 0.74921875 0.61796875 0.0765625 0.07734375
0 0.2046875 0.634375 0.084375 0.084375
0 0.11640625 0.39921875 0.08359375 0.07890625
0 0.4484375 0.70390625 0.08046875 0.0828125
0 0.11796875 0.55390625 0.0859375 0.08125
0 0.52109375 0.62265625 0.07734375 0.07578125
0 0.7421875 0.5453125 0.07578125 0.0765625
0 0.36171875 0.403125 0.0765625 0.07578125
0 0.115625 0.471875 0.084375 0.0796875
0 0.2796875 0.47109375 0.0796875 0.07734375
0 0.28359375 0.5515625 0.08125 0.08046875
0 0.59609375 0.54609375 0.0765625 0.078125
0 0.88671875 0.4703125 0.0765625 0.071875
0 0.4390625 0.47109375 0.07734375 0.0734375
0 0.365625 0.62890625 0.08203125 0.08203125
0 0.74375 0.4703125 0.07265625 0.071875
0 0.8109375 0.4703125 0.075 0.07265625
0 0.8078125 0.40546875 0.0765625 0.0703125
0 0.7296875 0.4046875 0.071875 0.071875
0 0.88984375 0.5453125 0.07734375 0.07265625
0 0.28359375 0.7078125 0.08515625 0.084375
0 0.3625 0.471875 0.07890625 0.07578125
0 0.28203125 0.6328125 0.0828125 0.08203125
0 0.58984375 0.4703125 0.07578125 0.0734375
0 0.11484375 0.63203125 0.08671875 0.084375
0 0.11484375 0.71640625 0.08828125 0.08515625
0 0.81328125 0.54453125 0.0734375 0.071875
0 0.5125 0.47109375 0.07578125 0.0734375
0 0.5828125 0.40078125 0.07265625 0.071875
0 0.91015625 0.76953125 0.075 0.07890625
0 0.36640625 0.54921875 0.08203125 0.078125
0 0.45078125 0.78671875 0.08046875 0.08671875
0 0.609375 0.7796875 0.0796875 0.08515625
0 0.43984375 0.403125 0.0765625 0.075
0 0.90703125 0.61875 0.08359375 0.07421875
0 0.66171875 0.4046875 0.075 0.071875
0 0.36953125 0.70859375 0.0796875 0.084375
0 0.76171875 0.6921875 0.078125 0.078125
0 0.84140625 0.690625 0.07734375 0.07578125
0 0.11328125 0.8 0.0875 0.08671875
0 0.36796875 0.7875 0.08203125 0.0859375
0 0.5328125 0.7828125 0.07890625 0.08515625
0 0.6046875 0.69609375 0.07890625 0.08125
0 0.88515625 0.40390625 0.07265625 0.07109375
0 0.6859375 0.69453125 0.0796875 0.0796875
0 0.2890625 0.79296875 0.08671875 0.08828125
0 0.76796875 0.77421875 0.07734375 0.08359375
0 0.91171875 0.6890625 0.0765625 0.075
0 0.515625 0.403125 0.07421875 0.07421875
0 0.521875 0.54765625 0.07421875 0.078125
0 0.20625 0.79609375 0.0859375 0.08828125
0 0.8421875 0.77109375 0.075 0.0796875