0 0.74765625 0.83671875 0.08125 0.0859375
0 0.56640625 0.67265625 0.0765625 0.075
0 0.6609375 0.834375 0.090625 0.0859375
0 0.56953125 0.746875 0.08125 0.078125
0 0.56875 0.603125 0.078125 0.0703125
0 0.4890625 0.67265625 0.071875 0.0734375
0 0.64375 0.40546875 0.071875 0.0625
0 0.73671875 0.6734375 0.08125 0.0765625
0 0.4 0.825 0.071875 0.0796875
0 0.48515625 0.82734375 0.075 0.0828125
0 0.73203125 0.60078125 0.08125 0.0734375
0 0.7421875 0.75546875 0.078125 0.08125
0 0.71796875 0.403125 0.0703125 0.0609375
0 0.6640625 0.91953125 0.09375 0.0890625
0 0.33828125 0.671875 0.071875 0.071875
0 0.41640625 0.67109375 0.075 0.071875
0 0.40625 0.74453125 0.071875 0.0765625
0 0.65703125 0.74609375 0.0828125 0.0796875
0 0.6390625 0.34921875 0.0703125 0.059375
0 0.32421875 0.82265625 0.071875 0.078125
0 0.75546875 0.925 0.0875 0.090625
0 0.26796875 0.67421875 0.071875 0.071875
0 0.25859375 0.74375 0.0671875 0.071875
0 0.48828125 0.74609375 0.075 0.078125
0 0.4921875 0.60546875 0.071875 0.0671875
0 0.25234375 0.81953125 0.075 0.078125
0 0.33125 0.74296875 0.0703125 0.075
0 0.565625 0.5375 0.075 0.0671875
0 0.42109375 0.6046875 0.0703125 0.065625
0 0.56796875 0.47109375 0.071875 0.065625
0 0.1859375 0.7421875 0.071875 0.0734375
0 0.19375 0.67421875 0.06875 0.071875
0 0.64609375 0.465625 0.075 0.065625
0 0.34453125 0.60625 0.06875 0.065625
0 0.6453125 0.53359375 0.075 0.0671875
0 0.6515625 0.67109375 0.075 0.075
0 0.715625 0.34375 0.071875 0.0609375
0 0.56875 0.35390625 0.06875 0.0625
0 0.4953125 0.54140625 0.071875 0.0640625
0 0.17109375 0.890625 0.071875 0.08125
0 0.64609375 0.60078125 0.0734375 0.071875
0 0.240625 0.89453125 0.071875 0.0796875
0 0.5703125 0.8296875 0.0875 0.084375
0 0.31953125 0.89921875 0.075 0.08125
0 0.178125 0.81640625 0.071875 0.0765625
0 0.6375 0.29296875 0.0671875 0.05625
0 0.7265625 0.52890625 0.078125 0.0671875
0 0.56875 0.2984375 0.065625 0.059375
0 0.3546875 0.4796875 0.0625 0.059375
0 0.42734375 0.478125 0.0671875 0.0609375
0 0.56875 0.91640625 0.0828125 0.0875
0 0.3515625 0.54296875 0.06875 0.0625
0 0.4296875 0.4234375 0.065625 0.059375
0 0.21640625 0.54765625 0.071875 0.0640625
0 0.278125 0.60390625 0.0703125 0.065625
0 0.725 0.4625 0.075 0.0640625
0 0.49609375 0.47734375 0.06875 0.0640625
0 0.4234375 0.53984375 0.071875 0.0625
0 0.20703125 0.6046875 0.071875 0.065625
0 0.29765625 0.43046875 0.06875 0.059375
0 0.28359375 0.546875 0.0703125 0.0640625
0 0.290625 0.484375 0.071875 0.059375
0 0.30703125 0.325 0.059375 0.0546875
0 0.30078125 0.378125 0.0671875 0.0578125
0 0.4765625 0.9109375 0.0765625 0.0875
0 0.36015625 0.41875 0.065625 0.0703125
0 0.5671875 0.41640625 0.06875 0.0625
0 0.40078125 0.90625 0.078125 0.084375
0 0.36796875 0.3203125 0.065625 0.0546875
0 0.71796875 0.28515625 0.0796875 0.0625
0 0.309375 0.27578125 0.059375 0.053125
0 0.36328125 0.375 0.06875 0.065625
0 0.63828125 0.2390625 0.071875 0.0578125
0 0.37578125 0.26796875 0.0625 0.0515625
0 0.43359375 0.3171875 0.059375 0.053125
0 0.70546875 0.0890625 0.071875 0.0578125
0 0.70703125 0.1359375 0.071875 0.0578125
0 0.7125 0.18515625 0.075 0.059375
0 0.71484375 0.234375 0.078125 0.0625
0 0.63828125 0.09609375 0.0671875 0.0546875
0 0.63828125 0.14296875 0.0703125 0.059375
0 0.640625 0.18828125 0.06875 0.05625
0 0.5734375 0.10703125 0.065625 0.059375
0 0.5734375 0.15390625 0.065625 0.05625
0 0.571875 0.2015625 0.06875 0.0609375
0 0.57265625 0.24921875 0.06875 0.0625
0 0.509375 0.1125 0.065625 0.0578125
0 0.50859375 0.16171875 0.0671875 0.059375
0 0.50703125 0.2109375 0.0671875 0.0578125
0 0.50546875 0.259375 0.0671875 0.0625
0 0.50390625 0.31171875 0.0703125 0.05625
0 0.50390625 0.3640625 0.071875 0.0640625
0 0.50078125 0.41796875 0.071875 0.059375
0 0.4484375 0.11953125 0.0640625 0.053125
0 0.4453125 0.16484375 0.0625 0.05625
0 0.44140625 0.21328125 0.06875 0.059375
0 0.43828125 0.2625 0.0671875 0.059375
0 0.43359375 0.36796875 0.0703125 0.059375
0 0.390625 0.128125 0.0625 0.05625
0 0.3859375 0.17265625 0.065625 0.053125
0 0.3828125 0.21953125 0.065625 0.053125
0 0.33203125 0.13828125 0.065625 0.053125
0 0.328125 0.18125 0.065625 0.053125
0 0.321875 0.2265625 0.06875 0.0546875
0 0.228125 0.48828125 0.075 0.0625
0 0.23671875 0.43203125 0.071875 0.059375
0 0.24296875 0.37890625 0.0703125 0.059375
0 0.25078125 0.32890625 0.06875 0.05625
0 0.2578125 0.2796875 0.06875 0.059375
0 0.23046875 0.14140625 0.075 0.05625
0 0.2390625 0.09453125 0.071875 0.059375
0 0.24609375 0.05 0.06875 0.05625