0 0.609375 0.8234375 0.128125 0.1140625
0 0.7375 0.84296875 0.146875 0.125
0 0.36796875 0.81015625 0.1203125 0.1015625
0 0.6046875 0.71953125 0.1234375 0.1
0 0.31171875 0.38515625 0.0953125 0.06875
0 0.38828125 0.534375 0.1015625 0.08125
0 0.71875 0.62890625 0.128125 0.090625
0 0.3859375 0.615625 0.1078125 0.0875
0 0.29375 0.534375 0.103125 0.078125
0 0.596875 0.53828125 0.115625 0.084375
0 0.3796875 0.70859375 0.115625 0.09375
0 0.18828125 0.60078125 0.109375 0.08125
0 0.603125 0.6234375 0.11875 0.0890625
0 0.59375 0.4546875 0.1078125 0.078125
0 0.48671875 0.54296875 0.1046875 0.0828125
0 0.48515625 0.62734375 0.109375 0.0875
0 0.728125 0.72421875 0.134375 0.10625
0 0.1578125 0.78125 0.121875 0.096875
0 0.484375 0.71640625 0.115625 0.096875
0 0.8171875 0.45234375 0.121875 0.078125
0 0.2859375 0.6109375 0.1078125 0.084375
0 0.59453125 0.38046875 0.1015625 0.071875
0 0.80703125 0.37109375 0.11875 0.075
0 0.30703125 0.453125 0.1 0.0734375
0 0.396875 0.453125 0.1046875 0.075
0 0.496875 0.39453125 0.1 0.075
0 0.2171875 0.45625 0.096875 0.071875
0 0.83046875 0.5390625 0.134375 0.090625
0 0.1703125 0.68828125 0.11875 0.0875
0 0.49453125 0.4609375 0.1 0.0703125
0 0.5890625 0.196875 0.090625 0.06875
0 0.6984375 0.37265625 0.1125 0.06875
0 0.275 0.7015625 0.115625 0.090625
0 0.86953125 0.73984375 0.15 0.1109375
0 0.7125 0.534375 0.121875 0.0875
0 0.59375 0.31484375 0.0953125 0.065625
0 0.7 0.44765625 0.115625 0.0765625
0 0.853125 0.63203125 0.1484375 0.096875
0 0.49921875 0.1515625 0.08125 0.053125
0 0.428125 0.11171875 0.078125 0.05
0 0.25703125 0.7984375 0.11875 0.103125
0 0.4078125 0.38046875 0.096875 0.0671875
0 0.49375 0.32265625 0.09375 0.065625
0 0.49453125 0.26015625 0.0875 0.059375
0 0.68984375 0.309375 0.103125 0.06875
0 0.50078125 0.10625 0.0796875 0.053125
0 0.41328125 0.321875 0.090625 0.059375
0 0.496875 0.2078125 0.0875 0.0546875
0 0.20390625 0.53203125 0.1015625 0.075
0 0.765625 0.07265625 0.103125 0.065625
0 0.41328125 0.26484375 0.0859375 0.05625
0 0.78125 0.18125 0.109375 0.0828125
0 0.484375 0.81328125 0.125 0.109375
0 0.228125 0.3859375 0.09375 0.065625
0 0.6828125 0.24375 0.1 0.0546875
0 0.58671875 0.1453125 0.084375 0.059375
0 0.58359375 0.096875 0.0828125 0.053125
0 0.325 0.3265625 0.090625 0.0578125
0 0.678125 0.19296875 0.096875 0.059375
0 0.67265625 0.08203125 0.09375 0.06875
0 0.34765625 0.16640625 0.0765625 0.05625
0 0.425 0.159375 0.08125 0.05
0 0.79609375 0.30625 0.1171875 0.065625
0 0.9015625 0.8578125 0.18125 0.1359375
0 0.4171875 0.21015625 0.084375 0.053125
0 0.2828125 0.1296875 0.0828125 0.059375
0 0.3328125 0.26640625 0.08125 0.05625
0 0.77421875 0.121875 0.103125 0.071875
0 0.78671875 0.23984375 0.11875 0.071875
0 0.6796875 0.13203125 0.0984375 0.075
0 0.590625 0.25078125 0.0984375 0.071875
0 0.2484375 0.328125 0.096875 0.06875
0 0.25703125 0.2734375 0.0890625 0.06875
0 0.2671875 0.22265625 0.0859375 0.0625
0 0.275 0.175 0.084375 0.0625
0 0.34140625 0.21640625 0.090625 0.0640625
0 0.35390625 0.11953125 0.08125 0.0625