0 0.67421875 0.39921875 0.1375 0.06796875
0 0.54453125 0.40390625 0.12421875 0.0625
0 0.81796875 0.5296875 0.1578125 0.07109375
0 0.54296875 0.27265625 0.12890625 0.0796875
0 0.815625 0.46015625 0.159375 0.07109375
0 0.671875 0.4609375 0.13828125 0.06484375
0 0.31875 0.34609375 0.1078125 0.06328125
0 0.6703125 0.52734375 0.13671875 0.06875
0 0.41796875 0.459375 0.11171875 0.0578125
0 0.80859375 0.5921875 0.1578125 0.07109375
0 0.42734375 0.34140625 0.1109375 0.0609375
0 0.6515625 0.85234375 0.13984375 0.08203125
0 0.52421875 0.8234375 0.12578125 0.07890625
0 0.425 0.28125 0.11796875 0.07578125
0 0.81875 0.38828125 0.16171875 0.06953125
0 0.54296875 0.4609375 0.12421875 0.0625
0 0.5375 0.525 0.1203125 0.06328125
0 0.6671875 0.5875 0.13828125 0.06640625
0 0.31953125 0.46015625 0.1015625 0.05625
0 0.54609375 0.33984375 0.125 0.06328125
0 0.67265625 0.26328125 0.14375 0.0828125
0 0.52734375 0.765625 0.12578125 0.06875
0 0.665625 0.65390625 0.13828125 0.06875
0 0.80078125 0.8 0.1578125 0.09765625
0 0.22265625 0.35078125 0.09765625 0.06328125
0 0.3171875 0.40390625 0.109375 0.06796875
0 0.221875 0.4046875 0.0921875 0.059375
0 0.5390625 0.58046875 0.1234375 0.0625
0 0.425 0.40078125 0.11484375 0.06953125
0 0.6625 0.7140625 0.13828125 0.06953125
0 0.31171875 0.7390625 0.10234375 0.05390625
0 0.53046875 0.7 0.12265625 0.06875
0 0.22109375 0.46015625 0.0890625 0.0515625
0 0.80703125 0.665625 0.15625 0.07578125
0 0.41484375 0.6359375 0.11171875 0.059375
0 0.66015625 0.78046875 0.1390625 0.078125
0 0.80390625 0.7359375 0.15703125 0.0765625
0 0.41171875 0.74765625 0.11015625 0.0796875
0 0.8234375 0.24765625 0.165625 0.09140625
0 0.5375 0.64609375 0.1234375 0.0671875
0 0.42109375 0.51640625 0.11484375 0.06640625
0 0.3125 0.68046875 0.1015625 0.059375
0 0.42109375 0.5734375 0.11328125 0.05859375
0 0.2109375 0.76875 0.0953125 0.0734375
0 0.21875 0.615625 0.096875 0.0625
0 0.3140625 0.56953125 0.10390625 0.06640625
0 0.221875 0.29296875 0.09921875 0.06640625
0 0.31796875 0.51875 0.103125 0.05703125
0 0.4171875 0.71015625 0.11015625 0.103125
0 0.31796875 0.2890625 0.10703125 0.07109375
0 0.41328125 0.80234375 0.11171875 0.0703125
0 0.21640625 0.66796875 0.0984375 0.0671875
0 0.21328125 0.7171875 0.09609375 0.071875
0 0.30703125 0.7859375 0.10546875 0.07734375
0 0.21875 0.5625 0.0953125 0.06328125
0 0.22109375 0.51015625 0.096875 0.06171875
0 0.3109375 0.6234375 0.109375 0.0703125
0 0.6703125 0.32734375 0.14375 0.08125
0 0.81953125 0.315625 0.16328125 0.0796875
0 0.79921875 0.86640625 0.15859375 0.0984375