0 0.759375 0.90859375 0.14375 0.171875
0 0.25703125 0.84296875 0.128125 0.13125
0 0.50078125 0.8734375 0.128125 0.1625
0 0.84453125 0.55 0.1 0.15625
0 0.62265625 0.74765625 0.1296875 0.1453125
0 0.74140625 0.621875 0.1296875 0.13125
0 0.83203125 0.3984375 0.0984375 0.14375
0 0.49921875 0.13046875 0.071875 0.1140625
0 0.4890625 0.2546875 0.0875 0.128125
0 0.5125 0.48515625 0.1125 0.1125
0 0.62421875 0.4921875 0.1171875 0.115625
0 0.875 0.71171875 0.11875 0.18125
0 0.2703125 0.72421875 0.1265625 0.11875
0 0.16015625 0.709375 0.125 0.115625
0 0.7328125 0.4953125 0.11875 0.11875
0 0.57265625 0.2578125 0.084375 0.128125
0 0.41796875 0.3703125 0.10625 0.1125
0 0.62265625 0.6078125 0.121875 0.125
0 0.30859375 0.41640625 0.10625 0.096875
0 0.51328125 0.36875 0.109375 0.109375
0 0.2890625 0.6140625 0.1203125 0.1078125
0 0.73359375 0.38828125 0.1125 0.109375
0 0.38125 0.725 0.125 0.1375
0 0.43359375 0.1296875 0.0828125 0.1125
0 0.39375 0.5984375 0.11875 0.125
0 0.1859375 0.59921875 0.125 0.103125
0 0.29921875 0.5078125 0.1140625 0.1
0 0.65546875 0.2703125 0.08125 0.1203125
0 0.40703125 0.4890625 0.1109375 0.1125
0 0.74765625 0.759375 0.134375 0.1515625
0 0.21640625 0.40859375 0.115625 0.0953125
0 0.50546875 0.59765625 0.11875 0.1265625
0 0.62421875 0.89296875 0.1359375 0.1703125
0 0.31796875 0.325 0.109375 0.0875
0 0.503125 0.73203125 0.125 0.140625
0 0.22265625 0.31640625 0.1125 0.090625
0 0.7390625 0.27421875 0.090625 0.1234375
0 0.8234375 0.265625 0.1 0.128125
0 0.378125 0.859375 0.1265625 0.1375
0 0.23671875 0.228125 0.1078125 0.0875
0 0.62578125 0.3765625 0.1125 0.10625
0 0.1421875 0.83046875 0.134375 0.125
0 0.2046875 0.5 0.1140625 0.096875
0 0.41640625 0.25625 0.0859375 0.1328125
0 0.575 0.13359375 0.08125 0.11875
0 0.33203125 0.2296875 0.10625 0.096875
0 0.91015625 0.90078125 0.165625 0.19375
0 0.78984375 0.14140625 0.134375 0.14375
0 0.296875 0.12734375 0.0859375 0.125
0 0.66796875 0.14375 0.1109375 0.1171875
0 0.36328125 0.1296875 0.084375 0.115625
0 0.23671875 0.128125 0.084375 0.11875