0 0.3921875 0.5359375 0.1046875 0.1078125
0 0.390625 0.43359375 0.103125 0.1
0 0.41640625 0.81796875 0.09375 0.1625
0 0.484375 0.53671875 0.1 0.1
0 0.5765625 0.8 0.075 0.159375
0 0.57578125 0.33125 0.09375 0.09375
0 0.66796875 0.51796875 0.078125 0.128125
0 0.328125 0.82265625 0.096875 0.1640625
0 0.65546875 0.803125 0.084375 0.1546875
0 0.65546875 0.65234375 0.078125 0.140625
0 0.190625 0.43125 0.115625 0.103125
0 0.74609375 0.70078125 0.10625 0.096875
0 0.75390625 0.40546875 0.071875 0.115625
0 0.4171875 0.659375 0.0875 0.1453125
0 0.57421875 0.65078125 0.08125 0.14375
0 0.28828125 0.53828125 0.1125 0.109375
0 0.49296875 0.65859375 0.084375 0.14375
0 0.4859375 0.3390625 0.0953125 0.0953125
0 0.48671875 0.4359375 0.096875 0.103125
0 0.671875 0.4109375 0.09375 0.096875
0 0.66484375 0.3265625 0.090625 0.078125
0 0.58203125 0.4296875 0.096875 0.1
0 0.584375 0.52734375 0.0984375 0.09375
0 0.29609375 0.43515625 0.109375 0.103125
0 0.75 0.81171875 0.109375 0.1203125
0 0.49765625 0.809375 0.0875 0.1578125
0 0.40078125 0.1640625 0.09375 0.084375
0 0.4859375 0.2453125 0.09375 0.0875
0 0.3984375 0.33515625 0.096875 0.0953125
0 0.184375 0.53671875 0.115625 0.1125
0 0.334375 0.6671875 0.0921875 0.146875
0 0.6625 0.24453125 0.0890625 0.084375
0 0.31171875 0.16171875 0.096875 0.0859375
0 0.30625 0.2484375 0.1 0.0921875
0 0.759375 0.59921875 0.103125 0.10625
0 0.24609375 0.66953125 0.096875 0.15
0 0.5734375 0.24765625 0.0890625 0.078125
0 0.5703125 0.17265625 0.0875 0.08125
0 0.40078125 0.2484375 0.0953125 0.090625
0 0.1546875 0.66953125 0.1046875 0.15
0 0.65859375 0.16640625 0.084375 0.0703125
0 0.303125 0.3375 0.103125 0.096875
0 0.48515625 0.16796875 0.0921875 0.08125
0 0.18046875 0.82734375 0.196875 0.165625
0 0.753125 0.50078125 0.1 0.0875
0 0.746875 0.29296875 0.078125 0.109375
0 0.2015625 0.3328125 0.109375 0.09375
0 0.734375 0.1890625 0.065625 0.1
0 0.21640625 0.1515625 0.1046875 0.0890625
0 0.21015625 0.24140625 0.1125 0.096875