0 0.17890625 0.56484375 0.11640625 0.2265625
0 0.54296875 0.11640625 0.0640625 0.2046875
0 0.28359375 0.5609375 0.1078125 0.21796875
0 0.6671875 0.11640625 0.059375 0.1984375
0 0.60390625 0.11640625 0.06171875 0.20234375
0 0.72421875 0.11640625 0.05703125 0.196875
0 0.725 0.31640625 0.05703125 0.19375
0 0.66953125 0.31875 0.05859375 0.19140625
0 0.3890625 0.5515625 0.09921875 0.20703125
0 0.40234375 0.1140625 0.06796875 0.21640625
0 0.396875 0.7625 0.0984375 0.20234375
0 0.78828125 0.11796875 0.05703125 0.19375
0 0.6078125 0.321875 0.059375 0.19296875
0 0.3359375 0.1125 0.0703125 0.21328125
0 0.4796875 0.546875 0.09296875 0.20390625
0 0.2 0.3328125 0.07890625 0.22734375
0 0.475 0.11328125 0.06640625 0.2140625
0 0.2984375 0.77578125 0.10390625 0.20859375
0 0.48515625 0.32890625 0.0625 0.20390625
0 0.259375 0.11015625 0.07265625 0.21171875
0 0.90078125 0.51015625 0.0734375 0.19296875
0 0.19609375 0.78359375 0.1140625 0.2171875
0 0.7421875 0.5234375 0.0828125 0.19296875
0 0.7875 0.309375 0.05546875 0.19375
0 0.571875 0.73984375 0.0875 0.19375
0 0.54921875 0.32578125 0.0578125 0.19453125
0 0.2765625 0.32734375 0.07421875 0.215625
0 0.659375 0.534375 0.08515625 0.19296875
0 0.821875 0.51015625 0.078125 0.19375
0 0.1828125 0.10546875 0.084375 0.21015625
0 0.8453125 0.31015625 0.05234375 0.18671875
0 0.8484375 0.11875 0.05625 0.190625
0 0.48984375 0.753125 0.08828125 0.19140625
0 0.7421875 0.72109375 0.0796875 0.18359375
0 0.56953125 0.5359375 0.0859375 0.2015625
0 0.65859375 0.73125 0.08125 0.18828125
0 0.35234375 0.334375 0.0703125 0.21796875
0 0.8234375 0.70625 0.07421875 0.1859375
0 0.421875 0.33125 0.065625 0.20859375
0 0.89453125 0.696875 0.07109375 0.178125