0 0.35703125 0.240625 0.0984375 0.08125
0 0.36015625 0.3203125 0.09375 0.0765625
0 0.45234375 0.159375 0.103125 0.0859375
0 0.35234375 0.1609375 0.103125 0.084375
0 0.73515625 0.39765625 0.096875 0.0734375
0 0.546875 0.61875 0.0875 0.0625
0 0.73984375 0.3171875 0.096875 0.078125
0 0.36171875 0.3984375 0.0953125 0.0703125
0 0.74609375 0.23203125 0.0984375 0.0796875
0 0.4625 0.86171875 0.0828125 0.0546875
0 0.8359375 0.32109375 0.096875 0.075
0 0.64921875 0.2328125 0.1 0.0796875
0 0.840625 0.240625 0.1 0.078125
0 0.63359375 0.45703125 0.09375 0.06875
0 0.4578125 0.32734375 0.0953125 0.0765625
0 0.72421875 0.60703125 0.090625 0.0625
0 0.6375 0.54921875 0.090625 0.0671875
0 0.640625 0.390625 0.09375 0.0734375
0 0.85 0.1625 0.103125 0.0828125
0 0.36484375 0.465625 0.0921875 0.0703125
0 0.45546875 0.40625 0.090625 0.071875
0 0.546875 0.67890625 0.084375 0.059375
0 0.37421875 0.68046875 0.084375 0.0625
0 0.546875 0.55078125 0.0890625 0.065625
0 0.37265625 0.61875 0.0875 0.06875
0 0.54609375 0.80078125 0.08125 0.0578125
0 0.8125 0.53984375 0.09375 0.06875
0 0.553125 0.2359375 0.1 0.0796875
0 0.64609375 0.31171875 0.0953125 0.075
0 0.36796875 0.540625 0.0875 0.0703125
0 0.7328125 0.46328125 0.096875 0.06875
0 0.5515625 0.31328125 0.096875 0.078125
0 0.628125 0.678125 0.0875 0.0609375
0 0.809375 0.609375 0.0921875 0.0625
0 0.453125 0.2421875 0.09375 0.084375
0 0.38203125 0.74921875 0.084375 0.0609375
0 0.46015625 0.68359375 0.0875 0.0625
0 0.6234375 0.8625 0.0828125 0.0546875
0 0.653125 0.14453125 0.103125 0.084375
0 0.54921875 0.48203125 0.090625 0.06875
0 0.6265625 0.80625 0.084375 0.059375
0 0.5484375 0.40625 0.09375 0.071875
0 0.459375 0.62109375 0.0875 0.065625
0 0.5453125 0.8625 0.08125 0.05625
0 0.38125 0.81171875 0.084375 0.059375
0 0.45859375 0.47890625 0.0875 0.0703125
0 0.6359375 0.61875 0.0875 0.065625
0 0.45859375 0.553125 0.0890625 0.0625
0 0.7203125 0.66875 0.0875 0.0625
0 0.5546875 0.15 0.103125 0.0828125
0 0.72890625 0.53671875 0.09375 0.06875
0 0.4609375 0.80234375 0.0828125 0.059375
0 0.315625 0.70546875 0.046875 0.0515625
0 0.79375 0.734375 0.0875 0.0609375
0 0.821875 0.46953125 0.0984375 0.071875
0 0.46328125 0.74765625 0.084375 0.0625
0 0.7890625 0.796875 0.0890625 0.0578125
0 0.63203125 0.74375 0.084375 0.0640625
0 0.38359375 0.86875 0.084375 0.0546875
0 0.7109375 0.728125 0.0875 0.0625
0 0.82421875 0.3984375 0.096875 0.075
0 0.8 0.66796875 0.090625 0.065625
0 0.54765625 0.7453125 0.0828125 0.0625
0 0.70546875 0.79921875 0.0859375 0.059375
0 0.74765625 0.1515625 0.1 0.084375
0 0.703125 0.8609375 0.084375 0.05625
0 0.31328125 0.60625 0.046875 0.0515625
0 0.32109375 0.75625 0.04375 0.05
0 0.303125 0.49375 0.0421875 0.0546875
0 0.7859375 0.85703125 0.0875 0.0546875
0 0.3109375 0.5484375 0.0453125 0.05625
0 0.31640625 0.65390625 0.040625 0.05