0 0.553125 0.60390625 0.075 0.115625
0 0.76171875 0.60390625 0.065625 0.1125
0 0.62109375 0.60234375 0.071875 0.1125
0 0.75625 0.71171875 0.065625 0.109375
0 0.42578125 0.378125 0.09375 0.103125
0 0.61796875 0.71484375 0.071875 0.115625
0 0.47890625 0.59609375 0.075 0.1125
0 0.68828125 0.60703125 0.0703125 0.1125
0 0.7609375 0.49296875 0.06875 0.109375
0 0.75234375 0.82265625 0.06875 0.1109375
0 0.40625 0.82734375 0.078125 0.121875
0 0.69453125 0.49375 0.0703125 0.1125
0 0.54765625 0.82578125 0.0765625 0.115625
0 0.47421875 0.82578125 0.075 0.115625
0 0.68515625 0.7109375 0.071875 0.1125
0 0.51484375 0.2828125 0.0875 0.09375
0 0.41015625 0.59453125 0.078125 0.1125
0 0.62265625 0.490625 0.0734375 0.115625
0 0.4859375 0.4859375 0.075 0.1125
0 0.41171875 0.4796875 0.078125 0.1125
0 0.75234375 0.39296875 0.078125 0.090625
0 0.55078125 0.715625 0.071875 0.115625
0 0.5109375 0.3828125 0.0875 0.096875
0 0.4828125 0.71484375 0.075 0.115625
0 0.61328125 0.82421875 0.071875 0.1140625
0 0.59609375 0.2890625 0.084375 0.0921875
0 0.67890625 0.8265625 0.075 0.1140625
0 0.5546875 0.490625 0.078125 0.115625
0 0.51875 0.190625 0.0875 0.0984375
0 0.67265625 0.390625 0.08125 0.103125
0 0.41171875 0.71171875 0.0765625 0.109375
0 0.4328125 0.1859375 0.0875 0.096875
0 0.59609375 0.28671875 0.0875 0.103125
0 0.42890625 0.28203125 0.0890625 0.103125
0 0.59453125 0.3828125 0.0875 0.103125
0 0.59609375 0.19609375 0.084375 0.10625
0 0.67421875 0.296875 0.078125 0.0953125
0 0.67421875 0.20625 0.0828125 0.1015625
0 0.75078125 0.30234375 0.0828125 0.1
0 0.74765625 0.2125 0.078125 0.096875