0 0.78828125 0.4171875 0.359375 0.1390625
0 0.45546875 0.13671875 0.2890625 0.1359375
0 0.45078125 0.58515625 0.2875 0.121875
0 0.45859375 0.2671875 0.284375 0.1265625
0 0.7859375 0.5671875 0.353125 0.1375
0 0.771875 0.09453125 0.3578125 0.146875
0 0.7875 0.7203125 0.35625 0.1453125
0 0.45234375 0.7140625 0.284375 0.125
0 0.78671875 0.30546875 0.35625 0.115625
0 0.46015625 0.47109375 0.28125 0.09375
0 0.459375 0.38359375 0.284375 0.090625
0 0.48984375 0.84375 0.30625 0.134375
0 0.82109375 0.88359375 0.3578125 0.184375
0 0.77890625 0.20625 0.35625 0.125