0 0.4765625 0.4515625 0.0640625 0.13125
0 0.8125 0.72890625 0.1015625 0.121875
0 0.31328125 0.42109375 0.09375 0.0765625
0 0.315625 0.4921875 0.09375 0.0734375
0 0.31953125 0.56875 0.090625 0.071875
0 0.5671875 0.58515625 0.0703125 0.1390625
0 0.84296875 0.325 0.1234375 0.153125
0 0.56796875 0.71953125 0.06875 0.134375
0 0.7265625 0.4671875 0.109375 0.1453125
0 0.54375 0.84609375 0.065625 0.1265625
0 0.40390625 0.496875 0.0890625 0.0734375
0 0.40234375 0.4234375 0.090625 0.075
0 0.6078125 0.1609375 0.11875 0.15625
0 0.32734375 0.7015625 0.0859375 0.0640625
0 0.6359375 0.73203125 0.0703125 0.1296875
0 0.71640625 0.7359375 0.096875 0.125
0 0.625 0.30859375 0.1140625 0.140625
0 0.83203125 0.46875 0.1140625 0.14375
0 0.82109375 0.61171875 0.10625 0.13125
0 0.5265625 0.31015625 0.109375 0.140625
0 0.49453125 0.16328125 0.115625 0.15625
0 0.7328125 0.3140625 0.1125 0.15625
0 0.2921875 0.16640625 0.096875 0.0890625
0 0.4109375 0.6390625 0.0875 0.0671875
0 0.5421875 0.446875 0.0640625 0.1296875
0 0.4921875 0.69375 0.0859375 0.06875
0 0.70625 0.84921875 0.096875 0.115625
0 0.721875 0.609375 0.103125 0.13125
0 0.640625 0.590625 0.0734375 0.14375
0 0.315625 0.30703125 0.10625 0.14375
0 0.3296875 0.859375 0.05625 0.1125
0 0.3875 0.3109375 0.05625 0.14375
0 0.796875 0.84609375 0.1 0.1140625
0 0.6296875 0.4484375 0.1109375 0.13125
0 0.4890625 0.553125 0.0875 0.071875
0 0.40234375 0.56796875 0.0875 0.071875
0 0.4828125 0.8578125 0.0546875 0.115625
0 0.2578125 0.7421875 0.053125 0.1140625
0 0.86015625 0.1671875 0.1203125 0.1703125
0 0.62109375 0.8546875 0.09375 0.1140625
0 0.3234375 0.64140625 0.0875 0.065625
0 0.33046875 0.76953125 0.084375 0.065625
0 0.496875 0.7578125 0.0828125 0.065625
0 0.4109375 0.771875 0.084375 0.0640625
0 0.44296875 0.31171875 0.059375 0.14375
0 0.278125 0.8578125 0.0625 0.109375
0 0.4125 0.70234375 0.084375 0.0625
0 0.3796875 0.86015625 0.0546875 0.1125
0 0.49609375 0.6265625 0.0859375 0.06875
0 0.21640625 0.20078125 0.0625 0.15625
0 0.43515625 0.86015625 0.0515625 0.1125
0 0.36015625 0.16484375 0.053125 0.1546875
0 0.4171875 0.159375 0.05625 0.153125
0 0.74140625 0.15546875 0.1375 0.1546875
0 0.23828125 0.36796875 0.05625 0.1390625
0 0.25234375 0.62734375 0.05625 0.11875
0 0.3375 0.3125 0.053125 0.1421875
0 0.2421875 0.4984375 0.059375 0.128125
0 0.2890625 0.3109375 0.0546875 0.14375