0 0.659375 0.28125 0.21875 0.0625
0 0.65625 0.66875 0.2109375 0.096875
0 0.65625 0.4546875 0.209375 0.0609375
0 0.4359375 0.50625 0.228125 0.09375
0 0.50078125 0.75859375 0.140625 0.084375
0 0.50859375 0.3359375 0.0890625 0.1
0 0.65859375 0.40078125 0.209375 0.065625
0 0.153125 0.6859375 0.109375 0.084375
0 0.26328125 0.68359375 0.11875 0.08125
0 0.434375 0.678125 0.221875 0.1
0 0.1265625 0.328125 0.103125 0.1015625
0 0.6578125 0.33828125 0.2125 0.0625
0 0.371875 0.7640625 0.109375 0.08125
0 0.4328125 0.58515625 0.2234375 0.09375
0 0.42578125 0.3375 0.08125 0.096875
0 0.65390625 0.58203125 0.2203125 0.09375
0 0.26640625 0.765625 0.1109375 0.084375
0 0.86875 0.2265625 0.11875 0.0765625
0 0.753125 0.75703125 0.153125 0.0875
0 0.840625 0.3328125 0.15625 0.146875
0 0.1546875 0.76953125 0.109375 0.08125
0 0.62421875 0.75546875 0.109375 0.084375
0 0.82890625 0.46796875 0.1375 0.134375
0 0.21015625 0.51640625 0.2296875 0.090625
0 0.3125 0.8484375 0.0859375 0.0875
0 0.2296875 0.8515625 0.0875 0.0890625
0 0.2359375 0.42890625 0.109375 0.096875
0 0.878125 0.746875 0.096875 0.1265625
0 0.8375 0.57109375 0.159375 0.071875
0 0.23359375 0.33125 0.109375 0.1
0 0.48203125 0.42421875 0.1265625 0.078125
0 0.88046875 0.85078125 0.1125 0.0859375
0 0.4015625 0.8453125 0.0875 0.0890625
0 0.353125 0.4234375 0.13125 0.078125
0 0.48203125 0.84375 0.084375 0.0890625
0 0.1296875 0.42734375 0.10625 0.0984375
0 0.84765625 0.6390625 0.159375 0.075
0 0.4953125 0.2390625 0.096875 0.096875
0 0.334375 0.3375 0.09375 0.0984375
0 0.2078125 0.596875 0.2328125 0.09375
0 0.65625 0.51640625 0.2125 0.059375
0 0.76484375 0.8484375 0.109375 0.090625
0 0.39375 0.2375 0.1015625 0.0984375
0 0.13671875 0.853125 0.0890625 0.0875
0 0.14375 0.23203125 0.13125 0.0984375
0 0.56875 0.846875 0.090625 0.096875
0 0.665625 0.84765625 0.096875 0.0984375
0 0.28046875 0.234375 0.128125 0.1
0 0.60625 0.2109375 0.121875 0.0734375
0 0.721875 0.22109375 0.1078125 0.059375