0 0.35078125 0.58828125 0.028125 0.06875
0 0.60625 0.671875 0.03125 0.078125
0 0.5078125 0.7375 0.03125 0.0703125
0 0.39296875 0.72734375 0.03125 0.06875
0 0.334375 0.725 0.03125 0.06875
0 0.80390625 0.83046875 0.0375 0.071875
0 0.76875 0.82734375 0.03125 0.075
0 0.703125 0.7515625 0.034375 0.078125
0 0.8171875 0.5984375 0.034375 0.078125
0 0.7046875 0.6765625 0.034375 0.078125
0 0.6890625 0.45078125 0.034375 0.071875
0 0.32890625 0.58671875 0.025 0.0671875
0 0.51328125 0.665625 0.03125 0.075
0 0.6203125 0.45390625 0.03125 0.071875
0 0.91796875 0.59609375 0.034375 0.08125
0 0.88125 0.5984375 0.0359375 0.078125
0 0.91484375 0.7609375 0.0375 0.08125
0 0.69375 0.596875 0.03125 0.075
0 0.540625 0.74296875 0.03125 0.071875
0 0.8453125 0.45 0.0359375 0.071875
0 0.54453125 0.66953125 0.03125 0.075
0 0.81171875 0.6796875 0.0375 0.0796875
0 0.63671875 0.5984375 0.03125 0.0734375
0 0.39921875 0.796875 0.0296875 0.065625
0 0.21484375 0.47421875 0.109375 0.09375
0 0.646875 0.38046875 0.03125 0.0734375
0 0.84921875 0.525 0.03125 0.0734375
0 0.57421875 0.66796875 0.034375 0.078125
0 0.4828125 0.66640625 0.0328125 0.0703125
0 0.6703125 0.67265625 0.034375 0.0765625
0 0.4796875 0.7390625 0.034375 0.06875
0 0.88125 0.52265625 0.03125 0.075
0 0.5328125 0.38671875 0.03125 0.071875
0 0.75234375 0.596875 0.0328125 0.0765625
0 0.36484375 0.725 0.0296875 0.06875
0 0.10234375 0.38515625 0.1078125 0.09375
0 0.803125 0.759375 0.0359375 0.08125
0 0.70390625 0.821875 0.034375 0.065625
0 0.83828125 0.83515625 0.0375 0.071875
0 0.78203125 0.59609375 0.034375 0.078125
0 0.721875 0.59765625 0.028125 0.0765625
0 0.87734375 0.76171875 0.040625 0.08125
0 0.59296875 0.5265625 0.028125 0.0703125
0 0.27734375 0.653125 0.03125 0.071875
0 0.5046875 0.59375 0.028125 0.0703125
0 0.91015625 0.83828125 0.040625 0.075
0 0.60390625 0.815625 0.0390625 0.065625
0 0.7296875 0.525 0.03125 0.0734375
0 0.66875 0.75078125 0.034375 0.0765625
0 0.765625 0.90078125 0.0359375 0.078125
0 0.61875 0.52578125 0.028125 0.071875
0 0.60078125 0.74765625 0.034375 0.071875
0 0.9125 0.52109375 0.034375 0.0765625
0 0.73046875 0.896875 0.03125 0.0765625
0 0.34140625 0.7953125 0.034375 0.06875
0 0.4609375 0.45703125 0.025 0.06875
0 0.94140625 0.91484375 0.040625 0.0859375
0 0.215625 0.565625 0.1125 0.09375
0 0.5109375 0.80859375 0.034375 0.065625
0 0.66796875 0.890625 0.03125 0.08125
0 0.0984375 0.47109375 0.090625 0.090625
0 0.8828125 0.4453125 0.034375 0.078125
0 0.37734375 0.525 0.025 0.065625
0 0.7359375 0.6765625 0.0375 0.078125
0 0.62890625 0.290625 0.1015625 0.0265625
0 0.3796875 0.8625 0.03125 0.06875
0 0.60703125 0.88671875 0.028125 0.071875
0 0.94921875 0.76015625 0.040625 0.084375
0 0.4515625 0.59140625 0.028125 0.06875
0 0.7703125 0.75390625 0.034375 0.0796875
0 0.8203125 0.521875 0.03125 0.075
0 0.78671875 0.52421875 0.034375 0.0734375
0 0.453125 0.803125 0.03125 0.0625
0 0.61484375 0.38125 0.03125 0.075
0 0.51640625 0.875 0.05 0.071875
0 0.45 0.6640625 0.03125 0.071875
0 0.48203125 0.80390625 0.034375 0.0625
0 0.91875 0.4421875 0.0328125 0.0765625
0 0.30859375 0.65625 0.028125 0.06875
0 0.9421875 0.8421875 0.040625 0.075
0 0.3515625 0.52421875 0.0265625 0.065625
0 0.62421875 0.246875 0.1 0.034375
0 0.46640625 0.525 0.025 0.06875
0 0.63828125 0.88828125 0.034375 0.078125
0 0.77421875 0.67578125 0.0375 0.078125
0 0.92265625 0.68125 0.040625 0.08125
0 0.284375 0.5828125 0.028125 0.06875
0 0.534375 0.25546875 0.096875 0.0625
0 0.378125 0.58984375 0.028125 0.06875
0 0.36796875 0.45703125 0.028125 0.06875
0 0.70234375 0.89375 0.034375 0.078125
0 0.32265625 0.8578125 0.03125 0.065625
0 0.34921875 0.859375 0.03125 0.06875
0 0.42890625 0.5921875 0.025 0.06875
0 0.66328125 0.596875 0.03125 0.075
0 0.65234375 0.453125 0.03125 0.071875
0 0.87421875 0.840625 0.0359375 0.075
0 0.8828125 0.68359375 0.04375 0.08125
0 0.678125 0.3734375 0.03125 0.075
0 0.90546875 0.9140625 0.0375 0.08125
0 0.5703125 0.746875 0.034375 0.0703125
0 0.8015625 0.9046875 0.0375 0.075
0 0.4625 0.871875 0.034375 0.075
0 0.84765625 0.603125 0.034375 0.078125
0 0.5546875 0.59453125 0.03125 0.071875
0 0.6078125 0.5953125 0.028125 0.071875
0 0.8484375 0.68125 0.0390625 0.08125
0 0.37265625 0.79375 0.03125 0.065625
0 0.63828125 0.81875 0.0328125 0.059375
0 0.08671875 0.6421875 0.025 0.065625
0 0.09375 0.56171875 0.0765625 0.090625
0 0.54296875 0.8109375 0.0359375 0.065625
0 0.5125 0.4546875 0.028125 0.0703125
0 0.66953125 0.8171875 0.0359375 0.0625
0 0.59296875 0.45625 0.028125 0.071875
0 0.48046875 0.59453125 0.028125 0.071875
0 0.84375 0.7609375 0.0375 0.0796875
0 0.584375 0.38359375 0.0296875 0.0734375
0 0.13359375 0.5640625 0.046875 0.090625
0 0.87109375 0.91171875 0.0375 0.078125
0 0.0859375 0.703125 0.0265625 0.065625
0 0.63671875 0.746875 0.034375 0.075
0 0.32890625 0.52109375 0.0265625 0.0671875
0 0.946875 0.51484375 0.034375 0.078125
0 0.40703125 0.8625 0.0296875 0.06875
0 0.63984375 0.671875 0.0328125 0.0765625
0 0.15625 0.71015625 0.0296875 0.06875
0 0.9515625 0.5953125 0.0375 0.0828125
0 0.3140625 0.79375 0.034375 0.06875
0 0.7171875 0.4515625 0.034375 0.071875
0 0.421875 0.6625 0.034375 0.071875
0 0.334375 0.65625 0.028125 0.06875
0 0.0578125 0.70703125 0.028125 0.0640625
0 0.8328125 0.90703125 0.0359375 0.078125
0 0.73828125 0.82890625 0.034375 0.06875
0 0.4453125 0.525 0.025 0.06875
0 0.5765625 0.8828125 0.034375 0.0734375
0 0.3609375 0.659375 0.03125 0.071875
0 0.30390625 0.72265625 0.0296875 0.06875
0 0.4359375 0.86875 0.0265625 0.0734375
0 0.3078125 0.58515625 0.025 0.065625
0 0.43984375 0.45703125 0.025 0.06875
0 0.5640625 0.45703125 0.028125 0.071875
0 0.646875 0.525 0.028125 0.0734375
0 0.4125 0.4578125 0.028125 0.065625
0 0.44453125 0.7359375 0.0375 0.071875
0 0.2828125 0.72578125 0.03125 0.06875
0 0.571875 0.8125 0.03125 0.06875
0 0.3859375 0.6609375 0.03125 0.0734375
0 0.42890625 0.79765625 0.028125 0.065625
0 0.23984375 0.6515625 0.04375 0.0703125
0 0.846875 0.3640625 0.0375 0.084375
0 0.73828125 0.75390625 0.034375 0.078125
0 0.53828125 0.45390625 0.0296875 0.06875
0 0.4015625 0.590625 0.0265625 0.06875
0 0.55859375 0.38203125 0.028125 0.071875
0 0.58359375 0.59765625 0.028125 0.071875
0 0.3984375 0.52421875 0.025 0.065625
0 0.29296875 0.85546875 0.028125 0.065625
0 0.8125 0.446875 0.0328125 0.0734375
0 0.34921875 0.24765625 0.090625 0.0203125
0 0.70234375 0.525 0.03125 0.071875
0 0.08515625 0.771875 0.028125 0.06875
0 0.321875 0.45546875 0.025 0.06875
0 0.1375 0.64296875 0.028125 0.065625
0 0.15859375 0.77578125 0.028125 0.0671875
0 0.13515625 0.775 0.03125 0.065625
0 0.6234375 0.19921875 0.1 0.0484375
0 0.671875 0.525 0.03125 0.0734375
0 0.109375 0.64453125 0.028125 0.065625
0 0.4375 0.24453125 0.090625 0.025
0 0.49609375 0.87421875 0.0375 0.071875
0 0.50390625 0.38671875 0.028125 0.0734375
0 0.38828125 0.45703125 0.0265625 0.06875
0 0.296875 0.453125 0.0234375 0.065625
0 0.7609375 0.525 0.0296875 0.071875
0 0.48828125 0.52734375 0.0265625 0.06875
0 0.08984375 0.83828125 0.03125 0.0625
0 0.15859375 0.8484375 0.0296875 0.06875
0 0.53203125 0.3125 0.09375 0.04375
0 0.115625 0.84453125 0.028125 0.065625
0 0.54921875 0.52734375 0.040625 0.06875
0 0.4796875 0.3875 0.028125 0.075
0 0.421875 0.73046875 0.028125 0.071875
0 0.109375 0.77421875 0.03125 0.0671875
0 0.12734375 0.7109375 0.028125 0.065625
0 0.7109375 0.3796875 0.0328125 0.0734375
0 0.184375 0.7109375 0.028125 0.065625
0 0.0609375 0.640625 0.028125 0.065625
0 0.7828125 0.4484375 0.0328125 0.075
0 0.515625 0.53046875 0.028125 0.059375
0 0.88046875 0.31953125 0.1125 0.0375
0 0.55078125 0.88125 0.028125 0.071875
0 0.240625 0.721875 0.0453125 0.065625
0 0.95078125 0.4390625 0.0375 0.08125
0 0.94609375 0.3578125 0.053125 0.0796875
0 0.8109375 0.3671875 0.0375 0.078125
0 0.7796875 0.3703125 0.0375 0.0765625
0 0.74765625 0.371875 0.04375 0.0765625
0 0.45390625 0.38671875 0.0375 0.071875
0 0.428125 0.38828125 0.0328125 0.0703125
0 0.39921875 0.390625 0.03125 0.065625
0 0.3703125 0.3875 0.0328125 0.0765625
0 0.34375 0.3859375 0.025 0.06875
0 0.30625 0.51875 0.025 0.065625
0 0.2828125 0.51875 0.025 0.0640625
0 0.31953125 0.38828125 0.028125 0.0703125
0 0.2984375 0.3859375 0.025 0.065625
0 0.27421875 0.3875 0.03125 0.065625
0 0.203125 0.38125 0.1078125 0.0953125
0 0.8609375 0.159375 0.1109375 0.04375
0 0.415625 0.2 0.084375 0.025
0 0.52109375 0.1890625 0.1 0.028125
0 0.0734375 0.21171875 0.078125 0.028125
0 0.146875 0.2078125 0.08125 0.028125
0 0.228125 0.20546875 0.084375 0.025
0 0.33046875 0.20390625 0.084375 0.021875
0 0.075 0.228125 0.071875 0.0296875
0 0.15 0.22890625 0.075 0.03125
0 0.22890625 0.228125 0.0875 0.028125
0 0.09453125 0.28984375 0.103125 0.0921875
0 0.18515625 0.28671875 0.078125 0.0234375
0 0.1859375 0.2671875 0.071875 0.025
0 0.18671875 0.24609375 0.078125 0.021875
0 0.26796875 0.2484375 0.084375 0.021875
0 0.2640625 0.26640625 0.084375 0.01875
0 0.35234375 0.26640625 0.09375 0.025
0 0.43984375 0.2640625 0.08125 0.028125
0 0.3515625 0.30625 0.0875 0.0234375