0 0.7359375 0.8375 0.146875 0.146875
0 0.69375 0.40234375 0.109375 0.0859375
0 0.60390625 0.69453125 0.125 0.11875
0 0.7015625 0.48671875 0.11875 0.09375
0 0.60390625 0.828125 0.1375 0.14375
0 0.1953125 0.428125 0.1125 0.1
0 0.6 0.58359375 0.1171875 0.1046875
0 0.25625 0.65546875 0.1328125 0.125
0 0.27734375 0.546875 0.11875 0.096875
0 0.38125 0.55703125 0.115625 0.1
0 0.68515625 0.321875 0.1015625 0.078125
0 0.590625 0.4890625 0.1109375 0.090625
0 0.23671875 0.78671875 0.14375 0.15
0 0.48828125 0.375 0.1 0.08125
0 0.3671875 0.671875 0.1234375 0.13125
0 0.715625 0.58671875 0.1296875 0.10625
0 0.403125 0.2890625 0.103125 0.090625
0 0.359375 0.8015625 0.128125 0.134375
0 0.48671875 0.55625 0.1125 0.096875
0 0.84921875 0.82109375 0.115625 0.1953125
0 0.590625 0.32265625 0.096875 0.075
0 0.5890625 0.4015625 0.103125 0.084375
0 0.475 0.803125 0.128125 0.153125
0 0.17578125 0.53359375 0.1265625 0.1078125
0 0.58984375 0.246875 0.09375 0.0703125
0 0.390625 0.37265625 0.103125 0.084375
0 0.28828125 0.44765625 0.109375 0.09375
0 0.7296875 0.69921875 0.134375 0.125
0 0.30234375 0.36484375 0.109375 0.084375
0 0.48671875 0.459375 0.103125 0.0875
0 0.775 0.359375 0.0796875 0.11875
0 0.38359375 0.46328125 0.1078125 0.0921875
0 0.4953125 0.3015625 0.096875 0.078125
0 0.14609375 0.64765625 0.1375 0.125
0 0.2125 0.3359375 0.109375 0.09375
0 0.67890625 0.2453125 0.1 0.0734375
0 0.76953125 0.246875 0.0859375 0.1109375
0 0.4765625 0.6640625 0.11875 0.128125
0 0.6890625 0.15234375 0.0984375 0.109375
0 0.40859375 0.2140625 0.0953125 0.071875
0 0.2265625 0.2515625 0.103125 0.0875
0 0.3109375 0.28671875 0.1 0.084375
0 0.49765625 0.221875 0.09375 0.0703125
0 0.821875 0.6390625 0.109375 0.1640625
0 0.7921875 0.4921875 0.090625 0.13125
0 0.1203125 0.78046875 0.1453125 0.146875
0 0.5984375 0.16171875 0.09375 0.096875
0 0.23984375 0.17265625 0.10625 0.0828125
0 0.77421875 0.14453125 0.075 0.096875
0 0.32109375 0.215625 0.1 0.0703125
0 0.41640625 0.13828125 0.090625 0.08125
0 0.5359375 0.13984375 0.046875 0.1
0 0.32890625 0.16484375 0.0921875 0.053125
0 0.3359375 0.125 0.090625 0.04375
0 0.253125 0.1109375 0.09375 0.046875
0 0.48671875 0.14140625 0.06875 0.0953125