0 0.7859375 0.5046875 0.0671875 0.1046875
0 0.7765625 0.1484375 0.0703125 0.2375
0 0.78984375 0.60859375 0.0671875 0.10625
0 0.73359375 0.8609375 0.08125 0.0921875
0 0.62578125 0.35078125 0.10625 0.1328125
0 0.79453125 0.71796875 0.065625 0.109375
0 0.72265625 0.7734375 0.084375 0.090625
0 0.7109375 0.34453125 0.08125 0.0875
0 0.6328125 0.0921875 0.103125 0.125
0 0.7296875 0.9546875 0.0828125 0.090625
0 0.63515625 0.77109375 0.1078125 0.1484375
0 0.78515625 0.396875 0.06875 0.1078125
0 0.80625 0.940625 0.06875 0.1125
0 0.33515625 0.13671875 0.0671875 0.0296875
0 0.84453125 0.1484375 0.06875 0.2375
0 0.803125 0.83359375 0.0703125 0.115625
0 0.3375 0.18984375 0.06875 0.03125
0 0.859375 0.6609375 0.065625 0.0875
0 0.878125 0.93984375 0.06875 0.1
0 0.7109375 0.51484375 0.0828125 0.084375
0 0.87109375 0.83828125 0.0640625 0.09375
0 0.63046875 0.6296875 0.10625 0.14375
0 0.24609375 0.890625 0.0734375 0.034375
0 0.62890625 0.21875 0.1046875 0.13125
0 0.625 0.4875 0.103125 0.1375
0 0.12421875 0.540625 0.071875 0.0328125
0 0.11484375 0.6953125 0.071875 0.0328125
0 0.1796875 0.78828125 0.0703125 0.034375
0 0.85546875 0.48984375 0.0625 0.08125
0 0.71953125 0.5953125 0.0828125 0.084375
0 0.7234375 0.6828125 0.08125 0.0875
0 0.7109375 0.43125 0.078125 0.0859375
0 0.53515625 0.490625 0.075 0.034375
0 0.471875 0.18125 0.071875 0.03125
0 0.79375 0.30390625 0.0859375 0.0859375
0 0.39296875 0.93984375 0.078125 0.034375
0 0.640625 0.915625 0.109375 0.1515625
0 0.1078125 0.85078125 0.071875 0.034375
0 0.184375 0.659375 0.065625 0.034375
0 0.1375 0.0578125 0.0671875 0.0328125
0 0.18515625 0.69453125 0.0671875 0.03125
0 0.1734375 0.91953125 0.06875 0.0375
0 0.26875 0.18984375 0.06875 0.03125
0 0.4625 0.44453125 0.0703125 0.03125
0 0.4671875 0.90234375 0.0796875 0.034375
0 0.1265625 0.3546875 0.0671875 0.0328125
0 0.54453125 0.83203125 0.078125 0.0375
0 0.390625 0.83984375 0.0765625 0.034375
0 0.39609375 0.36875 0.06875 0.0296875
0 0.1234375 0.56875 0.071875 0.03125
0 0.17578125 0.85390625 0.06875 0.03125
0 0.115625 0.6625 0.0734375 0.0328125
0 0.465625 0.76640625 0.071875 0.0375
0 0.10546875 0.91875 0.071875 0.0359375
0 0.46640625 0.871875 0.078125 0.0328125
0 0.1875 0.62734375 0.065625 0.0328125
0 0.27265625 0.0484375 0.06875 0.03125
0 0.24921875 0.8546875 0.071875 0.034375
0 0.3375 0.1640625 0.06875 0.03125
0 0.184375 0.72421875 0.06875 0.034375
0 0.315625 0.89140625 0.06875 0.0359375
0 0.390625 0.90390625 0.0765625 0.034375
0 0.25078125 0.82265625 0.071875 0.034375
0 0.39296875 0.58984375 0.0703125 0.034375
0 0.253125 0.62421875 0.06875 0.034375
0 0.26796875 0.08125 0.06875 0.028125
0 0.25234375 0.75625 0.0703125 0.0328125
0 0.19140625 0.3796875 0.06875 0.0359375
0 0.125 0.4796875 0.06875 0.0328125
0 0.19140625 0.53515625 0.0671875 0.034375
0 0.11875 0.60078125 0.0703125 0.034375
0 0.2015625 0.140625 0.065625 0.03125
0 0.546875 0.94140625 0.078125 0.0421875
0 0.865625 0.74765625 0.0671875 0.0890625
0 0.1078125 0.8203125 0.06875 0.0328125
0 0.19296875 0.503125 0.065625 0.0328125
0 0.403125 0.16484375 0.06875 0.03125
0 0.1328125 0.23125 0.06875 0.03125
0 0.8546875 0.5765625 0.0625 0.084375
0 0.175 0.8203125 0.06875 0.034375
0 0.11796875 0.6296875 0.071875 0.0328125
0 0.5375 0.44296875 0.0734375 0.0640625
0 0.24921875 0.9265625 0.071875 0.0359375
0 0.1921875 0.4421875 0.065625 0.0359375
0 0.4625 0.66328125 0.0734375 0.0328125
0 0.4625 0.41875 0.071875 0.03125
0 0.39140625 0.5265625 0.06875 0.034375
0 0.54140625 0.7953125 0.075 0.0390625
0 0.12890625 0.265625 0.06875 0.034375
0 0.26796875 0.13203125 0.06875 0.0296875
0 0.13671875 0.08984375 0.06875 0.03125
0 0.54296875 0.7625 0.075 0.034375
0 0.1984375 0.22734375 0.0671875 0.034375
0 0.4640625 0.56640625 0.0734375 0.034375
0 0.2546875 0.5625 0.06875 0.034375
0 0.20234375 0.1109375 0.065625 0.034375
0 0.46328125 0.69453125 0.075 0.034375
0 0.2546875 0.721875 0.071875 0.034375
0 0.46640625 0.7296875 0.0734375 0.0375
0 0.25546875 0.6578125 0.071875 0.034375
0 0.18203125 0.7578125 0.06875 0.034375
0 0.33515625 0.10625 0.06875 0.0296875
0 0.26796875 0.1625 0.06875 0.03125
0 0.18671875 0.596875 0.065625 0.034375
0 0.1359375 0.115625 0.065625 0.03125
0 0.39140625 0.87421875 0.078125 0.034375
0 0.128125 0.3 0.06875 0.0328125
0 0.3921875 0.55703125 0.071875 0.0328125
0 0.19140625 0.31796875 0.0625 0.034375
0 0.465625 0.803125 0.075 0.0359375
0 0.31640625 0.9265625 0.06875 0.0359375
0 0.39140625 0.49375 0.0703125 0.03125
0 0.46796875 0.97578125 0.078125 0.0375
0 0.46171875 0.3578125 0.071875 0.0328125
0 0.465625 0.8359375 0.075 0.0359375
0 0.13515625 0.17421875 0.065625 0.0296875
0 0.34140625 0.04921875 0.06875 0.03125
0 0.12265625 0.50859375 0.071875 0.03125
0 0.1890625 0.565625 0.065625 0.034375
0 0.40859375 0.07890625 0.06875 0.028125
0 0.13125 0.14453125 0.065625 0.03125
0 0.534375 0.365625 0.075 0.03125
0 0.19140625 0.4125 0.065625 0.0375
0 0.25703125 0.5953125 0.0671875 0.03125
0 0.39375 0.975 0.078125 0.034375
0 0.5390625 0.66015625 0.075 0.0296875
0 0.1140625 0.75703125 0.071875 0.0328125
0 0.39765625 0.39375 0.06875 0.034375
0 0.175 0.9546875 0.0671875 0.0359375
0 0.2703125 0.10625 0.06875 0.028125
0 0.5375 0.5265625 0.075 0.034375
0 0.4734375 0.15546875 0.06875 0.028125
0 0.5453125 0.90234375 0.078125 0.04375
0 0.11171875 0.725 0.071875 0.0328125
0 0.70546875 0.15 0.065625 0.2453125
0 0.40546875 0.1078125 0.06875 0.0265625
0 0.39609375 0.43125 0.06875 0.034375
0 0.125 0.41875 0.0671875 0.034375
0 0.46171875 0.534375 0.075 0.0375
0 0.40234375 0.13671875 0.06875 0.0296875
0 0.46484375 0.6296875 0.071875 0.034375
0 0.465625 0.2984375 0.071875 0.0328125
0 0.1953125 0.4734375 0.065625 0.034375
0 0.53671875 0.33359375 0.0734375 0.0328125
0 0.12265625 0.44765625 0.065625 0.03125
0 0.20078125 0.19921875 0.06875 0.034375
0 0.17265625 0.8875 0.06875 0.034375
0 0.39375 0.4609375 0.0703125 0.0328125
0 0.203125 0.16484375 0.0671875 0.034375
0 0.46171875 0.47421875 0.06875 0.0375
0 0.20390625 0.0546875 0.065625 0.03125
0 0.5359375 0.39140625 0.071875 0.034375
0 0.546875 0.046875 0.071875 0.0546875
0 0.540625 0.73125 0.078125 0.040625
0 0.5375 0.57421875 0.0734375 0.059375
0 0.128125 0.3265625 0.06875 0.0328125
0 0.25234375 0.7875 0.0703125 0.034375
0 0.54296875 0.18515625 0.071875 0.03125
0 0.54375 0.875 0.078125 0.0453125
0 0.12578125 0.38671875 0.06875 0.0328125
0 0.5390625 0.27109375 0.071875 0.034375
0 0.409375 0.0515625 0.0671875 0.03125
0 0.10546875 0.88515625 0.071875 0.0359375
0 0.4609375 0.384375 0.071875 0.03125
0 0.39765625 0.33671875 0.06875 0.03125
0 0.40625 0.1984375 0.0625 0.034375
0 0.53984375 0.68984375 0.075 0.0328125
0 0.46171875 0.5125 0.071875 0.03125
0 0.5484375 0.096875 0.071875 0.03125
0 0.5375 0.30546875 0.0734375 0.03125
0 0.3234375 0.56953125 0.0671875 0.03125
0 0.46953125 0.23828125 0.06875 0.03125
0 0.25234375 0.6921875 0.0703125 0.034375
0 0.33828125 0.07734375 0.06875 0.028125
0 0.4 0.31015625 0.065625 0.03125
0 0.46328125 0.6 0.071875 0.0328125
0 0.46875 0.9375 0.078125 0.0359375
0 0.321875 0.78984375 0.06875 0.0359375
0 0.10859375 0.78671875 0.06875 0.034375
0 0.53828125 0.62890625 0.075 0.0390625
0 0.325 0.51171875 0.065625 0.040625
0 0.471875 0.2125 0.071875 0.028125
0 0.46484375 0.32890625 0.0703125 0.03125
0 0.3234375 0.6609375 0.065625 0.034375
0 0.33046875 0.27421875 0.065625 0.0375
0 0.10546875 0.9578125 0.071875 0.034375
0 0.39453125 0.80625 0.0765625 0.034375
0 0.4671875 0.26953125 0.071875 0.03125
0 0.13046875 0.20390625 0.0671875 0.0296875
0 0.20234375 0.08125 0.065625 0.028125
0 0.4015625 0.28671875 0.065625 0.028125
0 0.546875 0.12421875 0.071875 0.03125
0 0.54765625 0.9796875 0.0828125 0.034375
0 0.3203125 0.82578125 0.06875 0.0375
0 0.31953125 0.85546875 0.065625 0.0359375
0 0.196875 0.25859375 0.065625 0.03125
0 0.1921875 0.34609375 0.06875 0.0359375
0 0.853125 0.41015625 0.0625 0.0828125
0 0.25703125 0.5328125 0.065625 0.034375
0 0.3375 0.21875 0.06875 0.028125
0 0.19609375 0.284375 0.065625 0.034375
0 0.32578125 0.54140625 0.065625 0.0359375
0 0.2578125 0.496875 0.0625 0.0359375
0 0.478125 0.0703125 0.071875 0.0328125
0 0.48046875 0.040625 0.071875 0.0328125
0 0.259375 0.4609375 0.0703125 0.046875
0 0.2609375 0.4265625 0.06875 0.053125
0 0.259375 0.396875 0.065625 0.053125
0 0.2609375 0.3671875 0.06875 0.05
0 0.26015625 0.334375 0.0703125 0.05
0 0.26171875 0.309375 0.0625 0.0484375
0 0.265625 0.27890625 0.065625 0.04375
0 0.26640625 0.24921875 0.065625 0.040625
0 0.26875 0.2203125 0.06875 0.034375
0 0.39140625 0.77265625 0.0765625 0.0375
0 0.38984375 0.7171875 0.08125 0.040625
0 0.3921875 0.740625 0.0765625 0.025
0 0.390625 0.6828125 0.071875 0.0328125
0 0.39453125 0.65078125 0.071875 0.034375
0 0.39375 0.61875 0.071875 0.040625
0 0.32109375 0.75703125 0.065625 0.034375
0 0.3234375 0.725 0.0609375 0.040625
0 0.3265625 0.47890625 0.06875 0.034375
0 0.32890625 0.446875 0.065625 0.040625
0 0.3296875 0.41953125 0.0625 0.04375
0 0.3296875 0.3859375 0.065625 0.040625
0 0.33046875 0.36015625 0.0625 0.040625
0 0.33203125 0.33125 0.0625 0.040625
0 0.33203125 0.3015625 0.065625 0.040625
0 0.4046875 0.2546875 0.071875 0.0328125
0 0.321875 0.959375 0.075 0.040625
0 0.25 0.95546875 0.078125 0.0328125
0 0.86640625 0.31875 0.059375 0.084375