0 0.81015625 0.49921875 0.21640625 0.0703125
0 0.45390625 0.7921875 0.0921875 0.17421875
0 0.38984375 0.46796875 0.18984375 0.06640625
0 0.80703125 0.6265625 0.20859375 0.0703125
0 0.6515625 0.3921875 0.08359375 0.13515625
0 0.25234375 0.8046875 0.096875 0.17890625
0 0.19609375 0.4671875 0.2046875 0.06953125
0 0.81640625 0.2296875 0.20703125 0.11640625
0 0.80390625 0.68828125 0.209375 0.071875
0 0.809375 0.5609375 0.21171875 0.0703125
0 0.5265625 0.3921875 0.05546875 0.1453125
0 0.18671875 0.67109375 0.178125 0.08984375
0 0.39296875 0.534375 0.1875 0.06796875
0 0.57890625 0.3859375 0.0515625 0.1453125
0 0.19296875 0.4046875 0.20234375 0.06640625
0 0.63828125 0.78046875 0.0890625 0.16640625
0 0.809375 0.43125 0.2296875 0.0703125
0 0.55 0.7859375 0.0890625 0.16796875
0 0.66171875 0.26015625 0.06640625 0.14765625
0 0.5375 0.25390625 0.0625 0.140625
0 0.5953125 0.24921875 0.05546875 0.14765625
0 0.20234375 0.5953125 0.196875 0.07109375
0 0.353125 0.796875 0.09453125 0.175
0 0.14765625 0.8046875 0.103125 0.184375
0 0.8140625 0.36640625 0.21875 0.06328125
0 0.38984375 0.4125 0.19453125 0.0546875
0 0.546875 0.66328125 0.1109375 0.08125
0 0.54609375 0.5 0.11328125 0.08203125
0 0.39609375 0.59453125 0.1859375 0.06796875
0 0.5484375 0.58203125 0.11328125 0.0828125
0 0.64609375 0.66015625 0.1046875 0.084375
0 0.203125 0.5359375 0.20390625 0.0703125
0 0.821875 0.31328125 0.215625 0.05703125
0 0.20078125 0.1984375 0.2015625 0.0890625
0 0.65390625 0.57890625 0.10234375 0.08203125
0 0.64765625 0.50390625 0.10390625 0.08203125
0 0.328125 0.66875 0.11796875 0.08828125
0 0.79921875 0.75390625 0.21015625 0.0703125
0 0.43828125 0.6671875 0.10703125 0.0875
0 0.39609375 0.3578125 0.19765625 0.0546875
0 0.39921875 0.2875 0.20390625 0.1015625
0 0.40859375 0.2109375 0.21328125 0.06640625
0 0.2 0.34765625 0.21015625 0.0515625
0 0.8046875 0.81796875 0.20390625 0.0703125
0 0.19375 0.30078125 0.225 0.05
0 0.19453125 0.25859375 0.21953125 0.046875