0 0.8234375 0.390625 0.1140625 0.12890625
0 0.84296875 0.2625 0.125 0.14609375
0 0.81015625 0.63203125 0.1015625 0.1203125
0 0.71953125 0.3953125 0.1 0.1234375
0 0.38515625 0.68828125 0.06796875 0.0953125
0 0.534375 0.61171875 0.08125 0.1015625
0 0.62890625 0.28125 0.09140625 0.12890625
0 0.615625 0.6140625 0.08671875 0.1078125
0 0.534375 0.70625 0.078125 0.10390625
0 0.53828125 0.403125 0.084375 0.11484375
0 0.70859375 0.6203125 0.09375 0.11640625
0 0.60078125 0.81171875 0.08046875 0.109375
0 0.6234375 0.396875 0.0890625 0.11875
0 0.4546875 0.40625 0.07734375 0.1078125
0 0.54296875 0.51328125 0.0828125 0.1046875
0 0.62734375 0.51484375 0.08671875 0.11015625
0 0.72421875 0.271875 0.10625 0.134375
0 0.78125 0.8421875 0.09609375 0.121875
0 0.71640625 0.515625 0.09609375 0.11484375
0 0.45234375 0.1828125 0.07734375 0.121875
0 0.6109375 0.7140625 0.08359375 0.1078125
0 0.38046875 0.40546875 0.07109375 0.1015625
0 0.37109375 0.19296875 0.07421875 0.11875
0 0.453125 0.69296875 0.0734375 0.1
0 0.453125 0.603125 0.07421875 0.1046875
0 0.39453125 0.503125 0.07421875 0.09921875
0 0.45625 0.7828125 0.07265625 0.096875
0 0.5390625 0.16953125 0.08984375 0.13515625
0 0.68828125 0.8296875 0.08671875 0.11796875
0 0.4609375 0.50546875 0.0703125 0.10078125
0 0.196875 0.4109375 0.06953125 0.09140625
0 0.37265625 0.3015625 0.06875 0.11328125
0 0.7015625 0.725 0.090625 0.11640625
0 0.73984375 0.13046875 0.11015625 0.15078125
0 0.534375 0.2875 0.08828125 0.12265625
0 0.31484375 0.40625 0.06640625 0.0953125
0 0.44765625 0.3 0.0765625 0.11640625
0 0.63203125 0.146875 0.096875 0.1484375
0 0.1515625 0.50078125 0.053125 0.08046875
0 0.11171875 0.571875 0.05 0.07734375
0 0.7984375 0.74296875 0.10390625 0.11796875
0 0.38046875 0.5921875 0.0671875 0.09765625
0 0.32265625 0.50625 0.06484375 0.09296875
0 0.26015625 0.50546875 0.059375 0.08828125
0 0.309375 0.31015625 0.06875 0.10390625
0 0.10625 0.49921875 0.05234375 0.0796875
0 0.321875 0.58671875 0.059375 0.09140625
0 0.2078125 0.503125 0.0546875 0.08671875
0 0.53203125 0.79609375 0.07578125 0.1015625
0 0.07265625 0.234375 0.06484375 0.10234375
0 0.26484375 0.58671875 0.05625 0.0859375
0 0.18125 0.21875 0.0828125 0.109375
0 0.81328125 0.515625 0.11015625 0.12421875
0 0.3859375 0.771875 0.06640625 0.09375
0 0.24375 0.3171875 0.0546875 0.1
0 0.1453125 0.41328125 0.05859375 0.08515625
0 0.096875 0.41640625 0.05390625 0.0828125
0 0.3265625 0.675 0.0578125 0.09140625
0 0.19296875 0.321875 0.06015625 0.09609375
0 0.08203125 0.32734375 0.06796875 0.09375
0 0.16640625 0.65234375 0.05546875 0.0765625
0 0.159375 0.575 0.05078125 0.08046875
0 0.30625 0.20390625 0.06640625 0.1171875
0 0.8578125 0.0984375 0.1359375 0.18046875
0 0.21015625 0.5828125 0.05390625 0.08515625
0 0.1296875 0.7171875 0.059375 0.0828125
0 0.26640625 0.6671875 0.05625 0.08125
0 0.121875 0.22578125 0.07109375 0.103125
0 0.23984375 0.21328125 0.071875 0.11796875
0 0.13203125 0.3203125 0.07421875 0.0984375
0 0.25078125 0.409375 0.071875 0.0984375
0 0.328125 0.7515625 0.06875 0.096875
0 0.2734375 0.74296875 0.06796875 0.0890625
0 0.22265625 0.7328125 0.06328125 0.0859375
0 0.175 0.725 0.06171875 0.084375
0 0.21640625 0.65859375 0.0640625 0.08984375
0 0.11953125 0.64609375 0.06328125 0.08203125