0 0.91484375 0.3125 0.109375 0.13515625
0 0.81328125 0.44140625 0.10078125 0.12734375
0 0.815625 0.1796875 0.1015625 0.1421875
0 0.89453125 0.80859375 0.103125 0.12578125
0 0.52734375 0.19921875 0.08359375 0.1265625
0 0.80078125 0.5578125 0.09609375 0.12578125
0 0.37109375 0.5453125 0.07734375 0.10625
0 0.36015625 0.21171875 0.07890625 0.1203125
0 0.290625 0.32734375 0.078125 0.1140625
0 0.44140625 0.20390625 0.08359375 0.12109375
0 0.90546875 0.56484375 0.10234375 0.12890625
0 0.615625 0.1921875 0.08828125 0.128125
0 0.71484375 0.44140625 0.0953125 0.12421875
0 0.140625 0.63671875 0.06953125 0.10078125
0 0.4515625 0.4359375 0.07734375 0.11015625
0 0.70234375 0.5546875 0.09296875 0.1203125
0 0.6140625 0.55390625 0.08671875 0.11796875
0 0.4390625 0.759375 0.078125 0.109375
0 0.79375 0.675 0.0953125 0.12265625
0 0.615625 0.3234375 0.0875 0.1234375
0 0.21171875 0.328125 0.07890625 0.1125
0 0.7125 0.18515625 0.0953125 0.134375
0 0.36171875 0.6515625 0.07578125 0.1078125
0 0.1421875 0.53671875 0.0703125 0.10078125
0 0.440625 0.6515625 0.078125 0.1125
0 0.5234375 0.65625 0.0796875 0.11171875
0 0.81328125 0.31171875 0.1015625 0.13046875
0 0.13125 0.3296875 0.0734375 0.10859375
0 0.36484375 0.325 0.0796875 0.11640625
0 0.53359375 0.4375 0.08515625 0.1140625
0 0.13984375 0.73671875 0.06953125 0.0984375
0 0.61953125 0.4390625 0.0875 0.11640625
0 0.69375 0.8984375 0.0890625 0.1203125
0 0.28359375 0.6453125 0.07265625 0.10390625
0 0.91953125 0.44296875 0.1078125 0.1296875
0 0.89921875 0.6875 0.10234375 0.1265625
0 0.790625 0.7953125 0.09375 0.125
0 0.88515625 0.92421875 0.10078125 0.1234375
0 0.92578125 0.16953125 0.11015625 0.140625
0 0.3703125 0.4375 0.078125 0.10703125
0 0.21640625 0.4375 0.07734375 0.10390625
0 0.3609375 0.7546875 0.07421875 0.1078125
0 0.2046875 0.22265625 0.07421875 0.1140625
0 0.1265625 0.22109375 0.071875 0.1140625
0 0.7140625 0.3171875 0.096875 0.12734375
0 0.4484375 0.32109375 0.08125 0.1203125
0 0.69296875 0.78125 0.08984375 0.12109375
0 0.60390625 0.6625 0.08828125 0.11328125
0 0.27890625 0.2171875 0.078125 0.11484375
0 0.06640625 0.43671875 0.06953125 0.10234375
0 0.78359375 0.91015625 0.0953125 0.12890625
0 0.60390625 0.890625 0.08359375 0.11953125
0 0.1375 0.4375 0.0734375 0.103125
0 0.0546875 0.33046875 0.0734375 0.10625
0 0.296875 0.4375 0.07578125 0.1046875
0 0.2921875 0.54296875 0.0765625 0.1046875
0 0.6015625 0.7765625 0.08203125 0.11796875
0 0.53125 0.32578125 0.08515625 0.1203125
0 0.21875 0.5390625 0.0734375 0.10234375
0 0.69921875 0.67421875 0.08828125 0.11796875
0 0.36015625 0.859375 0.07421875 0.10703125
0 0.5328125 0.5484375 0.07890625 0.11484375
0 0.21484375 0.63984375 0.071875 0.1
0 0.2125 0.840625 0.06875 0.1015625
0 0.215625 0.73984375 0.0703125 0.1
0 0.0515625 0.2234375 0.07265625 0.11171875
0 0.52265625 0.76796875 0.07890625 0.1125
0 0.13828125 0.83671875 0.06796875 0.1015625
0 0.0703125 0.63125 0.06953125 0.1015625
0 0.45078125 0.55 0.078125 0.11171875
0 0.06953125 0.53984375 0.0703125 0.1
0 0.2859375 0.746875 0.07265625 0.1015625
0 0.28125 0.84765625 0.0703125 0.1078125
0 0.43984375 0.86796875 0.078125 0.11015625
0 0.07109375 0.72890625 0.0703125 0.09765625
0 0.52265625 0.87578125 0.0796875 0.11484375
0 0.078125 0.828125 0.06328125 0.1015625