0 0.43828125 0.6890625 0.2625 0.1546875
0 0.75546875 0.88515625 0.31875 0.1765625
0 0.43515625 0.540625 0.271875 0.15625
0 0.425 0.2359375 0.2765625 0.1734375
0 0.7140625 0.36796875 0.328125 0.171875
0 0.42578125 0.3828125 0.278125 0.1625
0 0.71796875 0.71171875 0.321875 0.1609375
0 0.71796875 0.20625 0.3328125 0.18125
0 0.7203125 0.5390625 0.3203125 0.1640625
0 0.45390625 0.83828125 0.275 0.153125
0 0.9109375 0.71953125 0.0453125 0.265625
0 0.9078125 0.4546875 0.04375 0.2703125
0 0.90703125 0.17265625 0.0453125 0.290625
0 0.94609375 0.7203125 0.04375 0.26875
0 0.9484375 0.4515625 0.0453125 0.2734375
0 0.94765625 0.16875 0.05 0.2984375