0 0.16640625 0.6609375 0.1390625 0.1171875
0 0.3171875 0.14296875 0.275 0.09375
0 0.346875 0.77265625 0.21875 0.065625
0 0.565625 0.76875 0.2140625 0.065625
0 0.34765625 0.8390625 0.215625 0.0609375
0 0.33671875 0.490625 0.2375 0.075
0 0.346875 0.896875 0.2125 0.0578125
0 0.56171875 0.8921875 0.209375 0.0640625
0 0.56640625 0.63359375 0.221875 0.0703125
0 0.7703125 0.82578125 0.2078125 0.059375
0 0.15390625 0.5140625 0.1484375 0.128125
0 0.834375 0.33046875 0.2546875 0.084375
0 0.5609375 0.828125 0.20625 0.059375
0 0.5859375 0.23828125 0.259375 0.090625
0 0.340625 0.703125 0.2265625 0.06875
0 0.325 0.32734375 0.259375 0.084375
0 0.56328125 0.69453125 0.2171875 0.071875
0 0.58046875 0.32890625 0.2515625 0.0828125
0 0.76484375 0.88125 0.2015625 0.05625
0 0.5796875 0.1453125 0.2703125 0.0921875
0 0.34140625 0.55859375 0.23125 0.071875
0 0.103125 0.18828125 0.159375 0.1625
0 0.77890625 0.76171875 0.2171875 0.0625
0 0.80390625 0.559375 0.234375 0.071875
0 0.57734375 0.4140625 0.24375 0.0765625
0 0.34453125 0.63359375 0.228125 0.06875
0 0.3328125 0.41015625 0.2484375 0.078125
0 0.790625 0.69375 0.225 0.065625
0 0.81484375 0.4125 0.24375 0.078125
0 0.85078125 0.146875 0.26875 0.090625
0 0.79140625 0.63359375 0.2265625 0.071875
0 0.32734375 0.2375 0.265625 0.0875
0 0.80546875 0.48984375 0.234375 0.0734375
0 0.134375 0.3546875 0.1609375 0.153125
0 0.57109375 0.5578125 0.225 0.071875
0 0.16953125 0.7734375 0.128125 0.1125
0 0.83828125 0.240625 0.259375 0.0875
0 0.575 0.48203125 0.2375 0.075
0 0.18515625 0.878125 0.1265625 0.0984375