0 0.43359375 0.63203125 0.175 0.078125
0 0.44921875 0.403125 0.1796875 0.08125
0 0.4484375 0.4734375 0.178125 0.078125
0 0.45390625 0.31875 0.184375 0.08125
0 0.59140625 0.76015625 0.1546875 0.071875
0 0.7515625 0.62265625 0.1453125 0.0703125
0 0.59609375 0.69296875 0.1546875 0.075
0 0.6109375 0.478125 0.1625 0.075
0 0.62890625 0.3296875 0.16875 0.078125
0 0.62734375 0.240625 0.1640625 0.0859375
0 0.60703125 0.55390625 0.1625 0.071875
0 0.4265625 0.7703125 0.175 0.078125
0 0.7765625 0.41015625 0.153125 0.0734375
0 0.4390625 0.55625 0.175 0.075
0 0.60078125 0.625 0.15625 0.071875
0 0.43203125 0.7 0.175 0.078125
0 0.61796875 0.40703125 0.1671875 0.075
0 0.746875 0.6859375 0.14375 0.071875
0 0.78515625 0.33359375 0.153125 0.0765625
0 0.7578125 0.5484375 0.15 0.071875
0 0.765625 0.478125 0.15 0.071875
0 0.45625 0.2265625 0.184375 0.0921875
0 0.42109375 0.8390625 0.171875 0.075
0 0.78984375 0.25078125 0.1484375 0.0796875
0 0.5828125 0.82265625 0.153125 0.075
0 0.7296875 0.75078125 0.1421875 0.0671875
0 0.73203125 0.77890625 0.14375 0.13125