0 0.5484375 0.4765625 0.13046875 0.0640625
0 0.27109375 0.8125 0.121875 0.1015625
0 0.57890625 0.31328125 0.0765625 0.09375
0 0.5078125 0.315625 0.0734375 0.09296875
0 0.43125 0.31953125 0.071875 0.090625
0 0.41484375 0.5671875 0.1390625 0.0703125
0 0.675 0.84296875 0.15390625 0.1234375
0 0.28046875 0.56796875 0.13515625 0.06953125
0 0.5328125 0.7265625 0.1453125 0.10859375
0 0.15390625 0.54375 0.1265625 0.06640625
0 0.503125 0.40390625 0.0734375 0.0890625
0 0.5765625 0.40234375 0.075 0.09140625
0 0.8390625 0.6078125 0.15703125 0.11796875
0 0.2984375 0.32734375 0.0640625 0.0859375
0 0.26796875 0.6359375 0.1296875 0.0703125
0 0.2640625 0.71640625 0.12421875 0.09765625
0 0.69140625 0.625 0.14140625 0.1140625
0 0.53125 0.83203125 0.14375 0.1140625
0 0.38828125 0.82109375 0.13203125 0.10703125
0 0.68984375 0.5265625 0.140625 0.11015625
0 0.83671875 0.49453125 0.15625 0.115625
0 0.6859375 0.7328125 0.15546875 0.1125
0 0.83359375 0.2921875 0.0890625 0.09765625
0 0.3609375 0.4109375 0.0671875 0.08671875
0 0.553125 0.5421875 0.1296875 0.0640625
0 0.30625 0.4921875 0.06875 0.0859375
0 0.15078125 0.70625 0.115625 0.09609375
0 0.390625 0.721875 0.13203125 0.103125
0 0.409375 0.640625 0.14453125 0.0734375
0 0.69296875 0.315625 0.14453125 0.10625
0 0.140625 0.3296875 0.11328125 0.05625
0 0.6890625 0.3875 0.14375 0.05703125
0 0.15390625 0.796875 0.1140625 0.09921875
0 0.5515625 0.6296875 0.13046875 0.1109375
0 0.446875 0.4890625 0.07265625 0.08671875
0 0.43203125 0.40234375 0.07109375 0.08828125
0 0.1421875 0.4828125 0.11640625 0.0546875
0 0.2578125 0.2578125 0.1140625 0.053125
0 0.8328125 0.86015625 0.1703125 0.1203125
0 0.1453125 0.62109375 0.1140625 0.09453125
0 0.35859375 0.3234375 0.06640625 0.0875
0 0.23046875 0.33046875 0.065625 0.08515625
0 0.2421875 0.496875 0.065625 0.0828125
0 0.228125 0.4109375 0.0640625 0.084375
0 0.68828125 0.44296875 0.14296875 0.05859375
0 0.1421875 0.278125 0.109375 0.0625
0 0.29765625 0.4125 0.06328125 0.084375
0 0.13984375 0.3796875 0.1125 0.0546875
0 0.3734375 0.49609375 0.06796875 0.0859375
0 0.79921875 0.21640625 0.15546875 0.06171875
0 0.13984375 0.43515625 0.11328125 0.0515625
0 0.83515625 0.36015625 0.1546875 0.05390625
0 0.840625 0.4171875 0.15234375 0.05625
0 0.84453125 0.74140625 0.1546875 0.13828125
0 0.63203125 0.23828125 0.1390625 0.05703125
0 0.37265625 0.25234375 0.11953125 0.05625
0 0.6875 0.3375 0.1421875 0.053125
0 0.5015625 0.2421875 0.12734375 0.059375
0 0.6890625 0.2890625 0.14296875 0.0546875