0 0.7546875 0.4078125 0.1015625 0.1203125
0 0.671875 0.28984375 0.0953125 0.125
0 0.85625 0.4078125 0.1125 0.12421875
0 0.471875 0.615625 0.07578125 0.10390625
0 0.47578125 0.715625 0.07734375 0.10390625
0 0.83125 0.75078125 0.103125 0.115625
0 0.4046875 0.51171875 0.0734375 0.10078125
0 0.46484375 0.2125 0.1421875 0.07265625
0 0.84453125 0.52734375 0.11015625 0.121875
0 0.63984375 0.7359375 0.0875 0.1140625
0 0.48828125 0.41015625 0.07890625 0.10859375
0 0.26328125 0.3125 0.0671875 0.103125
0 0.409375 0.3046875 0.078125 0.11328125
0 0.7375 0.6359375 0.09609375 0.115625
0 0.55703125 0.81875 0.08046875 0.10625
0 0.56953125 0.40859375 0.0828125 0.1109375
0 0.65859375 0.40859375 0.09375 0.115625
0 0.74453125 0.52578125 0.09765625 0.11640625
0 0.76875 0.2859375 0.109375 0.128125
0 0.475 0.5140625 0.07734375 0.103125
0 0.47734375 0.8125 0.07421875 0.1046875
0 0.65078125 0.62734375 0.090625 0.11328125
0 0.87109375 0.2859375 0.11875 0.13203125
0 0.84140625 0.6453125 0.1078125 0.1203125
0 0.57734375 0.30078125 0.08671875 0.11640625
0 0.3390625 0.4109375 0.0703125 0.1015625
0 0.72890625 0.74453125 0.09375 0.1171875
0 0.33828125 0.30625 0.0734375 0.10859375
0 0.6203125 0.20078125 0.15859375 0.07734375
0 0.4078125 0.41171875 0.07578125 0.1046875
0 0.3296875 0.21953125 0.13359375 0.0671875
0 0.13515625 0.31328125 0.065625 0.09765625
0 0.81953125 0.86484375 0.096875 0.1140625
0 0.65703125 0.52265625 0.09140625 0.1125
0 0.56171875 0.51875 0.08828125 0.11015625
0 0.721875 0.84375 0.0890625 0.11484375
0 0.20390625 0.31171875 0.06484375 0.1
0 0.49609375 0.30234375 0.08046875 0.11640625
0 0.27109375 0.41171875 0.06796875 0.0984375
0 0.33359375 0.69140625 0.0703125 0.1015625
0 0.63828125 0.83515625 0.084375 0.1109375
0 0.3375 0.78515625 0.0671875 0.0984375
0 0.4046875 0.79453125 0.0734375 0.10234375
0 0.55859375 0.71953125 0.0828125 0.11015625
0 0.55546875 0.62421875 0.0875 0.1125
0 0.334375 0.51015625 0.0671875 0.1
0 0.2046875 0.40625 0.0640625 0.0953125
0 0.3953125 0.6046875 0.0734375 0.10234375
0 0.1734375 0.50234375 0.12109375 0.09296875
0 0.26015625 0.590625 0.065625 0.096875
0 0.2703125 0.50234375 0.06484375 0.09609375
0 0.0828125 0.40546875 0.06171875 0.0890625
0 0.1390625 0.4046875 0.06171875 0.09296875
0 0.7890625 0.18984375 0.17734375 0.07890625
0 0.14140625 0.58515625 0.059375 0.090625
0 0.328125 0.59921875 0.06796875 0.09921875
0 0.4 0.70078125 0.0734375 0.10625
0 0.209375 0.765625 0.0734375 0.09296875
0 0.23828125 0.68203125 0.1203125 0.0953125
0 0.203125 0.5875 0.05859375 0.09140625
0 0.27578125 0.77265625 0.065625 0.0984375
0 0.0734375 0.315625 0.0671875 0.1
0 0.0890625 0.49921875 0.05703125 0.0859375
0 0.0875 0.5796875 0.05546875 0.0859375
0 0.20703125 0.67734375 0.06328125 0.0921875
0 0.1484375 0.75625 0.059375 0.0859375
0 0.14375 0.66953125 0.0625 0.08515625
0 0.20234375 0.5 0.0625 0.09375
0 0.2046875 0.22890625 0.125 0.0703125
0 0.096875 0.23671875 0.10703125 0.06796875
0 0.0875 0.66171875 0.0671875 0.0921875
0 0.090625 0.74140625 0.0671875 0.0875