0 0.796875 0.71640625 0.065625 0.1875
0 0.6203125 0.890625 0.059375 0.1875
0 0.79296875 0.5296875 0.065625 0.18125
0 0.74296875 0.896875 0.0625 0.184375
0 0.35234375 0.87734375 0.05 0.16875
0 0.30546875 0.875 0.05 0.165625
0 0.3984375 0.8796875 0.05 0.171875
0 0.72734375 0.53359375 0.0625 0.178125
0 0.67734375 0.89453125 0.0609375 0.1875
0 0.659375 0.4046875 0.1 0.1
0 0.73046875 0.71640625 0.0625 0.184375
0 0.803125 0.9 0.06875 0.190625
0 0.66875 0.53671875 0.059375 0.175
0 0.6734375 0.71171875 0.059375 0.18125
0 0.5609375 0.4140625 0.090625 0.09375
0 0.4484375 0.5484375 0.0484375 0.15625
0 0.496875 0.546875 0.053125 0.15625
0 0.55546875 0.54453125 0.053125 0.1609375
0 0.40390625 0.55078125 0.046875 0.153125
0 0.50234375 0.8828125 0.053125 0.178125
0 0.390625 0.4296875 0.078125 0.0859375
0 0.45234375 0.88125 0.05 0.175
0 0.6125 0.70703125 0.05625 0.175
0 0.35546875 0.70703125 0.046875 0.1578125
0 0.76640625 0.38984375 0.1078125 0.103125
0 0.40859375 0.70703125 0.046875 0.159375
0 0.5109375 0.70703125 0.05 0.165625
0 0.609375 0.53984375 0.05625 0.165625
0 0.3515625 0.55234375 0.04375 0.153125
0 0.31015625 0.70703125 0.046875 0.15625
0 0.47265625 0.4234375 0.084375 0.090625
0 0.25234375 0.87265625 0.046875 0.165625
0 0.45546875 0.70703125 0.05 0.1625
0 0.31015625 0.434375 0.08125 0.0859375
0 0.5609375 0.709375 0.05625 0.1703125
0 0.5609375 0.88125 0.05625 0.178125
0 0.30703125 0.55625 0.0453125 0.15
0 0.25546875 0.55703125 0.04375 0.146875
0 0.25625 0.70859375 0.046875 0.153125