0 0.46484375 0.83828125 0.0734375 0.1859375
0 0.24296875 0.82109375 0.0671875 0.175
0 0.8859375 0.86328125 0.090625 0.2
0 0.27890625 0.35859375 0.11640625 0.09296875
0 0.696875 0.4765625 0.08046875 0.17578125
0 0.396875 0.35625 0.11875 0.09375
0 0.88359375 0.665625 0.09375 0.19453125
0 0.4671875 0.484375 0.06796875 0.16640625
0 0.8796875 0.471875 0.090625 0.18828125
0 0.39140625 0.48828125 0.06796875 0.16328125
0 0.18203125 0.48671875 0.06328125 0.15625
0 0.54375 0.48125 0.07265625 0.16953125
0 0.79375 0.475 0.08671875 0.18203125
0 0.12265625 0.48984375 0.0609375 0.1546875
0 0.17109375 0.8171875 0.06640625 0.1734375
0 0.61875 0.66015625 0.0765625 0.18046875
0 0.69921875 0.66015625 0.0828125 0.1859375
0 0.6140625 0.47734375 0.075 0.17421875
0 0.24609375 0.65078125 0.06640625 0.1671875
0 0.159375 0.3671875 0.1109375 0.0890625
0 0.253125 0.48671875 0.06640625 0.15625
0 0.5453125 0.6578125 0.0734375 0.17890625
0 0.79375 0.853125 0.0890625 0.1984375
0 0.62265625 0.83984375 0.0796875 0.19140625
0 0.78828125 0.66328125 0.0890625 0.19296875
0 0.38984375 0.6578125 0.06796875 0.16796875
0 0.54921875 0.8375 0.07734375 0.18984375
0 0.32734375 0.48515625 0.0671875 0.1578125
0 0.18203125 0.6484375 0.06640625 0.1671875
0 0.31328125 0.8265625 0.06796875 0.17890625
0 0.3203125 0.6515625 0.0671875 0.16796875
0 0.38671875 0.83046875 0.0703125 0.18203125
0 0.846875 0.32734375 0.15 0.10703125
0 0.1140625 0.6453125 0.0625 0.16328125
0 0.6921875 0.33515625 0.13984375 0.10390625
0 0.70703125 0.85234375 0.08359375 0.1921875
0 0.4671875 0.65546875 0.0734375 0.17265625
0 0.55703125 0.346875 0.12890625 0.09921875
0 0.11015625 0.815625 0.06328125 0.17265625