0 0.69296875 0.578125 0.06875 0.0625
0 0.61953125 0.57734375 0.07265625 0.06171875
0 0.7828125 0.48359375 0.1078125 0.05
0 0.84375 0.7421875 0.06796875 0.0875
0 0.7953125 0.67421875 0.1234375 0.05546875
0 0.79375 0.62578125 0.1234375 0.05
0 0.771875 0.7421875 0.065625 0.0890625
0 0.2578125 0.43828125 0.07421875 0.0609375
0 0.61875 0.52265625 0.07265625 0.0609375
0 0.621875 0.46015625 0.08359375 0.0546875
0 0.40390625 0.43984375 0.0703125 0.0578125
0 0.18125 0.4390625 0.07578125 0.06171875
0 0.334375 0.4375 0.07265625 0.06015625
0 0.6921875 0.52109375 0.06875 0.06015625
0 0.47578125 0.440625 0.0703125 0.05859375
0 0.7890625 0.53203125 0.1171875 0.04609375
0 0.19453125 0.871875 0.15078125 0.04921875
0 0.6984375 0.45859375 0.06484375 0.059375
0 0.790625 0.57578125 0.121875 0.046875
0 0.53203125 0.609375 0.11015625 0.04453125
0 0.7765625 0.8453125 0.06796875 0.065625
0 0.69609375 0.64375 0.06875 0.06171875
0 0.84765625 0.82890625 0.06484375 0.09296875
0 0.53203125 0.4875 0.11171875 0.040625
0 0.621875 0.64296875 0.0734375 0.06328125
0 0.77578125 0.81953125 0.06796875 0.07265625
0 0.35703125 0.8671875 0.15625 0.0484375
0 0.5125 0.775 0.1546875 0.046875
0 0.3109375 0.4875 0.11484375 0.04140625
0 0.54765625 0.4421875 0.0671875 0.0578125
0 0.7828125 0.43828125 0.1140625 0.053125
0 0.4234375 0.4875 0.11484375 0.04453125
0 0.421875 0.52734375 0.11953125 0.04296875
0 0.4203125 0.5671875 0.1125 0.04375
0 0.52890625 0.52734375 0.11171875 0.04296875
0 0.53046875 0.56796875 0.11328125 0.04296875
0 0.5328125 0.65 0.115625 0.046875
0 0.421875 0.60859375 0.11484375 0.04375
0 0.42265625 0.65078125 0.115625 0.04609375
0 0.1984375 0.4875 0.11953125 0.04453125
0 0.3109375 0.5265625 0.11171875 0.04296875
0 0.196875 0.52734375 0.121875 0.0421875
0 0.19296875 0.56875 0.12421875 0.04453125
0 0.309375 0.56640625 0.1171875 0.04453125
0 0.19140625 0.61015625 0.12265625 0.04609375
0 0.30703125 0.60859375 0.1234375 0.04453125
0 0.18671875 0.6546875 0.121875 0.04765625
0 0.30625 0.653125 0.1234375 0.04765625
0 0.2046875 0.696875 0.16484375 0.04296875
0 0.36171875 0.69375 0.1578125 0.04609375
0 0.51328125 0.69140625 0.153125 0.04375
0 0.66015625 0.690625 0.153125 0.046875
0 0.2015625 0.73828125 0.165625 0.0453125
0 0.359375 0.73515625 0.16640625 0.04375
0 0.51328125 0.7328125 0.1578125 0.04296875
0 0.66328125 0.73125 0.15546875 0.04375
0 0.20078125 0.78125 0.16953125 0.0484375
0 0.3609375 0.7765625 0.16015625 0.0453125
0 0.665625 0.77265625 0.15390625 0.04375
0 0.196875 0.825 0.16953125 0.04609375
0 0.36015625 0.82109375 0.16171875 0.04921875
0 0.51640625 0.81640625 0.15546875 0.04609375
0 0.665625 0.8140625 0.15703125 0.0484375
0 0.5140625 0.86015625 0.16171875 0.046875
0 0.665625 0.8578125 0.153125 0.04609375