0 0.171875 0.4890625 0.190625 0.065625
0 0.703125 0.6984375 0.11875 0.125
0 0.54453125 0.70703125 0.19375 0.0703125
0 0.54609375 0.640625 0.184375 0.065625
0 0.3625 0.63203125 0.190625 0.0671875
0 0.6796875 0.21953125 0.1 0.096875
0 0.35390625 0.78203125 0.2 0.071875
0 0.34765625 0.85859375 0.2 0.075
0 0.55 0.78203125 0.19375 0.0734375
0 0.3640625 0.56875 0.190625 0.0640625
0 0.5484375 0.86328125 0.2 0.0734375
0 0.19453125 0.23984375 0.184375 0.05625
0 0.5453125 0.503125 0.18125 0.0625
0 0.371875 0.36640625 0.184375 0.0625
0 0.17890625 0.42890625 0.1875 0.0609375
0 0.359375 0.70625 0.1953125 0.071875
0 0.153125 0.70546875 0.2 0.0703125
0 0.54921875 0.3796875 0.175 0.0625
0 0.36484375 0.50078125 0.1875 0.065625
0 0.68203125 0.32265625 0.103125 0.10625
0 0.3765625 0.31171875 0.1765625 0.059375
0 0.55078125 0.31484375 0.1734375 0.059375
0 0.159375 0.63671875 0.2 0.071875
0 0.5484375 0.56953125 0.18125 0.065625
0 0.36796875 0.4390625 0.184375 0.0625
0 0.16484375 0.55859375 0.196875 0.06875
0 0.15078125 0.78125 0.209375 0.0734375
0 0.68125 0.4390625 0.1015625 0.1078125
0 0.70390625 0.83359375 0.1140625 0.13125
0 0.184375 0.3625 0.190625 0.059375
0 0.14140625 0.86015625 0.2125 0.075
0 0.375 0.246875 0.1765625 0.059375
0 0.190625 0.30546875 0.1875 0.059375
0 0.54453125 0.44453125 0.178125 0.059375
0 0.69609375 0.58046875 0.115625 0.1140625
0 0.3734375 0.190625 0.175 0.059375
0 0.5453125 0.25078125 0.171875 0.059375
0 0.55078125 0.19296875 0.171875 0.059375
0 0.1953125 0.18671875 0.178125 0.05625