0 0.575 0.2140625 0.2109375 0.0734375
0 0.36953125 0.284375 0.2046875 0.06875
0 0.5828125 0.60546875 0.184375 0.0578125
0 0.38828125 0.49609375 0.190625 0.0625
0 0.37578125 0.35703125 0.2015625 0.065625
0 0.58828125 0.77109375 0.175 0.0515625
0 0.1984375 0.55859375 0.190625 0.059375
0 0.1828125 0.43515625 0.203125 0.065625
0 0.36875 0.215625 0.209375 0.075
0 0.58515625 0.82109375 0.171875 0.053125
0 0.575 0.48515625 0.190625 0.0609375
0 0.58046875 0.28203125 0.2078125 0.06875
0 0.40859375 0.7765625 0.1765625 0.0515625
0 0.38671875 0.55390625 0.1921875 0.0578125
0 0.7390625 0.2328125 0.121875 0.128125
0 0.22109375 0.7234375 0.18125 0.0546875
0 0.57890625 0.3546875 0.2046875 0.06875
0 0.40625 0.7265625 0.178125 0.053125
0 0.57890625 0.4234375 0.196875 0.0625
0 0.71875 0.784375 0.103125 0.0859375
0 0.171875 0.36015625 0.209375 0.0671875
0 0.16171875 0.29453125 0.20625 0.06875
0 0.73515625 0.3578125 0.121875 0.115625
0 0.58046875 0.55078125 0.1875 0.059375
0 0.21484375 0.67109375 0.184375 0.0578125
0 0.1859375 0.50078125 0.1984375 0.059375
0 0.14765625 0.21796875 0.2171875 0.075
0 0.3828125 0.425 0.19375 0.0640625
0 0.41328125 0.825 0.175 0.0515625
0 0.5875 0.721875 0.1796875 0.0546875
0 0.584375 0.6640625 0.18125 0.05625
0 0.72421875 0.46953125 0.1140625 0.10625
0 0.203125 0.61171875 0.184375 0.05625
0 0.39765625 0.66875 0.178125 0.05625
0 0.71953125 0.69375 0.1046875 0.090625
0 0.23046875 0.7796875 0.1765625 0.0484375
0 0.39296875 0.6078125 0.1828125 0.0578125
0 0.24140625 0.83515625 0.175 0.053125
0 0.72421875 0.578125 0.109375 0.103125