0 0.196875 0.17578125 0.228125 0.04140625
0 0.1921875 0.19453125 0.22734375 0.0390625
0 0.1890625 0.2140625 0.2265625 0.03671875
0 0.190625 0.23515625 0.23125 0.0390625
0 0.1875 0.25390625 0.2296875 0.03359375
0 0.1875 0.27265625 0.23125 0.03515625
0 0.1859375 0.29296875 0.2265625 0.034375
0 0.18671875 0.3125 0.2328125 0.03515625
0 0.18828125 0.33203125 0.228125 0.03515625
0 0.1890625 0.35 0.2390625 0.034375
0 0.18359375 0.36875 0.23203125 0.034375
0 0.1828125 0.38828125 0.23203125 0.03515625
0 0.18515625 0.4078125 0.2328125 0.03359375
0 0.1875 0.42734375 0.23203125 0.03359375
0 0.1875 0.4484375 0.22890625 0.0328125
0 0.1859375 0.465625 0.2328125 0.03125
0 0.1875 0.48671875 0.228125 0.03046875
0 0.1875 0.50546875 0.22890625 0.0296875
0 0.190625 0.525 0.23671875 0.02890625
0 0.1859375 0.54296875 0.2296875 0.02734375
0 0.18828125 0.5625 0.2359375 0.028125
0 0.18515625 0.58203125 0.23359375 0.02734375
0 0.1875 0.6 0.23203125 0.025
0 0.19140625 0.61953125 0.22890625 0.025
0 0.1875 0.63984375 0.23203125 0.02578125
0 0.18203125 0.6578125 0.2328125 0.02578125
0 0.1828125 0.678125 0.23125 0.0234375
0 0.1875 0.696875 0.2359375 0.02265625
0 0.1828125 0.71640625 0.2359375 0.0234375
0 0.1796875 0.7375 0.23359375 0.02578125
0 0.1828125 0.7578125 0.23515625 0.02578125
0 0.18046875 0.778125 0.2359375 0.0234375
0 0.18046875 0.79609375 0.23984375 0.02890625
0 0.178125 0.8171875 0.23125 0.02578125
0 0.18046875 0.83515625 0.23984375 0.03203125
0 0.18515625 0.8546875 0.23828125 0.0328125
0 0.18125 0.871875 0.23359375 0.03359375
0 0.18125 0.890625 0.23359375 0.03046875
0 0.1828125 0.91015625 0.23359375 0.0328125
0 0.4171875 0.1921875 0.21328125 0.0421875
0 0.4140625 0.2109375 0.21171875 0.03828125
0 0.41875 0.228125 0.2140625 0.040625
0 0.41328125 0.246875 0.2109375 0.03984375
0 0.41171875 0.284375 0.2140625 0.0390625
0 0.41015625 0.30234375 0.2125 0.0375
0 0.4125 0.321875 0.215625 0.0359375
0 0.4078125 0.33984375 0.21484375 0.034375
0 0.4109375 0.359375 0.21796875 0.0328125
0 0.41640625 0.37890625 0.2171875 0.03359375
0 0.41015625 0.39609375 0.2171875 0.03359375
0 0.40625 0.4140625 0.21484375 0.0328125
0 0.4125 0.43359375 0.21484375 0.0296875
0 0.409375 0.45078125 0.2125 0.03125
0 0.4078125 0.4703125 0.21328125 0.02890625
0 0.40546875 0.4890625 0.2140625 0.02890625
0 0.40859375 0.50859375 0.21484375 0.028125
0 0.4109375 0.5265625 0.2140625 0.02578125
0 0.4125 0.54453125 0.21640625 0.02578125
0 0.4109375 0.5625 0.21328125 0.02578125
0 0.41015625 0.58125 0.2171875 0.025
0 0.41484375 0.5984375 0.2125 0.02578125
0 0.4140625 0.61796875 0.2171875 0.025
0 0.4171875 0.63671875 0.2203125 0.0265625
0 0.40625 0.65546875 0.2203125 0.02578125
0 0.41015625 0.67578125 0.22109375 0.02578125
0 0.409375 0.6953125 0.21875 0.025
0 0.4109375 0.71484375 0.22109375 0.02421875
0 0.4078125 0.73359375 0.2234375 0.021875
0 0.40703125 0.75390625 0.22109375 0.0234375
0 0.40625 0.77265625 0.21953125 0.0234375
0 0.4046875 0.790625 0.22109375 0.02265625
0 0.41171875 0.80859375 0.21953125 0.025
0 0.40859375 0.828125 0.22109375 0.0265625
0 0.40546875 0.84453125 0.21484375 0.02734375
0 0.40546875 0.8625 0.21640625 0.02734375
0 0.4078125 0.88203125 0.21953125 0.0296875
0 0.403125 0.89765625 0.21484375 0.03359375
0 0.62578125 0.21484375 0.2 0.03671875
0 0.625 0.23359375 0.2 0.03515625
0 0.625 0.25234375 0.19921875 0.034375
0 0.62109375 0.2703125 0.203125 0.0328125
0 0.6234375 0.2890625 0.20234375 0.03203125
0 0.62109375 0.30703125 0.2 0.03046875
0 0.61953125 0.32421875 0.20234375 0.0296875
0 0.6265625 0.34296875 0.2015625 0.0296875
0 0.6203125 0.3609375 0.20078125 0.03125
0 0.6234375 0.3796875 0.20390625 0.03125
0 0.628125 0.3984375 0.2 0.0328125
0 0.6234375 0.415625 0.20078125 0.03125
0 0.6234375 0.434375 0.2015625 0.03046875
0 0.6203125 0.45234375 0.20390625 0.0296875
0 0.61640625 0.4703125 0.203125 0.028125
0 0.62109375 0.48828125 0.203125 0.02734375
0 0.615625 0.50625 0.20234375 0.02734375
0 0.6171875 0.5234375 0.20234375 0.02890625
0 0.62265625 0.53984375 0.20390625 0.025
0 0.62265625 0.5578125 0.20546875 0.02578125
0 0.61953125 0.5765625 0.20546875 0.025
0 0.62421875 0.59375 0.20703125 0.025
0 0.6265625 0.6125 0.2109375 0.025
0 0.63046875 0.63203125 0.2109375 0.0265625
0 0.63203125 0.6515625 0.20859375 0.02421875
0 0.62890625 0.6703125 0.21484375 0.02265625
0 0.628125 0.68984375 0.2140625 0.02265625
0 0.62734375 0.71015625 0.2109375 0.02265625
0 0.62421875 0.728125 0.2109375 0.025
0 0.6265625 0.74609375 0.20859375 0.025
0 0.62109375 0.76484375 0.20859375 0.025
0 0.61953125 0.78125 0.20859375 0.021875
0 0.625 0.7984375 0.209375 0.02265625
0 0.621875 0.81640625 0.2046875 0.02734375
0 0.62109375 0.834375 0.209375 0.028125
0 0.61875 0.85234375 0.2109375 0.028125
0 0.615625 0.8703125 0.209375 0.02890625
0 0.61796875 0.8890625 0.2078125 0.03046875
0 0.82421875 0.22421875 0.19140625 0.03046875
0 0.82265625 0.240625 0.19453125 0.03046875
0 0.82265625 0.25859375 0.19765625 0.03046875
0 0.81953125 0.27578125 0.19453125 0.03046875
0 0.8203125 0.29609375 0.19296875 0.03046875
0 0.821875 0.31328125 0.19375 0.028125
0 0.82265625 0.33046875 0.19453125 0.028125
0 0.82734375 0.34765625 0.190625 0.02734375
0 0.8203125 0.3640625 0.19609375 0.0265625
0 0.81875 0.38203125 0.19765625 0.0265625
0 0.83125 0.4 0.20078125 0.028125
0 0.825 0.4171875 0.19765625 0.028125
0 0.82734375 0.434375 0.19921875 0.0265625
0 0.82421875 0.45234375 0.20234375 0.0265625
0 0.82578125 0.4703125 0.20078125 0.025
0 0.82265625 0.4875 0.20390625 0.025
0 0.82421875 0.50546875 0.19921875 0.02578125
0 0.828125 0.5234375 0.2015625 0.025
0 0.825 0.5421875 0.203125 0.025
0 0.825 0.56015625 0.20546875 0.0265625
0 0.82421875 0.57734375 0.209375 0.02578125
0 0.8328125 0.5953125 0.2109375 0.02578125
0 0.83203125 0.6140625 0.20546875 0.02421875
0 0.84609375 0.63359375 0.20546875 0.0234375
0 0.8421875 0.65234375 0.20703125 0.0234375
0 0.84140625 0.671875 0.20703125 0.021875
0 0.83828125 0.690625 0.20625 0.021875
0 0.83984375 0.70859375 0.20703125 0.02265625
0 0.8375 0.72734375 0.20234375 0.02109375
0 0.83828125 0.74609375 0.20625 0.02109375
0 0.83203125 0.7625 0.20078125 0.02265625
0 0.828125 0.778125 0.2 0.02109375
0 0.94296875 0.3546875 0.0296875 0.15546875
0 0.9515625 0.5078125 0.03203125 0.1546875
0 0.9515625 0.659375 0.02734375 0.15390625
0 0.946875 0.81171875 0.0296875 0.153125