0 0.8140625 0.2296875 0.1765625 0.08046875
0 0.2796875 0.65078125 0.071875 0.084375
0 0.8390625 0.5828125 0.1 0.09921875
0 0.57734375 0.390625 0.08359375 0.09765625
0 0.49765625 0.571875 0.0796875 0.09296875
0 0.42265625 0.3 0.07734375 0.09453125
0 0.8390625 0.6796875 0.0953125 0.09921875
0 0.20703125 0.396875 0.07109375 0.0875
0 0.57421875 0.5734375 0.08046875 0.0921875
0 0.66796875 0.29609375 0.0875 0.0984375
0 0.75546875 0.38984375 0.09296875 0.09921875
0 0.34453125 0.3109375 0.0734375 0.09375
0 0.84296875 0.38515625 0.096875 0.10078125
0 0.13984375 0.3984375 0.06640625 0.0859375
0 0.84375 0.4859375 0.09609375 0.1
0 0.809375 0.30234375 0.18125 0.075
0 0.6625 0.48828125 0.08828125 0.09765625
0 0.40078125 0.2203125 0.140625 0.07578125
0 0.7515625 0.48828125 0.0890625 0.0984375
0 0.13203125 0.3140625 0.06953125 0.090625
0 0.66328125 0.39140625 0.0875 0.096875
0 0.14609375 0.56328125 0.06953125 0.08359375
0 0.57578125 0.66328125 0.08359375 0.09296875
0 0.34921875 0.65546875 0.0734375 0.084375
0 0.346875 0.39921875 0.07265625 0.08671875
0 0.57734375 0.48828125 0.08515625 0.09375
0 0.5015625 0.39375 0.0796875 0.0953125
0 0.20390625 0.31328125 0.0703125 0.09140625
0 0.7421875 0.76640625 0.090625 0.0984375
0 0.2703125 0.3140625 0.0734375 0.09140625
0 0.49453125 0.48359375 0.07890625 0.09296875
0 0.42421875 0.3953125 0.07734375 0.09140625
0 0.58046875 0.2984375 0.08359375 0.1
0 0.49609375 0.303125 0.0796875 0.09609375
0 0.21171875 0.5640625 0.06875 0.08359375
0 0.73984375 0.57734375 0.08984375 0.09609375
0 0.2109375 0.48046875 0.06875 0.0859375
0 0.42265625 0.48203125 0.07421875 0.08984375
0 0.1484375 0.64609375 0.06953125 0.0828125
0 0.4234375 0.56796875 0.07578125 0.0875
0 0.2140625 0.6484375 0.06953125 0.08046875
0 0.66328125 0.66640625 0.08515625 0.09453125
0 0.34921875 0.48359375 0.071875 0.08984375
0 0.65625 0.578125 0.08515625 0.09375
0 0.27421875 0.48359375 0.0734375 0.0890625
0 0.35 0.56796875 0.06875 0.08671875
0 0.39921875 0.8234375 0.121875 0.065625
0 0.2734375 0.40078125 0.07109375 0.08671875
0 0.66171875 0.76015625 0.08359375 0.0953125
0 0.525 0.834375 0.13203125 0.0703125
0 0.28203125 0.56640625 0.07109375 0.08515625
0 0.7484375 0.6734375 0.090625 0.09765625
0 0.42734375 0.74609375 0.07421875 0.09609375
0 0.65703125 0.84765625 0.1390625 0.0765625
0 0.1390625 0.48046875 0.06640625 0.084375
0 0.26796875 0.23046875 0.128125 0.0734375
0 0.15 0.7265625 0.06484375 0.0765625
0 0.49765625 0.6609375 0.07578125 0.090625
0 0.49921875 0.74765625 0.07734375 0.090625
0 0.57890625 0.75703125 0.08125 0.0953125
0 0.35234375 0.740625 0.07265625 0.090625
0 0.284375 0.75078125 0.078125 0.115625
0 0.8328125 0.775 0.0921875 0.1046875
0 0.52890625 0.21328125 0.12109375 0.0765625
0 0.4265625 0.6578125 0.075 0.0875
0 0.2171875 0.7234375 0.0671875 0.078125
0 0.16875 0.7953125 0.109375 0.06875
0 0.6546875 0.21328125 0.13203125 0.0703125
0 0.27265625 0.80390625 0.1359375 0.0796875
0 0.7984375 0.859375 0.14765625 0.08671875
0 0.146875 0.234375 0.12421875 0.08125