0 0.89609375 0.64375 0.1359375 0.14765625
0 0.93984375 0.3375 0.1203125 0.1734375
0 0.790625 0.48828125 0.1203125 0.1515625
0 0.82109375 0.34140625 0.13359375 0.16640625
0 0.5859375 0.34140625 0.103125 0.14453125
0 0.7765625 0.625 0.11171875 0.13984375
0 0.43359375 0.23671875 0.1515625 0.08203125
0 0.921875 0.496875 0.146875 0.16015625
0 0.69140625 0.34140625 0.11640625 0.15625
0 0.67890625 0.484375 0.1078125 0.14140625
0 0.66875 0.6109375 0.1 0.134375
0 0.06171875 0.34609375 0.0765625 0.10859375
0 0.48671875 0.3421875 0.09296875 0.13828125
0 0.5734375 0.478125 0.0953125 0.13125
0 0.478125 0.4734375 0.0875 0.12734375
0 0.5984375 0.2296875 0.18125 0.09140625
0 0.39375 0.3453125 0.08046875 0.1296875
0 0.08515625 0.53828125 0.0703125 0.09765625
0 0.55390625 0.81171875 0.08359375 0.11640625
0 0.309375 0.34296875 0.0921875 0.121875
0 0.25859375 0.55390625 0.0734375 0.10546875
0 0.23671875 0.3453125 0.07421875 0.11875
0 0.5640625 0.7140625 0.08828125 0.1234375
0 0.29453125 0.24296875 0.13203125 0.07578125
0 0.86953125 0.7671875 0.1203125 0.13359375
0 0.4734375 0.79453125 0.07890625 0.11328125
0 0.57265625 0.59921875 0.09140625 0.1265625
0 0.7375 0.8546875 0.10078125 0.12265625
0 0.40703125 0.67578125 0.0796875 0.11171875
0 0.76328125 0.74140625 0.109375 0.1296875
0 0.659375 0.7234375 0.09453125 0.12578125
0 0.33125 0.565625 0.0734375 0.11328125
0 0.4796875 0.5859375 0.08359375 0.12578125
0 0.48125 0.6921875 0.08203125 0.11796875
0 0.6375 0.8265625 0.0890625 0.12109375
0 0.80234375 0.21328125 0.21796875 0.09921875
0 0.27265625 0.65546875 0.0703125 0.10390625
0 0.40546875 0.57734375 0.0796875 0.10546875
0 0.25390625 0.453125 0.0859375 0.115625
0 0.1734375 0.25 0.1125 0.0703125
0 0.33515625 0.665625 0.0734375 0.1109375
0 0.3921875 0.46953125 0.07734375 0.128125
0 0.1015625 0.62109375 0.06796875 0.09453125
0 0.1734375 0.3421875 0.07265625 0.11328125
0 0.4 0.7734375 0.07265625 0.11171875
0 0.13046875 0.44765625 0.08203125 0.10546875
0 0.84296875 0.87578125 0.11171875 0.13046875
0 0.19921875 0.55 0.06484375 0.1046875
0 0.2125 0.64140625 0.07109375 0.09296875
0 0.11640625 0.7 0.0625 0.07890625
0 0.07578125 0.44375 0.06875 0.09921875
0 0.0671875 0.25703125 0.1 0.065625
0 0.32890625 0.7609375 0.065625 0.096875
0 0.1140625 0.3421875 0.08671875 0.1140625
0 0.15234375 0.6296875 0.0765625 0.1015625
0 0.1375 0.53984375 0.078125 0.103125
0 0.18828125 0.44921875 0.08671875 0.10703125
0 0.31953125 0.45703125 0.09375 0.11953125