0 0.48671875 0.87421875 0.0859375 0.078125
0 0.7296875 0.4859375 0.0921875 0.078125
0 0.728125 0.41171875 0.090625 0.078125
0 0.66015625 0.80078125 0.0859375 0.08125
0 0.571875 0.7953125 0.08125 0.0765625
0 0.48203125 0.646875 0.08125 0.075
0 0.565625 0.64609375 0.08125 0.075
0 0.65703125 0.725 0.0859375 0.08125
0 0.72890625 0.33671875 0.096875 0.084375
0 0.48828125 0.79609375 0.0875 0.0734375
0 0.48359375 0.7203125 0.084375 0.08125
0 0.7484375 0.725 0.0875 0.08125
0 0.64609375 0.41953125 0.0796875 0.0734375
0 0.82265625 0.40703125 0.0875 0.078125
0 0.56328125 0.721875 0.08125 0.078125
0 0.65078125 0.48828125 0.078125 0.075
0 0.82890625 0.56015625 0.090625 0.08125
0 0.75234375 0.8015625 0.0875 0.08125
0 0.80390625 0.03828125 0.090625 0.0765625
0 0.56953125 0.87421875 0.084375 0.0796875
0 0.48125 0.57421875 0.08125 0.078125
0 0.81953125 0.328125 0.0875 0.078125
0 0.63125 0.0609375 0.08125 0.0859375
0 0.8265625 0.478125 0.0875 0.078125
0 0.57578125 0.95703125 0.08125 0.0828125
0 0.82421875 0.64453125 0.090625 0.08125
0 0.56484375 0.5671875 0.0796875 0.075
0 0.7484375 0.9625 0.0890625 0.075
0 0.66328125 0.88203125 0.0859375 0.0828125
0 0.72421875 0.26640625 0.096875 0.08125
0 0.73828125 0.5640625 0.0875 0.078125
0 0.84609375 0.890625 0.0953125 0.084375
0 0.75078125 0.88203125 0.09375 0.084375
0 0.4890625 0.95390625 0.090625 0.0859375
0 0.4796875 0.50390625 0.0796875 0.075
0 0.6375 0.6421875 0.0484375 0.078125
0 0.84453125 0.80703125 0.09375 0.090625
0 0.5609375 0.42578125 0.08125 0.071875
0 0.8171875 0.2484375 0.0875 0.08125
0 0.56171875 0.35078125 0.078125 0.075
0 0.47734375 0.36328125 0.078125 0.078125
0 0.6453125 0.56796875 0.0875 0.084375
0 0.64609375 0.340625 0.08125 0.075
0 0.478125 0.43203125 0.078125 0.075
0 0.71640625 0.0453125 0.0875 0.090625
0 0.84140625 0.72265625 0.09375 0.0828125
0 0.665625 0.96328125 0.0765625 0.071875
0 0.67578125 0.64375 0.034375 0.075
0 0.55546875 0.2828125 0.078125 0.08125
0 0.846875 0.9671875 0.1046875 0.065625
0 0.5578125 0.49609375 0.0828125 0.078125
0 0.47578125 0.29453125 0.0765625 0.078125
0 0.47578125 0.22421875 0.078125 0.0828125
0 0.475 0.15703125 0.08125 0.084375
0 0.4734375 0.0890625 0.0796875 0.0828125
0 0.5546875 0.21328125 0.08125 0.08125
0 0.55234375 0.14453125 0.08125 0.08125
0 0.55234375 0.078125 0.078125 0.0859375
0 0.6375 0.27109375 0.0859375 0.084375
0 0.63671875 0.2015625 0.084375 0.084375
0 0.63359375 0.13046875 0.084375 0.0875
0 0.73828125 0.64453125 0.09375 0.0890625
0 0.72109375 0.18984375 0.090625 0.0875
0 0.71796875 0.11875 0.090625 0.0859375
0 0.81171875 0.175 0.096875 0.090625
0 0.8078125 0.10390625 0.09375 0.0875