0 0.59453125 0.40390625 0.134375 0.16328125
0 0.90703125 0.76328125 0.16171875 0.2109375
0 0.58046875 0.565625 0.1640625 0.18125
0 0.7390625 0.56640625 0.1484375 0.1875
0 0.72109375 0.39765625 0.14765625 0.171875
0 0.43125 0.57109375 0.153125 0.171875
0 0.6359375 0.24921875 0.13984375 0.14140625
0 0.759375 0.753125 0.159375 0.19609375
0 0.6140625 0.74921875 0.13984375 0.19375
0 0.503125 0.74453125 0.090625 0.190625
0 0.42265625 0.7359375 0.084375 0.1890625
0 0.334375 0.740625 0.08828125 0.190625
0 0.49609375 0.25703125 0.134375 0.13671875
0 0.753125 0.2390625 0.10078125 0.13984375
0 0.453125 0.4046875 0.12890625 0.16015625
0 0.871875 0.39375 0.15390625 0.17734375
0 0.21640625 0.49140625 0.09296875 0.1078125
0 0.24765625 0.7390625 0.0859375 0.184375
0 0.30703125 0.403125 0.15390625 0.08359375
0 0.30859375 0.490625 0.0984375 0.109375
0 0.85390625 0.23203125 0.1046875 0.140625
0 0.26796875 0.59296875 0.0984375 0.10390625
0 0.88671875 0.565625 0.16640625 0.19375
0 0.121875 0.4890625 0.08984375 0.10546875
0 0.1796875 0.59296875 0.08984375 0.10703125
0 0.15390625 0.4 0.14765625 0.08515625
0 0.16328125 0.73515625 0.08125 0.1796875
0 0.0890625 0.58984375 0.10703125 0.1109375
0 0.08515625 0.72734375 0.10546875 0.1796875