0 0.0578125 0.8921875 0.034375 0.05
0 0.3515625 0.725 0.034375 0.046875
0 0.35625 0.77265625 0.03125 0.046875
0 0.35234375 0.39296875 0.034375 0.05
0 0.44375 0.3921875 0.0328125 0.046875
0 0.415625 0.76953125 0.03125 0.0484375
0 0.56171875 0.62265625 0.03125 0.046875
0 0.2546875 0.290625 0.034375 0.0515625
0 0.50390625 0.34609375 0.0296875 0.05
0 0.38203125 0.2953125 0.0328125 0.05
0 0.35390625 0.4875 0.0328125 0.046875
0 0.38046875 0.19296875 0.034375 0.053125
0 0.415625 0.62890625 0.03125 0.046875
0 0.3171875 0.1921875 0.034375 0.053125
0 0.50390625 0.296875 0.0296875 0.05
0 0.3234375 0.7234375 0.028125 0.0484375
0 0.3515625 0.34296875 0.03125 0.05
0 0.5640625 0.19921875 0.034375 0.0515625
0 0.56328125 0.34609375 0.03125 0.046875
0 0.4734375 0.346875 0.03125 0.05
0 0.41484375 0.5328125 0.03125 0.046875
0 0.50234375 0.7203125 0.03125 0.046875
0 0.5859375 0.71640625 0.03125 0.046875
0 0.415625 0.72109375 0.03125 0.046875
0 0.59140625 0.7609375 0.0296875 0.046875
0 0.5328125 0.67109375 0.03125 0.0484375
0 0.44453125 0.72109375 0.03125 0.05
0 0.3546875 0.534375 0.03125 0.046875
0 0.590625 0.66484375 0.03125 0.046875
0 0.475 0.7203125 0.03125 0.046875
0 0.38125 0.24453125 0.034375 0.05
0 0.56171875 0.66796875 0.03125 0.046875
0 0.5328125 0.44140625 0.03125 0.046875
0 0.5328125 0.39453125 0.03125 0.05
0 0.41484375 0.43984375 0.0328125 0.046875
0 0.15390625 0.84296875 0.034375 0.0515625
0 0.56328125 0.29765625 0.0296875 0.05
0 0.56328125 0.24921875 0.03125 0.0484375
0 0.0546875 0.84140625 0.034375 0.0515625
0 0.35546875 0.67578125 0.034375 0.0484375
0 0.2921875 0.43984375 0.03125 0.0484375
0 0.47265625 0.25078125 0.0328125 0.05
0 0.5328125 0.53046875 0.03125 0.046875
0 0.35546875 0.628125 0.03125 0.046875
0 0.5046875 0.24765625 0.028125 0.05
0 0.59140625 0.5296875 0.028125 0.046875
0 0.5890625 0.29765625 0.0296875 0.0484375
0 0.44375 0.3453125 0.0328125 0.05
0 0.35 0.2953125 0.03125 0.05
0 0.475 0.53203125 0.03125 0.0453125
0 0.56171875 0.71484375 0.03125 0.046875
0 0.56171875 0.53125 0.03125 0.046875
0 0.41640625 0.67578125 0.03125 0.0484375
0 0.58984375 0.2484375 0.0296875 0.05
0 0.115625 0.63984375 0.034375 0.053125
0 0.32421875 0.48671875 0.0328125 0.046875
0 0.35 0.2453125 0.0328125 0.05
0 0.2953125 0.77265625 0.03125 0.0484375
0 0.41328125 0.3921875 0.0328125 0.05
0 0.5328125 0.7171875 0.03125 0.046875
0 0.1171875 0.69140625 0.0375 0.053125
0 0.44453125 0.296875 0.03125 0.05
0 0.59140625 0.575 0.0296875 0.046875
0 0.5625 0.76171875 0.03125 0.046875
0 0.56484375 0.14921875 0.03125 0.053125
0 0.4125 0.1953125 0.0328125 0.0515625
0 0.47265625 0.19921875 0.034375 0.053125
0 0.5328125 0.5765625 0.03125 0.046875
0 0.47265625 0.29765625 0.0328125 0.0484375
0 0.32265625 0.43984375 0.034375 0.0484375
0 0.3859375 0.67421875 0.03125 0.046875
0 0.38515625 0.4875 0.034375 0.046875
0 0.2921875 0.48671875 0.034375 0.046875
0 0.4125 0.34375 0.034375 0.05
0 0.2625 0.725 0.03125 0.046875
0 0.265625 0.7734375 0.0296875 0.0484375
0 0.35078125 0.440625 0.0328125 0.0484375
0 0.475 0.48515625 0.0296875 0.046875
0 0.415625 0.48515625 0.03125 0.046875
0 0.3265625 0.7703125 0.03125 0.05
0 0.3484375 0.19375 0.0328125 0.0515625
0 0.4453125 0.53203125 0.03125 0.046875
0 0.475 0.67265625 0.03125 0.046875
0 0.5625 0.39296875 0.03125 0.0484375
0 0.5015625 0.67265625 0.03125 0.046875
0 0.38671875 0.76953125 0.03125 0.046875
0 0.50390625 0.39375 0.03125 0.0484375
0 0.3546875 0.58125 0.0328125 0.046875
0 0.58984375 0.34609375 0.0296875 0.046875
0 0.50390625 0.19921875 0.03125 0.0515625
0 0.56015625 0.43984375 0.03125 0.046875
0 0.58984375 0.621875 0.028125 0.046875
0 0.4140625 0.29296875 0.0328125 0.05
0 0.1046875 0.27421875 0.034375 0.053125
0 0.475 0.62578125 0.03125 0.046875
0 0.47421875 0.3953125 0.03125 0.046875
0 0.44453125 0.43984375 0.03125 0.046875
0 0.503125 0.4828125 0.03125 0.0453125
0 0.59140625 0.81015625 0.03125 0.046875
0 0.090625 0.89375 0.034375 0.05
0 0.15390625 0.89140625 0.0390625 0.05
0 0.4734375 0.14765625 0.0328125 0.053125
0 0.2921875 0.725 0.034375 0.0484375
0 0.5328125 0.48359375 0.03125 0.0453125
0 0.3859375 0.6265625 0.03125 0.0484375
0 0.32578125 0.675 0.03125 0.046875
0 0.03984375 0.42265625 0.0375 0.053125
0 0.2296875 0.728125 0.034375 0.046875
0 0.4453125 0.76484375 0.03125 0.0484375
0 0.44375 0.48515625 0.0328125 0.046875
0 0.44609375 0.62421875 0.03125 0.046875
0 0.53359375 0.296875 0.0328125 0.0484375
0 0.5625 0.48515625 0.028125 0.04375
0 0.31640625 0.13984375 0.0328125 0.053125
0 0.31953125 0.29375 0.034375 0.05
0 0.503125 0.53125 0.0296875 0.046875
0 0.5921875 0.484375 0.03125 0.046875
0 0.56171875 0.5765625 0.03125 0.046875
0 0.190625 0.28984375 0.0359375 0.053125
0 0.32578125 0.81796875 0.03125 0.05
0 0.16796875 0.634375 0.03125 0.05
0 0.22734375 0.58515625 0.034375 0.0484375
0 0.5328125 0.34609375 0.03125 0.046875
0 0.5 0.62578125 0.028125 0.046875
0 0.415625 0.58203125 0.03125 0.05
0 0.2953125 0.62890625 0.028125 0.05
0 0.28515625 0.29375 0.03125 0.05
0 0.253125 0.24140625 0.034375 0.053125
0 0.10625 0.3265625 0.0359375 0.05625
0 0.38671875 0.81640625 0.03125 0.05
0 0.44296875 0.246875 0.03125 0.05
0 0.47578125 0.7640625 0.03125 0.046875
0 0.62265625 0.2484375 0.03125 0.0484375
0 0.29609375 0.821875 0.03125 0.0484375
0 0.32421875 0.534375 0.034375 0.046875
0 0.5046875 0.1484375 0.03125 0.05625
0 0.3859375 0.721875 0.03125 0.046875
0 0.41328125 0.24375 0.03125 0.05
0 0.11953125 0.79296875 0.034375 0.053125
0 0.38125 0.14140625 0.034375 0.05
0 0.23046875 0.63203125 0.034375 0.046875
0 0.190625 0.2390625 0.034375 0.0515625
0 0.115625 0.58828125 0.034375 0.0515625
0 0.38359375 0.34375 0.03125 0.05
0 0.5890625 0.2015625 0.034375 0.05
0 0.384375 0.39296875 0.0328125 0.05
0 0.29296875 0.58203125 0.0328125 0.046875
0 0.28984375 0.39140625 0.034375 0.05
0 0.5328125 0.625 0.03125 0.046875
0 0.50390625 0.43984375 0.03125 0.046875
0 0.2921875 0.5359375 0.034375 0.0484375
0 0.53359375 0.1984375 0.03125 0.05
0 0.22265625 0.2921875 0.034375 0.05
0 0.44375 0.6734375 0.03125 0.046875
0 0.47109375 0.43984375 0.03125 0.046875
0 0.0359375 0.259375 0.034375 0.05625
0 0.61953125 0.57421875 0.028125 0.0453125
0 0.625 0.203125 0.03125 0.05
0 0.50390625 0.57890625 0.03125 0.046875
0 0.1640625 0.4875 0.0328125 0.05
0 0.26015625 0.4875 0.034375 0.05
0 0.47109375 0.58046875 0.0328125 0.05
0 0.23046875 0.67890625 0.0359375 0.05
0 0.61875 0.52890625 0.0328125 0.046875
0 0.321875 0.34296875 0.03125 0.05
0 0.31875 0.24375 0.03125 0.05
0 0.32421875 0.628125 0.034375 0.046875
0 0.62265625 0.2953125 0.03125 0.0515625
0 0.265625 0.821875 0.03125 0.05
0 0.25390625 0.18984375 0.03125 0.053125
0 0.05234375 0.78984375 0.03125 0.053125
0 0.53203125 0.2484375 0.034375 0.05
0 0.22734375 0.53671875 0.034375 0.05
0 0.5015625 0.7625 0.03125 0.0453125
0 0.1671875 0.5859375 0.03125 0.05
0 0.384375 0.43984375 0.0328125 0.046875
0 0.28984375 0.34375 0.0328125 0.05
0 0.1921875 0.33984375 0.034375 0.0515625
0 0.2609375 0.53671875 0.034375 0.05
0 0.5921875 0.43828125 0.03125 0.046875
0 0.59609375 0.1484375 0.0328125 0.0546875
0 0.41640625 0.81640625 0.03125 0.0484375
0 0.2875 0.24296875 0.034375 0.0515625
0 0.3859375 0.53203125 0.0328125 0.046875
0 0.32421875 0.58046875 0.0328125 0.046875
0 0.621875 0.3453125 0.028125 0.046875
0 0.225 0.3421875 0.034375 0.0515625
0 0.61875 0.6171875 0.028125 0.046875
0 0.10390625 0.21875 0.0359375 0.0546875
0 0.11796875 0.74296875 0.0359375 0.053125
0 0.25390625 0.1375 0.03125 0.0546875
0 0.29453125 0.6765625 0.0296875 0.046875
0 0.321875 0.38984375 0.0328125 0.05
0 0.1703125 0.728125 0.03125 0.0453125
0 0.1921875 0.38984375 0.034375 0.05
0 0.15234375 0.790625 0.034375 0.05625
0 0.59140625 0.39140625 0.0296875 0.05
0 0.04375 0.478125 0.0359375 0.053125
0 0.1890625 0.18828125 0.03125 0.05
0 0.44296875 0.1453125 0.03125 0.0515625
0 0.6203125 0.48203125 0.0296875 0.0484375
0 0.34921875 0.14140625 0.034375 0.05
0 0.0453125 0.58359375 0.0359375 0.053125
0 0.22421875 0.4390625 0.03125 0.05
0 0.4453125 0.5796875 0.03125 0.05
0 0.61953125 0.75546875 0.028125 0.04375
0 0.20234375 0.72890625 0.03125 0.0484375
0 0.221875 0.2390625 0.034375 0.05
0 0.35625 0.81875 0.03125 0.0484375
0 0.53515625 0.14765625 0.03125 0.05
0 0.07421875 0.32265625 0.034375 0.053125
0 0.5625 0.80859375 0.028125 0.046875
0 0.6234375 0.1484375 0.03125 0.05625
0 0.19453125 0.48828125 0.0328125 0.05
0 0.19609375 0.53671875 0.034375 0.05
0 0.11171875 0.5375 0.034375 0.0546875
0 0.22578125 0.48828125 0.0328125 0.05
0 0.44296875 0.19609375 0.0296875 0.0515625
0 0.121875 0.8453125 0.034375 0.05
0 0.26171875 0.58359375 0.034375 0.046875
0 0.03828125 0.31328125 0.034375 0.053125
0 0.6203125 0.3890625 0.0296875 0.046875
0 0.2859375 0.19375 0.034375 0.0515625
0 0.53359375 0.759375 0.03125 0.046875
0 0.1984375 0.58515625 0.034375 0.05
0 0.62109375 0.43671875 0.03125 0.046875
0 0.61953125 0.66328125 0.028125 0.046875
0 0.61953125 0.709375 0.028125 0.046875
0 0.6203125 0.80078125 0.028125 0.046875
0 0.534375 0.80625 0.0296875 0.046875
0 0.5046875 0.809375 0.0296875 0.046875
0 0.4765625 0.81015625 0.03125 0.046875
0 0.446875 0.8125 0.0296875 0.046875
0 0.3859375 0.58046875 0.0296875 0.05
0 0.2640625 0.678125 0.034375 0.05
0 0.26328125 0.6296875 0.0328125 0.05
0 0.4125 0.14453125 0.03125 0.0515625
0 0.28515625 0.1390625 0.034375 0.053125
0 0.2578125 0.340625 0.03125 0.05
0 0.2578125 0.3890625 0.034375 0.05
0 0.26015625 0.43828125 0.0328125 0.0515625
0 0.2265625 0.38984375 0.03125 0.05
0 0.1953125 0.4390625 0.03125 0.05
0 0.21953125 0.1359375 0.034375 0.053125
0 0.22109375 0.18984375 0.034375 0.053125
0 0.18828125 0.13671875 0.0328125 0.053125
0 0.15625 0.13671875 0.034375 0.053125
0 0.15625 0.1890625 0.034375 0.053125
0 0.15859375 0.2390625 0.034375 0.053125
0 0.159375 0.28984375 0.034375 0.05
0 0.16015625 0.3390625 0.034375 0.053125
0 0.1625 0.3890625 0.034375 0.053125
0 0.16328125 0.43984375 0.034375 0.05
0 0.165625 0.53671875 0.03125 0.05
0 0.2 0.6328125 0.03125 0.0484375
0 0.20078125 0.68125 0.03125 0.05
0 0.23359375 0.77421875 0.03125 0.0484375
0 0.234375 0.821875 0.03125 0.0484375
0 0.20234375 0.7765625 0.03125 0.05
0 0.203125 0.8234375 0.03125 0.0484375
0 0.16953125 0.68203125 0.03125 0.0484375
0 0.12265625 0.89453125 0.034375 0.053125
0 0.0890625 0.8421875 0.034375 0.053125
0 0.0875 0.7921875 0.034375 0.053125
0 0.0859375 0.7421875 0.034375 0.053125
0 0.08359375 0.69140625 0.034375 0.053125
0 0.08203125 0.6390625 0.034375 0.053125
0 0.08203125 0.5875 0.034375 0.0515625
0 0.103125 0.1640625 0.0375 0.05625
0 0.10859375 0.38046875 0.0359375 0.053125
0 0.109375 0.4328125 0.0359375 0.053125
0 0.1109375 0.484375 0.0359375 0.0546875
0 0.06640625 0.15234375 0.0375 0.05625
0 0.06953125 0.21328125 0.0359375 0.05625
0 0.03125 0.1484375 0.0375 0.059375
0 0.03359375 0.20390625 0.034375 0.05625
0 0.0703125 0.26796875 0.0359375 0.05625
0 0.0734375 0.378125 0.034375 0.05625
0 0.075 0.43125 0.034375 0.05625
0 0.03984375 0.36875 0.0359375 0.053125
0 0.0453125 0.53046875 0.034375 0.053125
0 0.07734375 0.48359375 0.0359375 0.053125
0 0.08046875 0.534375 0.034375 0.0546875
0 0.04765625 0.63671875 0.0375 0.053125
0 0.0515625 0.6875 0.0359375 0.0515625
0 0.053125 0.7390625 0.034375 0.053125