0 0.41328125 0.53046875 0.0890625 0.09375
0 0.4515625 0.2828125 0.1203125 0.0859375
0 0.41640625 0.61796875 0.0875 0.0953125
0 0.42578125 0.44375 0.115625 0.078125
0 0.4921875 0.55078125 0.078125 0.134375
0 0.13671875 0.41640625 0.1 0.05625
0 0.32421875 0.48203125 0.090625 0.1
0 0.22265625 0.18515625 0.10625 0.075
0 0.6328125 0.3125 0.071875 0.121875
0 0.2375 0.5578125 0.0921875 0.0875
0 0.24296875 0.65234375 0.090625 0.1
0 0.42421875 0.3609375 0.11875 0.08125
0 0.71328125 0.31953125 0.1109375 0.10625
0 0.32578125 0.27421875 0.125 0.08125
0 0.234375 0.46015625 0.0953125 0.103125
0 0.44921875 0.19375 0.121875 0.090625
0 0.57265625 0.6296875 0.084375 0.1015625
0 0.32109375 0.36640625 0.09375 0.109375
0 0.65390625 0.62578125 0.078125 0.10625
0 0.61484375 0.43359375 0.09375 0.1078125
0 0.32890625 0.1921875 0.125 0.0875
0 0.23046875 0.3625 0.0984375 0.09375
0 0.3296875 0.57734375 0.0875 0.096875
0 0.1625 0.75703125 0.096875 0.065625
0 0.1234375 0.23984375 0.10625 0.059375
0 0.734375 0.209375 0.0921875 0.1
0 0.57109375 0.53203125 0.0796875 0.0890625
0 0.57578125 0.8546875 0.065625 0.16875
0 0.221875 0.27265625 0.0953125 0.1
0 0.33359375 0.86953125 0.065625 0.1375
0 0.33359375 0.66484375 0.084375 0.078125
0 0.5515625 0.32578125 0.090625 0.1125
0 0.7234375 0.7296875 0.0796875 0.1375
0 0.6546875 0.52890625 0.0875 0.0890625
0 0.15390625 0.634375 0.0953125 0.0640625
0 0.6984375 0.4171875 0.0875 0.096875
0 0.12421875 0.30078125 0.1078125 0.05625
0 0.496875 0.725 0.0796875 0.078125
0 0.56953125 0.72265625 0.0796875 0.0890625
0 0.159375 0.6953125 0.0953125 0.065625
0 0.13828125 0.46640625 0.0984375 0.053125
0 0.3390625 0.74296875 0.0859375 0.0765625
0 0.4203125 0.715625 0.08125 0.0921875
0 0.13203125 0.3546875 0.1046875 0.059375
0 0.65078125 0.7296875 0.0859375 0.096875
0 0.25078125 0.7359375 0.090625 0.084375
0 0.5578125 0.20546875 0.09375 0.11875
0 0.11875 0.18203125 0.103125 0.065625
0 0.140625 0.525 0.1 0.053125
0 0.52890625 0.43046875 0.090625 0.10625
0 0.49765625 0.65234375 0.078125 0.0765625
0 0.146875 0.57421875 0.1 0.053125
0 0.4 0.84921875 0.0625 0.175
0 0.64609375 0.20078125 0.090625 0.090625
0 0.70234375 0.86640625 0.10625 0.1
0 0.63359375 0.85078125 0.04375 0.146875
0 0.5171875 0.853125 0.0609375 0.165625
0 0.2671875 0.85703125 0.0625 0.1546875
0 0.73515625 0.55078125 0.08125 0.146875
0 0.45546875 0.84609375 0.059375 0.171875
0 0.1421875 0.86484375 0.0703125 0.15
0 0.21171875 0.86640625 0.078125 0.140625