0 0.86640625 0.20234375 0.24375 0.128125
0 0.6234375 0.3328125 0.246875 0.121875
0 0.86015625 0.31015625 0.234375 0.1125
0 0.6296875 0.4375 0.23125 0.103125
0 0.6015625 0.075 0.29375 0.15
0 0.871875 0.0734375 0.246875 0.140625
0 0.4015625 0.44140625 0.221875 0.096875
0 0.65390625 0.76015625 0.19375 0.06875
0 0.3484375 0.22578125 0.253125 0.13125
0 0.84140625 0.565625 0.196875 0.0734375
0 0.38046875 0.33671875 0.225 0.1171875
0 0.85234375 0.39921875 0.21875 0.096875
0 0.3265625 0.0921875 0.2828125 0.14375
0 0.6046875 0.21015625 0.275 0.1359375
0 0.64296875 0.609375 0.203125 0.084375
0 0.83984375 0.63984375 0.1890625 0.06875
0 0.8421875 0.70390625 0.1828125 0.0625
0 0.434375 0.609375 0.19375 0.078125
0 0.84296875 0.48515625 0.203125 0.08125
0 0.6609375 0.81953125 0.1875 0.0625
0 0.6484375 0.6859375 0.2 0.071875
0 0.83984375 0.76640625 0.178125 0.0609375
0 0.46171875 0.7578125 0.1828125 0.06875
0 0.45390625 0.68359375 0.1859375 0.06875
0 0.4203125 0.534375 0.2 0.084375
0 0.6390625 0.528125 0.215625 0.0875
0 0.475 0.81796875 0.175 0.0609375
0 0.96875 0.65234375 0.0625 0.05
0 0.96640625 0.7 0.065625 0.0484375
0 0.98359375 0.3296875 0.03125 0.075
0 0.96640625 0.753125 0.0671875 0.046875
0 0.97109375 0.59765625 0.0578125 0.0546875
0 0.97890625 0.4109375 0.040625 0.071875
0 0.98828125 0.246875 0.0234375 0.084375