0 0.37265625 0.22109375 0.090625 0.14375
0 0.18515625 0.36796875 0.0921875 0.146875
0 0.18046875 0.21875 0.1 0.1546875
0 0.5359375 0.3609375 0.0796875 0.13125
0 0.3765625 0.36484375 0.0875 0.140625
0 0.60859375 0.35703125 0.071875 0.128125
0 0.60703125 0.228125 0.0703125 0.1328125
0 0.2796875 0.3640625 0.09375 0.14375
0 0.26953125 0.21953125 0.08125 0.1453125
0 0.45859375 0.22265625 0.084375 0.140625
0 0.1875 0.07265625 0.115625 0.115625
0 0.53671875 0.22890625 0.078125 0.1359375
0 0.3015625 0.0828125 0.109375 0.1171875
0 0.45546875 0.36171875 0.075 0.1359375
0 0.590625 0.0984375 0.0921875 0.1125
0 0.28984375 0.47421875 0.090625 0.08125
0 0.4984375 0.09921875 0.0984375 0.115625
0 0.615625 0.45546875 0.0640625 0.071875
0 0.45703125 0.46484375 0.071875 0.0765625
0 0.40390625 0.08671875 0.1015625 0.115625
0 0.19375 0.48125 0.09375 0.084375
0 0.37421875 0.4703125 0.078125 0.078125
0 0.54140625 0.46171875 0.078125 0.075
0 0.6875 0.1078125 0.090625 0.125