0 0.16796875 0.45390625 0.16875 0.096875
0 0.16953125 0.72265625 0.165625 0.084375
0 0.4953125 0.55625 0.16875 0.1125
0 0.7421875 0.25078125 0.1125 0.0953125
0 0.48984375 0.659375 0.1640625 0.1
0 0.6875 0.83203125 0.0796875 0.2359375
0 0.16875 0.6421875 0.16875 0.084375
0 0.15703125 0.8140625 0.1765625 0.0921875
0 0.4984375 0.88515625 0.165625 0.1078125
0 0.49609375 0.44375 0.16875 0.1140625
0 0.16953125 0.36640625 0.16875 0.075
0 0.3328125 0.54453125 0.165625 0.115625
0 0.4921875 0.77109375 0.1703125 0.121875
0 0.64765625 0.3953125 0.0828125 0.1734375
0 0.171875 0.5515625 0.1703125 0.0953125
0 0.6859375 0.65 0.078125 0.134375
0 0.61328125 0.83203125 0.078125 0.2375
0 0.33125 0.81640625 0.171875 0.084375
0 0.32734375 0.734375 0.16875 0.0828125
0 0.33359375 0.6484375 0.16875 0.103125
0 0.4265625 0.2171875 0.14375 0.084375
0 0.734375 0.3765625 0.103125 0.15625
0 0.30546875 0.2890625 0.103125 0.1625
0 0.175 0.26015625 0.165625 0.140625
0 0.65859375 0.5296875 0.1640625 0.10625
0 0.5265625 0.29765625 0.0890625 0.1765625
0 0.58828125 0.31171875 0.0765625 0.18125
0 0.61640625 0.64765625 0.0796875 0.1359375
0 0.33359375 0.4296875 0.16875 0.115625
0 0.7609375 0.7 0.078125 0.159375
0 0.15625 0.9 0.175 0.090625
0 0.415625 0.31953125 0.14375 0.128125
0 0.77265625 0.5421875 0.078125 0.153125
0 0.42890625 0.13671875 0.1390625 0.0828125
0 0.74453125 0.15625 0.1125 0.0921875
0 0.659375 0.2125 0.06875 0.1828125
0 0.17890625 0.13046875 0.175 0.11875
0 0.3140625 0.14609375 0.1 0.1265625
0 0.5625 0.159375 0.1359375 0.1015625
0 0.32734375 0.9015625 0.171875 0.0828125