0 0.40859375 0.58125 0.2 0.065625
0 0.4171875 0.4015625 0.184375 0.053125
0 0.41015625 0.51953125 0.196875 0.0609375
0 0.2609375 0.53203125 0.121875 0.109375
0 0.815625 0.50546875 0.20625 0.0609375
0 0.41328125 0.4578125 0.1890625 0.0625
0 0.61171875 0.515625 0.2 0.0609375
0 0.6140625 0.57890625 0.2046875 0.065625
0 0.3984375 0.79921875 0.228125 0.078125
0 0.4171875 0.3421875 0.18125 0.0546875
0 0.24921875 0.646875 0.128125 0.1203125
0 0.8296875 0.575 0.221875 0.065625
0 0.27265625 0.42578125 0.115625 0.0984375
0 0.81484375 0.44765625 0.2078125 0.0578125
0 0.2796875 0.32421875 0.109375 0.0859375
0 0.6140625 0.4515625 0.19375 0.05625
0 0.22421875 0.77421875 0.14375 0.1328125
0 0.625 0.72734375 0.225 0.075
0 0.40390625 0.72734375 0.221875 0.075
0 0.61015625 0.396875 0.190625 0.05625
0 0.41171875 0.6515625 0.20625 0.0703125
0 0.28984375 0.2171875 0.1 0.084375
0 0.6328125 0.803125 0.23125 0.078125
0 0.85078125 0.728125 0.234375 0.078125
0 0.62421875 0.65078125 0.215625 0.071875
0 0.8390625 0.6484375 0.23125 0.0734375
0 0.7890625 0.2859375 0.190625 0.053125
0 0.7828125 0.23046875 0.184375 0.05
0 0.8015625 0.3921875 0.2 0.05625
0 0.60625 0.33828125 0.184375 0.0546875
0 0.8671875 0.80234375 0.2359375 0.0796875
0 0.421875 0.19453125 0.171875 0.046875
0 0.7953125 0.33515625 0.19375 0.053125
0 0.41875 0.2921875 0.178125 0.053125
0 0.6 0.28984375 0.178125 0.053125
0 0.6015625 0.23359375 0.178125 0.05
0 0.41953125 0.2375 0.175 0.046875
0 0.7765625 0.18515625 0.178125 0.046875
0 0.59375 0.1890625 0.175 0.05