0 0.64921875 0.7046875 0.15 0.153125
0 0.64375 0.56875 0.15 0.146875
0 0.503125 0.42734375 0.134375 0.1375
0 0.5046875 0.69140625 0.134375 0.140625
0 0.64921875 0.84453125 0.1453125 0.159375
0 0.503125 0.56015625 0.134375 0.1375
0 0.29375 0.3171875 0.15 0.10625
0 0.28828125 0.21328125 0.153125 0.1125
0 0.65 0.425 0.1515625 0.146875
0 0.3765625 0.5578125 0.121875 0.1296875
0 0.37265625 0.4296875 0.125 0.1328125
0 0.45234375 0.190625 0.171875 0.13125
0 0.50703125 0.82890625 0.1296875 0.14375
0 0.634375 0.29609375 0.190625 0.121875
0 0.45859375 0.30703125 0.171875 0.1171875
0 0.1453125 0.22578125 0.14375 0.1078125
0 0.1546875 0.32578125 0.134375 0.1
0 0.2734375 0.79765625 0.1109375 0.11875
0 0.82578125 0.8828125 0.209375 0.1390625
0 0.2609375 0.4328125 0.1125 0.128125
0 0.2609375 0.5546875 0.1140625 0.125
0 0.14765625 0.434375 0.10625 0.125
0 0.38125 0.68125 0.11875 0.13125
0 0.85703125 0.13515625 0.1796875 0.175
0 0.38515625 0.8078125 0.121875 0.134375
0 0.26875 0.671875 0.1140625 0.128125
0 0.83359375 0.65078125 0.221875 0.121875
0 0.15625 0.5515625 0.10625 0.1203125
0 0.83671875 0.53515625 0.225 0.121875
0 0.16171875 0.665625 0.103125 0.121875
0 0.8296875 0.7640625 0.2171875 0.1234375
0 0.17109375 0.77734375 0.10625 0.121875
0 0.83671875 0.40859375 0.225 0.125
0 0.6671875 0.159375 0.203125 0.1453125
0 0.84140625 0.28359375 0.2234375 0.13125