0 0.51171875 0.56875 0.1109375 0.1390625
0 0.61484375 0.57421875 0.1171875 0.1375
0 0.159375 0.80078125 0.134375 0.3484375
0 0.72265625 0.57578125 0.11875 0.1375
0 0.25546875 0.80390625 0.090625 0.346875
0 0.82734375 0.575 0.125 0.134375
0 0.8296875 0.809375 0.0875 0.31875
0 0.08828125 0.796875 0.1328125 0.35
0 0.3984375 0.56171875 0.115625 0.1453125
0 0.66796875 0.81484375 0.08125 0.3296875
0 0.5046875 0.81328125 0.084375 0.3375
0 0.28203125 0.5515625 0.121875 0.15
0 0.4296875 0.82265625 0.08125 0.321875
0 0.5984375 0.81484375 0.078125 0.3375
0 0.3375 0.809375 0.0828125 0.3421875
0 0.159375 0.5546875 0.1375 0.153125
0 0.740625 0.809375 0.103125 0.3203125
0 0.89609375 0.80859375 0.103125 0.3203125