0 0.6375 0.35703125 0.09921875 0.1828125
0 0.5109375 0.85703125 0.16796875 0.1640625
0 0.5109375 0.70390625 0.16171875 0.1484375
0 0.51015625 0.3171875 0.1421875 0.12109375
0 0.65 0.54453125 0.10859375 0.1921875
0 0.5078125 0.57421875 0.1546875 0.13828125
0 0.34765625 0.859375 0.16796875 0.165625
0 0.36640625 0.5796875 0.1546875 0.13203125
0 0.5140625 0.44453125 0.14609375 0.12578125
0 0.35 0.7046875 0.16015625 0.14765625
0 0.371875 0.3203125 0.1390625 0.121875
0 0.7421875 0.35078125 0.1078125 0.18359375
0 0.1984375 0.7109375 0.16328125 0.15234375
0 0.36328125 0.44609375 0.15 0.128125
0 0.659375 0.75625 0.11640625 0.234375
0 0.1875 0.86328125 0.16796875 0.1640625
0 0.7515625 0.54453125 0.1078125 0.2
0 0.20859375 0.57890625 0.15703125 0.13515625
0 0.7703125 0.7578125 0.1171875 0.22421875
0 0.2265625 0.325 0.1515625 0.125
0 0.21875 0.44375 0.159375 0.1296875