0 0.2078125 0.54375 0.13671875 0.26796875
0 0.6890625 0.67734375 0.07421875 0.184375
0 0.534375 0.7203125 0.08828125 0.20390625
0 0.76953125 0.66484375 0.07265625 0.184375
0 0.21875 0.78984375 0.13046875 0.23828125
0 0.4390625 0.51171875 0.10546875 0.22265625
0 0.33671875 0.76953125 0.11484375 0.221875
0 0.32734375 0.52265625 0.11640625 0.24296875
0 0.61796875 0.690625 0.0828125 0.19453125
0 0.778125 0.4671875 0.07734375 0.1953125
0 0.85546875 0.4609375 0.071875 0.190625
0 0.8453125 0.6515625 0.065625 0.17578125
0 0.6953125 0.478125 0.0765625 0.20078125
0 0.43828125 0.74296875 0.096875 0.21953125
0 0.62265625 0.48125 0.07578125 0.2140625
0 0.52734375 0.48984375 0.09453125 0.21640625