0 0.2609375 0.4796875 0.140625 0.153125
0 0.28671875 0.1359375 0.1578125 0.1875
0 0.42109375 0.14140625 0.109375 0.1875
0 0.27109375 0.62734375 0.1375 0.14375
0 0.7484375 0.159375 0.1484375 0.190625
0 0.728125 0.4765625 0.128125 0.1609375
0 0.50546875 0.31171875 0.128125 0.134375
0 0.3890625 0.70078125 0.1125 0.1140625
0 0.62109375 0.47109375 0.125 0.1640625
0 0.51328125 0.14453125 0.1078125 0.1875
0 0.62109375 0.33671875 0.125 0.11875
0 0.85 0.43359375 0.13125 0.1125
0 0.50078125 0.440625 0.1203125 0.125
0 0.27109375 0.76484375 0.1296875 0.13125
0 0.3890625 0.46875 0.11875 0.125
0 0.609375 0.60859375 0.115625 0.1015625
0 0.38671875 0.59140625 0.1140625 0.11875
0 0.74765625 0.32578125 0.1328125 0.1375
0 0.59765625 0.71796875 0.109375 0.140625
0 0.70078125 0.70859375 0.115625 0.1046875
0 0.38828125 0.8078125 0.109375 0.1015625
0 0.871875 0.31171875 0.134375 0.1375
0 0.834375 0.54140625 0.134375 0.1125
0 0.49375 0.7921875 0.109375 0.134375
0 0.2734375 0.8890625 0.125 0.115625
0 0.27734375 0.3109375 0.146875 0.16875
0 0.384375 0.903125 0.103125 0.0859375
0 0.8015625 0.7296875 0.115625 0.0875
0 0.81484375 0.64765625 0.125 0.09375
0 0.71484375 0.6078125 0.1171875 0.1125
0 0.4984375 0.559375 0.115625 0.1140625
0 0.3953125 0.32421875 0.1 0.1734375
0 0.6265625 0.15625 0.1359375 0.2015625
0 0.69453125 0.809375 0.1078125 0.1
0 0.15703125 0.13984375 0.140625 0.153125
0 0.5015625 0.675 0.1125 0.109375
0 0.6859375 0.90546875 0.103125 0.0921875
0 0.490625 0.9046875 0.103125 0.090625
0 0.58203125 0.91171875 0.103125 0.08125
0 0.15859375 0.6421875 0.0875 0.134375
0 0.15078125 0.4875 0.0875 0.153125
0 0.5890625 0.8296875 0.1046875 0.0875
0 0.88671875 0.1625 0.1421875 0.15
0 0.16328125 0.30546875 0.109375 0.16875
0 0.7765625 0.9 0.1109375 0.096875
0 0.17734375 0.878125 0.08125 0.115625
0 0.1734375 0.77265625 0.08125 0.1171875
0 0.78828125 0.815625 0.1125 0.0921875