0 0.4234375 0.71953125 0.0875 0.121875
0 0.83515625 0.8734375 0.14375 0.134375
0 0.58125 0.2546875 0.0796875 0.125
0 0.69921875 0.3671875 0.134375 0.1265625
0 0.69140625 0.86015625 0.1265625 0.1359375
0 0.584375 0.8484375 0.08125 0.125
0 0.68984375 0.73984375 0.1296875 0.13125
0 0.496875 0.61015625 0.0921875 0.11875
0 0.4515625 0.49375 0.115625 0.11875
0 0.58359375 0.7296875 0.08125 0.125
0 0.390625 0.6015625 0.115625 0.115625
0 0.45546875 0.37734375 0.115625 0.1171875
0 0.32421875 0.71328125 0.1109375 0.11875
0 0.7 0.4890625 0.134375 0.128125
0 0.23046875 0.37734375 0.109375 0.1125
0 0.26015625 0.82109375 0.1078125 0.1203125
0 0.8484375 0.36015625 0.1453125 0.134375
0 0.56953125 0.36953125 0.125 0.121875
0 0.3421875 0.37890625 0.1125 0.115625
0 0.69609375 0.6109375 0.134375 0.128125
0 0.83515625 0.49609375 0.140625 0.13125
0 0.69140625 0.24140625 0.128125 0.128125
0 0.26875 0.27578125 0.10625 0.1140625
0 0.8328125 0.6171875 0.14375 0.13125
0 0.184375 0.59296875 0.065625 0.1125
0 0.50625 0.725 0.078125 0.121875
0 0.27421875 0.5984375 0.109375 0.1125
0 0.23359375 0.4890625 0.10625 0.115625
0 0.13671875 0.48359375 0.08125 0.1078125
0 0.13984375 0.3734375 0.065625 0.1125
0 0.584375 0.6125 0.096875 0.125
0 0.2296875 0.7109375 0.06875 0.115625
0 0.36953125 0.83203125 0.1125 0.121875
0 0.48359375 0.26328125 0.115625 0.125
0 0.14921875 0.81328125 0.10625 0.11875
0 0.13984375 0.6984375 0.103125 0.115625
0 0.159375 0.26640625 0.10625 0.1125
0 0.571875 0.49140625 0.125 0.121875
0 0.8359375 0.74609375 0.146875 0.134375
0 0.1234375 0.5921875 0.0609375 0.1125
0 0.33984375 0.49375 0.1125 0.115625
0 0.37265625 0.26953125 0.109375 0.11875
0 0.4875 0.83671875 0.115625 0.125
0 0.84921875 0.23515625 0.134375 0.13125