0 0.71328125 0.815625 0.153125 0.1546875
0 0.321875 0.77265625 0.0953125 0.1625
0 0.621875 0.6421875 0.08125 0.15
0 0.62734375 0.50390625 0.075 0.1375
0 0.62421875 0.25234375 0.0703125 0.121875
0 0.40859375 0.48984375 0.0828125 0.134375
0 0.58515625 0.7984375 0.09375 0.165625
0 0.71640625 0.578125 0.115625 0.1
0 0.54375 0.36875 0.071875 0.128125
0 0.46328125 0.63046875 0.0765625 0.15
0 0.23984375 0.76953125 0.1046875 0.1640625
0 0.47421875 0.365625 0.071875 0.125
0 0.54140625 0.6359375 0.08125 0.15
0 0.5515625 0.50234375 0.0765625 0.140625
0 0.7140625 0.684375 0.11875 0.1109375
0 0.8125 0.66640625 0.090625 0.15625
0 0.5546875 0.24609375 0.0703125 0.121875
0 0.18359375 0.62421875 0.13125 0.1421875
0 0.61484375 0.371875 0.071875 0.128125
0 0.23515625 0.36015625 0.146875 0.125
0 0.7 0.28125 0.10625 0.0859375
0 0.4921875 0.790625 0.0953125 0.165625
0 0.4828125 0.246875 0.06875 0.11875
0 0.70703125 0.48671875 0.10625 0.0953125
0 0.396875 0.628125 0.078125 0.15
0 0.80625 0.5171875 0.09375 0.1375
0 0.33984375 0.3625 0.071875 0.125
0 0.79140625 0.2515625 0.078125 0.1234375
0 0.815625 0.8234375 0.08125 0.1484375
0 0.3203125 0.62890625 0.078125 0.146875
0 0.41484375 0.7828125 0.09375 0.1625
0 0.4765625 0.49453125 0.071875 0.1359375
0 0.33203125 0.4921875 0.071875 0.1328125
0 0.703125 0.19921875 0.103125 0.084375
0 0.41875 0.24375 0.0796875 0.1171875
0 0.3484375 0.24140625 0.071875 0.11875
0 0.7859375 0.38046875 0.08125 0.13125
0 0.24765625 0.23984375 0.1375 0.121875
0 0.6953125 0.37734375 0.10625 0.10625
0 0.4078125 0.36328125 0.06875 0.125
0 0.1921875 0.48046875 0.096875 0.13125
0 0.6265625 0.13125 0.06875 0.1109375
0 0.26171875 0.4859375 0.078125 0.13125
0 0.2703125 0.35546875 0.0765625 0.128125
0 0.25234375 0.61875 0.075 0.14375
0 0.42578125 0.1296875 0.0765625 0.1125
0 0.35859375 0.1265625 0.078125 0.115625
0 0.74921875 0.8109375 0.08125 0.15
0 0.70078125 0.115625 0.096875 0.0765625
0 0.2859375 0.23984375 0.075 0.11875
0 0.78671875 0.13359375 0.0734375 0.1109375
0 0.490625 0.134375 0.06875 0.109375
0 0.55546875 0.13125 0.065625 0.109375
0 0.296875 0.1265625 0.078125 0.115625
0 0.23046875 0.1265625 0.0875 0.1171875
0 0.15859375 0.76640625 0.1109375 0.1671875