0 0.5859375 0.08359375 0.06640625 0.16640625
0 0.89609375 0.546875 0.121875 0.25625
0 0.659375 0.084375 0.0703125 0.16875
0 0.80703125 0.0828125 0.07578125 0.16484375
0 0.275 0.265625 0.053125 0.1828125
0 0.5609375 0.51171875 0.09921875 0.22578125
0 0.271875 0.08515625 0.053125 0.16953125
0 0.33046875 0.084375 0.0546875 0.16875
0 0.521875 0.0859375 0.0640625 0.171875
0 0.88359375 0.78828125 0.11875 0.2421875
0 0.72734375 0.08203125 0.0734375 0.1640625
0 0.76484375 0.76953125 0.1109375 0.240625
0 0.22421875 0.2640625 0.0515625 0.1828125
0 0.45 0.08671875 0.0625 0.1734375
0 0.3328125 0.26796875 0.053125 0.18671875
0 0.5578125 0.7234375 0.0953125 0.2203125
0 0.221875 0.08515625 0.0515625 0.16953125
0 0.66171875 0.528125 0.10625 0.23203125
0 0.3046875 0.47734375 0.08515625 0.20078125
0 0.37890625 0.49296875 0.08671875 0.21015625
0 0.37890625 0.6875 0.0828125 0.20625
0 0.38515625 0.084375 0.0578125 0.16875
0 0.771875 0.5359375 0.11484375 0.24765625
0 0.303125 0.678125 0.08046875 0.19296875
0 0.2234375 0.46796875 0.07734375 0.2015625
0 0.46875 0.4953125 0.08984375 0.21328125
0 0.15 0.46015625 0.075 0.19453125
0 0.65703125 0.75234375 0.103125 0.22890625
0 0.22734375 0.6609375 0.0765625 0.1953125
0 0.51953125 0.27890625 0.0609375 0.20234375
0 0.1578125 0.63828125 0.07109375 0.18984375
0 0.46328125 0.709375 0.08671875 0.20703125
0 0.44765625 0.275 0.06015625 0.19453125
0 0.89140625 0.08203125 0.08046875 0.16328125
0 0.38515625 0.2703125 0.05703125 0.1890625
0 0.8765625 0.28125 0.08125 0.2328125
0 0.58046875 0.2796875 0.0640625 0.2078125
0 0.79453125 0.278125 0.0734375 0.21953125
0 0.6515625 0.28203125 0.0671875 0.21484375
0 0.71875 0.28125 0.06953125 0.21875