0 0.8515625 0.32421875 0.09375 0.1140625
0 0.8421875 0.43515625 0.0953125 0.10625
0 0.5859375 0.23828125 0.07578125 0.10703125
0 0.578125 0.43984375 0.07421875 0.0984375
0 0.75625 0.63828125 0.08828125 0.10390625
0 0.66796875 0.22734375 0.0859375 0.11171875
0 0.43984375 0.25546875 0.065625 0.0984375
0 0.66875 0.6359375 0.0828125 0.10078125
0 0.7546875 0.740625 0.08671875 0.10703125
0 0.7546875 0.53671875 0.08828125 0.1015625
0 0.50625 0.34609375 0.0703125 0.0984375
0 0.83671875 0.85625 0.09296875 0.11875
0 0.7578125 0.221875 0.09296875 0.11484375
0 0.8421875 0.646875 0.09609375 0.11015625
0 0.5828125 0.33984375 0.07578125 0.10078125
0 0.7578125 0.328125 0.0921875 0.1109375
0 0.5875 0.5375 0.08125 0.096875
0 0.50859375 0.53515625 0.0703125 0.09453125
0 0.50859375 0.2484375 0.0734375 0.10390625
0 0.44375 0.7109375 0.06796875 0.0953125
0 0.7453125 0.434375 0.08828125 0.103125
0 0.6578125 0.43671875 0.0796875 0.1015625
0 0.58671875 0.63203125 0.07734375 0.10078125
0 0.66875 0.5359375 0.08046875 0.0984375
0 0.84453125 0.53984375 0.09375 0.1078125
0 0.840625 0.75078125 0.09296875 0.11328125
0 0.4421875 0.44140625 0.065625 0.0890625
0 0.85390625 0.2140625 0.0953125 0.1171875
0 0.665625 0.334375 0.08359375 0.10390625
0 0.4390625 0.35078125 0.0671875 0.09609375
0 0.4421875 0.621875 0.065625 0.09296875
0 0.5859375 0.81328125 0.07734375 0.1
0 0.66640625 0.83046875 0.08046875 0.1125
0 0.6671875 0.73125 0.08125 0.10234375
0 0.51875 0.71875 0.07265625 0.0953125
0 0.50625 0.43984375 0.06953125 0.09375
0 0.50859375 0.6203125 0.075 0.09453125
0 0.74765625 0.84296875 0.084375 0.1140625
0 0.584375 0.72109375 0.0765625 0.1015625
0 0.4421875 0.53359375 0.065625 0.09140625
0 0.26015625 0.5296875 0.05703125 0.0828125
0 0.375 0.26640625 0.0609375 0.09375
0 0.37890625 0.70390625 0.0640625 0.09140625
0 0.50859375 0.80390625 0.071875 0.096875
0 0.31953125 0.44375 0.05703125 0.08515625
0 0.3203125 0.53046875 0.0578125 0.08515625
0 0.31640625 0.27265625 0.06015625 0.08984375
0 0.20078125 0.284375 0.0546875 0.0859375
0 0.37578125 0.4421875 0.06171875 0.0875
0 0.3796875 0.5296875 0.06328125 0.0890625
0 0.25625 0.27734375 0.059375 0.0890625
0 0.371875 0.35546875 0.06171875 0.0921875
0 0.375 0.61796875 0.06171875 0.090625
0 0.146875 0.3640625 0.0515625 0.0828125
0 0.15390625 0.525 0.04921875 0.07734375
0 0.4421875 0.79453125 0.06640625 0.09453125
0 0.315625 0.3578125 0.059375 0.0890625
0 0.321875 0.690625 0.0578125 0.08515625
0 0.37578125 0.78515625 0.06015625 0.090625
0 0.25703125 0.44453125 0.05625 0.08359375
0 0.14921875 0.446875 0.05078125 0.078125
0 0.25703125 0.36171875 0.05625 0.0859375
0 0.20625 0.4453125 0.05390625 0.08046875
0 0.15703125 0.6015625 0.053125 0.0796875
0 0.31796875 0.61171875 0.06171875 0.0875
0 0.20234375 0.3625 0.053125 0.08515625
0 0.20859375 0.52734375 0.05078125 0.07890625
0 0.32109375 0.7765625 0.05859375 0.08828125
0 0.26171875 0.77109375 0.05625 0.0890625
0 0.2609375 0.68828125 0.0578125 0.0828125
0 0.1578125 0.6765625 0.05234375 0.07734375
0 0.14375 0.28671875 0.05078125 0.08515625
0 0.259375 0.60625 0.053125 0.0859375
0 0.209375 0.6046875 0.0515625 0.08359375
0 0.2109375 0.76484375 0.05234375 0.0859375
0 0.1578125 0.7546875 0.04921875 0.0796875
0 0.2109375 0.68203125 0.05 0.0828125