0 0.7078125 0.76171875 0.1125 0.23125
0 0.5109375 0.515625 0.0921875 0.23125
0 0.271875 0.30234375 0.05625 0.1875
0 0.3875 0.30234375 0.0609375 0.203125
0 0.83515625 0.53125 0.121875 0.2515625
0 0.53046875 0.29609375 0.065625 0.2171875
0 0.60546875 0.75 0.103125 0.2234375
0 0.5140625 0.73828125 0.0953125 0.2125
0 0.33203125 0.10234375 0.065625 0.203125
0 0.67265625 0.0875 0.075 0.175
0 0.2203125 0.3015625 0.053125 0.1875
0 0.1203125 0.49375 0.075 0.1875
0 0.42890625 0.71796875 0.0875 0.20625
0 0.82109375 0.77421875 0.121875 0.246875
0 0.2671875 0.69921875 0.078125 0.1953125
0 0.46328125 0.3 0.0625 0.209375
0 0.265625 0.10390625 0.05625 0.2015625
0 0.34609375 0.709375 0.0828125 0.2
0 0.59453125 0.09140625 0.0703125 0.1828125
0 0.75234375 0.08203125 0.0765625 0.1640625
0 0.59296875 0.29296875 0.06875 0.2171875
0 0.19765625 0.6890625 0.08125 0.19375
0 0.7109375 0.5265625 0.1140625 0.2484375
0 0.66875 0.2875 0.071875 0.221875
0 0.3328125 0.303125 0.05625 0.196875
0 0.46015625 0.10234375 0.065625 0.19375
0 0.18984375 0.49609375 0.084375 0.209375
0 0.42265625 0.5125 0.090625 0.215625
0 0.82890625 0.0796875 0.084375 0.159375
0 0.33984375 0.5046875 0.084375 0.2203125
0 0.603125 0.5234375 0.1 0.2375
0 0.39375 0.1046875 0.065625 0.203125
0 0.74765625 0.28125 0.0765625 0.228125
0 0.528125 0.0921875 0.065625 0.184375
0 0.12734375 0.67421875 0.0765625 0.1921875
0 0.2625 0.503125 0.078125 0.20625
0 0.2140625 0.1078125 0.05625 0.1953125
0 0.82421875 0.28359375 0.084375 0.2375
0 0.16640625 0.30234375 0.053125 0.18125
0 0.159375 0.1125 0.05625 0.19375