0 0.56640625 0.4484375 0.06328125 0.1875
0 0.2625 0.621875 0.05703125 0.178125
0 0.3765625 0.81796875 0.05703125 0.19375
0 0.21640625 0.4453125 0.05546875 0.1765625
0 0.7703125 0.646875 0.06953125 0.209375
0 0.33125 0.446875 0.05625 0.1796875
0 0.44375 0.446875 0.05703125 0.184375
0 0.56328125 0.634375 0.0625 0.1953125
0 0.325 0.625 0.05703125 0.18125
0 0.27734375 0.446875 0.0546875 0.178125
0 0.496875 0.83203125 0.0609375 0.203125
0 0.440625 0.63046875 0.0578125 0.18828125
0 0.5625 0.834375 0.06171875 0.20234375
0 0.321875 0.8140625 0.05859375 0.19296875
0 0.7703125 0.45 0.06953125 0.20390625
0 0.1484375 0.79765625 0.053125 0.18203125
0 0.696875 0.44921875 0.06796875 0.19921875
0 0.69609375 0.64375 0.06875 0.209375
0 0.19140625 0.3078125 0.0921875 0.103125
0 0.74375 0.29296875 0.11953125 0.1140625
0 0.20703125 0.803125 0.05390625 0.184375
0 0.37890625 0.62734375 0.05625 0.1828125
0 0.628125 0.446875 0.0640625 0.1921875
0 0.50078125 0.44765625 0.05859375 0.18671875
0 0.62421875 0.63828125 0.06640625 0.20078125
0 0.296875 0.30703125 0.09609375 0.10390625
0 0.496875 0.63515625 0.059375 0.19375
0 0.2625 0.81015625 0.05703125 0.18984375
0 0.2109375 0.61953125 0.05390625 0.17890625
0 0.4390625 0.821875 0.05859375 0.19375
0 0.15390625 0.61640625 0.05078125 0.178125
0 0.696875 0.8515625 0.06953125 0.21640625
0 0.625 0.84296875 0.0671875 0.21171875
0 0.51015625 0.2953125 0.10546875 0.11171875
0 0.621875 0.2953125 0.1125 0.11328125
0 0.384375 0.44765625 0.05703125 0.184375
0 0.39921875 0.303125 0.0984375 0.10390625
0 0.1578125 0.44140625 0.05078125 0.17734375
0 0.77421875 0.86484375 0.07734375 0.21484375