0 0.33203125 0.33515625 0.0734375 0.0984375
0 0.25390625 0.33359375 0.0765625 0.096875
0 0.40703125 0.33828125 0.071875 0.09375
0 0.34375 0.79375 0.0734375 0.0984375
0 0.1828125 0.3328125 0.0765625 0.096875
0 0.5453125 0.51640625 0.06875 0.0859375
0 0.34453125 0.8875 0.075 0.0984375
0 0.6125 0.60078125 0.0640625 0.0859375
0 0.5484375 0.60234375 0.065625 0.0875
0 0.190625 0.7140625 0.08125 0.096875
0 0.33828125 0.43125 0.0734375 0.090625
0 0.40703125 0.6046875 0.071875 0.0921875
0 0.40546875 0.43203125 0.06875 0.090625
0 0.2609375 0.43046875 0.078125 0.096875
0 0.72734375 0.34921875 0.0609375 0.084375
0 0.8046875 0.675 0.059375 0.084375
0 0.6078125 0.434375 0.0625 0.0859375
0 0.2625 0.6140625 0.078125 0.096875
0 0.73359375 0.51328125 0.059375 0.08125
0 0.6078125 0.51875 0.0640625 0.084375
0 0.68203125 0.7671875 0.0625 0.0875
0 0.553125 0.77890625 0.0671875 0.0921875
0 0.26953125 0.7046875 0.0765625 0.0953125
0 0.41796875 0.78984375 0.06875 0.0953125
0 0.18828125 0.6140625 0.08125 0.0953125
0 0.671875 0.5140625 0.0625 0.084375
0 0.4734375 0.33984375 0.065625 0.0921875
0 0.74375 0.5921875 0.0578125 0.08125
0 0.18984375 0.80703125 0.0796875 0.0984375
0 0.484375 0.784375 0.06875 0.09375
0 0.26015625 0.52265625 0.0765625 0.090625
0 0.3375 0.60703125 0.0734375 0.0921875
0 0.73125 0.434375 0.0625 0.084375
0 0.61953125 0.775 0.0671875 0.090625
0 0.546875 0.43515625 0.0640625 0.0875
0 0.5515625 0.69140625 0.065625 0.0921875
0 0.47578125 0.51875 0.065625 0.0859375
0 0.66875 0.34609375 0.059375 0.0859375
0 0.1828125 0.52578125 0.078125 0.09375
0 0.3390625 0.7 0.071875 0.096875
0 0.1921875 0.90234375 0.08125 0.0984375
0 0.3375 0.52265625 0.0734375 0.090625
0 0.18203125 0.4296875 0.0796875 0.096875
0 0.41640625 0.6953125 0.06875 0.09375
0 0.41796875 0.88359375 0.071875 0.096875
0 0.40625 0.521875 0.071875 0.0890625
0 0.78671875 0.3515625 0.05625 0.084375
0 0.5421875 0.3421875 0.065625 0.090625
0 0.85625 0.43515625 0.05625 0.08125
0 0.55703125 0.86796875 0.0671875 0.090625
0 0.865625 0.671875 0.0578125 0.08125
0 0.48125 0.690625 0.0671875 0.090625
0 0.6203125 0.68515625 0.0640625 0.090625
0 0.27109375 0.80078125 0.075 0.1
0 0.68203125 0.68125 0.0625 0.0875
0 0.74609375 0.67890625 0.059375 0.0875
0 0.48203125 0.60703125 0.06875 0.090625
0 0.80625 0.84453125 0.0578125 0.084375
0 0.79453125 0.434375 0.0578125 0.0828125
0 0.26796875 0.8953125 0.0734375 0.1
0 0.47578125 0.434375 0.065625 0.0875
0 0.603125 0.34453125 0.0625 0.090625
0 0.79921875 0.590625 0.05625 0.0796875
0 0.67265625 0.434375 0.059375 0.084375
0 0.84375 0.35234375 0.05625 0.084375
0 0.67890625 0.59453125 0.0640625 0.0828125
0 0.86640625 0.75859375 0.05625 0.084375
0 0.8046875 0.76015625 0.059375 0.0859375
0 0.746875 0.7640625 0.0609375 0.0875
0 0.85234375 0.51328125 0.05625 0.08125
0 0.75078125 0.85078125 0.059375 0.0875
0 0.4859375 0.8765625 0.065625 0.09375
0 0.625 0.86484375 0.0625 0.090625
0 0.684375 0.85859375 0.0609375 0.0875
0 0.79453125 0.5171875 0.059375 0.08125
0 0.8578125 0.590625 0.0578125 0.08125
0 0.86875 0.83515625 0.0578125 0.084375