0 0.3515625 0.4390625 0.13125 0.08125
0 0.48125 0.4390625 0.1296875 0.08125
0 0.3484375 0.78203125 0.14375 0.090625
0 0.61796875 0.67734375 0.1375 0.0890625
0 0.34765625 0.6890625 0.140625 0.09375
0 0.3484375 0.5953125 0.1375 0.0875
0 0.4796875 0.521875 0.13125 0.071875
0 0.60546875 0.43359375 0.125 0.08125
0 0.73125 0.4375 0.121875 0.071875
0 0.3484375 0.3609375 0.128125 0.071875
0 0.19453125 0.78515625 0.153125 0.0953125
0 0.6171875 0.58828125 0.13125 0.078125
0 0.3484375 0.52109375 0.134375 0.071875
0 0.47265625 0.36015625 0.125 0.06875
0 0.21953125 0.43984375 0.1359375 0.078125
0 0.21953125 0.359375 0.134375 0.0765625
0 0.5921875 0.35859375 0.121875 0.0671875
0 0.6078125 0.5140625 0.128125 0.0765625
0 0.4859375 0.77890625 0.1375 0.090625
0 0.73359375 0.5125 0.1265625 0.078125
0 0.875 0.58984375 0.128125 0.0796875
0 0.62421875 0.76953125 0.140625 0.0953125
0 0.20234375 0.5953125 0.14375 0.0921875
0 0.88671875 0.67265625 0.1296875 0.084375
0 0.4828125 0.5953125 0.134375 0.0828125
0 0.7390625 0.590625 0.128125 0.078125
0 0.48515625 0.68515625 0.1359375 0.0890625
0 0.76640625 0.76328125 0.134375 0.0953125
0 0.19921875 0.68828125 0.1453125 0.090625
0 0.75546875 0.675 0.134375 0.0875
0 0.8640625 0.5125 0.125 0.078125
0 0.0875 0.37109375 0.1125 0.09375
0 0.85234375 0.43828125 0.1203125 0.071875
0 0.0828125 0.5671875 0.115625 0.103125
0 0.059375 0.77890625 0.11875 0.1140625
0 0.21328125 0.5109375 0.140625 0.084375
0 0.0671875 0.66953125 0.1234375 0.1078125
0 0.7203125 0.36640625 0.125 0.065625
0 0.84375 0.36484375 0.121875 0.06875
0 0.8953125 0.76015625 0.125 0.0890625
0 0.08125 0.4671875 0.11875 0.0953125
0 0.10625 0.2859375 0.115625 0.0953125