0 0.5984375 0.63671875 0.11875 0.09375
0 0.6140625 0.83671875 0.1328125 0.1125
0 0.6078125 0.72890625 0.125 0.1
0 0.36640625 0.734375 0.128125 0.103125
0 0.24375 0.7296875 0.125 0.1015625
0 0.74140625 0.83203125 0.140625 0.115625
0 0.36171875 0.84921875 0.13125 0.1140625
0 0.38046875 0.46328125 0.109375 0.08125
0 0.69453125 0.45234375 0.1109375 0.0796875
0 0.36875 0.64140625 0.121875 0.09375
0 0.7765625 0.4171875 0.078125 0.1359375
0 0.27734375 0.4625 0.1125 0.08125
0 0.48671875 0.84296875 0.13125 0.1125
0 0.12578125 0.7453125 0.1265625 0.103125
0 0.71953125 0.72265625 0.1234375 0.1
0 0.5921875 0.5453125 0.1125 0.084375
0 0.715625 0.62890625 0.125 0.090625
0 0.14296875 0.64296875 0.121875 0.09375
0 0.48359375 0.54765625 0.1125 0.090625
0 0.48046875 0.73203125 0.121875 0.103125
0 0.265625 0.54765625 0.1125 0.084375
0 0.6984375 0.53828125 0.109375 0.0875
0 0.25234375 0.634375 0.11875 0.09375
0 0.5859375 0.4578125 0.1109375 0.08125
0 0.234375 0.83984375 0.1296875 0.1125
0 0.15546875 0.55625 0.11875 0.0875
0 0.48515625 0.63828125 0.11875 0.09375
0 0.16875 0.47109375 0.1171875 0.0828125
0 0.56796875 0.13125 0.090625 0.0625
0 0.37265625 0.55 0.115625 0.0875
0 0.478125 0.465625 0.10625 0.0828125
0 0.58671875 0.38125 0.1078125 0.075
0 0.384375 0.384375 0.1046875 0.0765625
0 0.20390625 0.26640625 0.1078125 0.078125
0 0.6859375 0.37109375 0.1046875 0.075
0 0.478125 0.3875 0.103125 0.075
0 0.4796875 0.31875 0.1 0.0703125
0 0.4796875 0.1953125 0.090625 0.05625
0 0.57734375 0.3171875 0.1 0.0703125
0 0.2953125 0.25546875 0.10625 0.071875
0 0.278125 0.38359375 0.1125 0.075
0 0.79375 0.56171875 0.0890625 0.153125
0 0.47890625 0.13359375 0.0875 0.05625
0 0.3890625 0.25078125 0.096875 0.0625
0 0.17578125 0.40234375 0.1125 0.075
0 0.4796875 0.25078125 0.0953125 0.0625
0 0.5625 0.08046875 0.0875 0.05625
0 0.6515625 0.071875 0.084375 0.05625
0 0.571875 0.24609375 0.096875 0.0625
0 0.3875 0.3203125 0.1015625 0.0640625
0 0.478125 0.0875 0.084375 0.05
0 0.303125 0.20234375 0.090625 0.059375
0 0.390625 0.19375 0.09375 0.059375
0 0.76171875 0.28984375 0.08125 0.13125
0 0.675 0.31015625 0.1078125 0.0671875
0 0.6578125 0.1296875 0.0953125 0.071875
0 0.67109375 0.24375 0.103125 0.05625
0 0.3890625 0.290625 0.1 0.13125
0 0.3953125 0.14140625 0.0890625 0.053125
0 0.1109375 0.85 0.128125 0.1140625
0 0.8265625 0.753125 0.096875 0.190625
0 0.73828125 0.19296875 0.071875 0.121875
0 0.7234375 0.090625 0.06875 0.103125
0 0.66484375 0.18515625 0.103125 0.078125
0 0.57421875 0.184375 0.096875 0.078125
0 0.396875 0.08984375 0.0921875 0.059375
0 0.290625 0.31875 0.109375 0.078125
0 0.31171875 0.0921875 0.096875 0.0703125
0 0.31015625 0.14375 0.1 0.0625
0 0.19453125 0.3296875 0.109375 0.078125
0 0.2140625 0.20625 0.10625 0.065625
0 0.221875 0.15 0.096875 0.0625
0 0.2296875 0.1 0.096875 0.06875