0 0.6328125 0.44453125 0.06875 0.20625
0 0.6296875 0.653125 0.06875 0.2171875
0 0.27890625 0.30625 0.090625 0.10625
0 0.5640625 0.65078125 0.0640625 0.209375
0 0.48984375 0.64609375 0.059375 0.2
0 0.4421875 0.45234375 0.0609375 0.190625
0 0.50078125 0.45234375 0.0625 0.196875
0 0.56796875 0.45078125 0.065625 0.203125
0 0.36640625 0.83359375 0.05625 0.1953125
0 0.36640625 0.6375 0.05625 0.1890625
0 0.63046875 0.87890625 0.06875 0.21875
0 0.7078125 0.66484375 0.0734375 0.215625
0 0.7109375 0.446875 0.0734375 0.215625
0 0.43359375 0.6390625 0.059375 0.19375
0 0.375 0.3015625 0.103125 0.109375
0 0.37265625 0.45234375 0.059375 0.1890625
0 0.49296875 0.8578125 0.0625 0.203125
0 0.43125 0.83828125 0.059375 0.2
0 0.56484375 0.86796875 0.0671875 0.2125
0 0.31875 0.45390625 0.05625 0.184375
0 0.78671875 0.88984375 0.0765625 0.2203125
0 0.25625 0.62890625 0.053125 0.184375
0 0.18515625 0.3125 0.084375 0.1015625
0 0.78828125 0.43984375 0.078125 0.225
0 0.7875 0.66875 0.0828125 0.225
0 0.70546875 0.88515625 0.0734375 0.225
0 0.15703125 0.6265625 0.0515625 0.1765625
0 0.61796875 0.284375 0.11875 0.1234375
0 0.2078125 0.81015625 0.05 0.184375
0 0.2078125 0.628125 0.046875 0.18125
0 0.25546875 0.8203125 0.053125 0.184375
0 0.7546875 0.26015625 0.1359375 0.128125
0 0.315625 0.63515625 0.0546875 0.1859375
0 0.4859375 0.2984375 0.109375 0.1140625
0 0.3140625 0.8296875 0.05625 0.1875
0 0.25859375 0.45078125 0.053125 0.1828125
0 0.15703125 0.44765625 0.05 0.175
0 0.15078125 0.78046875 0.05 0.134375
0 0.20859375 0.45234375 0.053125 0.178125