0 0.57421875 0.62734375 0.08125 0.0828125
0 0.2765625 0.62578125 0.06875 0.078125
0 0.57265625 0.5515625 0.08125 0.08125
0 0.84453125 0.6359375 0.0984375 0.0890625
0 0.57265625 0.471875 0.08125 0.078125
0 0.496875 0.6265625 0.078125 0.084375
0 0.57109375 0.3984375 0.075 0.078125
0 0.49609375 0.4015625 0.071875 0.0765625
0 0.42109375 0.625 0.071875 0.08125
0 0.65546875 0.39609375 0.08125 0.078125
0 0.27890625 0.55234375 0.06875 0.0765625
0 0.75234375 0.55078125 0.0875 0.084375
0 0.425 0.47734375 0.071875 0.075
0 0.3484375 0.55234375 0.071875 0.0765625
0 0.49296875 0.78828125 0.078125 0.0859375
0 0.4953125 0.471875 0.071875 0.0734375
0 0.83515625 0.46484375 0.090625 0.08125
0 0.834375 0.72109375 0.09375 0.090625
0 0.84296875 0.55 0.090625 0.0828125
0 0.8390625 0.80546875 0.096875 0.09375
0 0.3421875 0.7046875 0.0734375 0.08125
0 0.746875 0.71875 0.0875 0.0890625
0 0.22109375 0.47890625 0.0625 0.071875
0 0.65703125 0.55 0.0859375 0.08125
0 0.4234375 0.55 0.0703125 0.075
0 0.13984375 0.62578125 0.065625 0.071875
0 0.6609375 0.4671875 0.084375 0.0796875
0 0.7375 0.39375 0.0828125 0.0796875
0 0.221875 0.4109375 0.0625 0.071875
0 0.49921875 0.55 0.0765625 0.0765625
0 0.346875 0.6265625 0.071875 0.0796875
0 0.15859375 0.41328125 0.065625 0.0703125
0 0.66015625 0.71640625 0.084375 0.0875
0 0.27421875 0.70390625 0.06875 0.0796875
0 0.3546875 0.475 0.06875 0.075
0 0.5734375 0.70859375 0.08125 0.084375
0 0.19375 0.77578125 0.06875 0.078125
0 0.74296875 0.63359375 0.0890625 0.0859375
0 0.2109375 0.62734375 0.0703125 0.075
0 0.42734375 0.40625 0.06875 0.075
0 0.41875 0.70546875 0.075 0.08125
0 0.3546875 0.409375 0.06875 0.075
0 0.2859375 0.40859375 0.065625 0.071875
0 0.1453125 0.5515625 0.0640625 0.071875
0 0.74765625 0.4671875 0.0859375 0.0796875
0 0.284375 0.478125 0.06875 0.071875
0 0.128125 0.77109375 0.0640625 0.078125
0 0.134375 0.69453125 0.06875 0.075
0 0.571875 0.79140625 0.08125 0.0875
0 0.153125 0.48046875 0.065625 0.0703125
0 0.09140625 0.484375 0.0625 0.071875
0 0.66015625 0.6265625 0.084375 0.0875
0 0.74140625 0.80078125 0.0890625 0.090625
0 0.2671875 0.7796875 0.071875 0.08125
0 0.06875 0.69765625 0.065625 0.075
0 0.0734375 0.62265625 0.065625 0.075
0 0.2078125 0.696875 0.06875 0.0765625
0 0.0796875 0.5515625 0.065625 0.071875
0 0.4109375 0.78515625 0.075 0.0859375
0 0.2140625 0.55234375 0.065625 0.075
0 0.49765625 0.70546875 0.078125 0.084375
0 0.09375 0.4171875 0.0625 0.071875
0 0.34140625 0.78203125 0.071875 0.084375
0 0.66015625 0.79609375 0.084375 0.0890625
0 0.81953125 0.38359375 0.0875 0.08125
0 0.06328125 0.76875 0.059375 0.0765625