0 0.5015625 0.4265625 0.06875 0.09140625
0 0.7203125 0.51875 0.0828125 0.1
0 0.72578125 0.71328125 0.07890625 0.09921875
0 0.57578125 0.23359375 0.07578125 0.1
0 0.57109375 0.696875 0.07109375 0.096875
0 0.8125 0.421875 0.0859375 0.103125
0 0.803125 0.51875 0.08671875 0.1
0 0.82890625 0.215625 0.08984375 0.10859375
0 0.50234375 0.240625 0.0671875 0.09609375
0 0.7328125 0.325 0.0828125 0.10390625
0 0.80390625 0.71875 0.0875 0.1015625
0 0.7375 0.2234375 0.084375 0.10859375
0 0.64609375 0.70390625 0.07578125 0.103125
0 0.25625 0.26015625 0.0640625 0.0921875
0 0.7078125 0.615625 0.084375 0.0984375
0 0.14765625 0.42890625 0.053125 0.07890625
0 0.65859375 0.2265625 0.08046875 0.10703125
0 0.1453125 0.26796875 0.0609375 0.0875
0 0.56484375 0.51484375 0.0734375 0.0953125
0 0.36484375 0.67421875 0.06015625 0.08828125
0 0.6296875 0.60703125 0.07578125 0.09453125
0 0.4328125 0.3375 0.06640625 0.090625
0 0.57265625 0.4234375 0.07421875 0.09296875
0 0.6578125 0.33125 0.08125 0.10078125
0 0.365625 0.5890625 0.059375 0.08515625
0 0.634375 0.78984375 0.07734375 0.096875
0 0.50078125 0.6921875 0.07109375 0.09296875
0 0.803125 0.62109375 0.09140625 0.10390625
0 0.5609375 0.6015625 0.071875 0.09296875
0 0.57734375 0.334375 0.07578125 0.09609375
0 0.6375 0.5203125 0.078125 0.09609375
0 0.8234375 0.31953125 0.0921875 0.109375
0 0.31171875 0.4296875 0.0578125 0.08515625
0 0.3125 0.34296875 0.0578125 0.08515625
0 0.1453125 0.34765625 0.053125 0.08203125
0 0.5046875 0.334375 0.06953125 0.09296875
0 0.48828125 0.5984375 0.06484375 0.09140625
0 0.371875 0.51015625 0.059375 0.0859375
0 0.375 0.25078125 0.0640625 0.1
0 0.6515625 0.425 0.07734375 0.096875
0 0.72734375 0.4265625 0.08359375 0.1
0 0.43828125 0.24765625 0.06484375 0.09296875
0 0.43828125 0.42890625 0.06484375 0.0890625
0 0.7140625 0.8 0.0796875 0.103125
0 0.5625 0.7796875 0.07265625 0.09453125
0 0.42890625 0.5984375 0.0609375 0.08828125
0 0.43359375 0.51484375 0.0640625 0.0875
0 0.36796875 0.3390625 0.059375 0.08828125
0 0.79453125 0.81875 0.084375 0.10625
0 0.36953125 0.4296875 0.059375 0.0875
0 0.2578125 0.43046875 0.0546875 0.08203125
0 0.2015625 0.34765625 0.05234375 0.08125
0 0.20234375 0.4296875 0.05625 0.0796875
0 0.25234375 0.34609375 0.05703125 0.0828125
0 0.49375 0.515625 0.0625 0.0890625
0 0.43046875 0.68359375 0.0640625 0.090625
0 0.14921875 0.57890625 0.05625 0.08046875
0 0.30625 0.58828125 0.0578125 0.084375
0 0.31328125 0.5078125 0.059375 0.0828125
0 0.2515625 0.5875 0.05390625 0.0796875
0 0.14765625 0.50703125 0.05078125 0.07890625
0 0.484375 0.7734375 0.0671875 0.09453125
0 0.20390625 0.509375 0.05 0.0796875
0 0.25703125 0.50703125 0.05703125 0.08046875
0 0.425 0.76640625 0.0625 0.090625
0 0.14453125 0.65390625 0.04765625 0.07578125
0 0.25 0.66328125 0.05390625 0.08125
0 0.30703125 0.6671875 0.06328125 0.08203125
0 0.2015625 0.65859375 0.05390625 0.0796875
0 0.14765625 0.728125 0.0578125 0.08203125
0 0.2 0.26328125 0.06640625 0.08984375
0 0.31328125 0.25546875 0.06484375 0.0953125
0 0.20078125 0.73125 0.0625 0.08515625
0 0.25390625 0.7375 0.0578125 0.08984375
0 0.30703125 0.74375 0.0625 0.08828125
0 0.3640625 0.75234375 0.06484375 0.090625
0 0.20234375 0.58125 0.05625 0.084375