0 0.609375 0.15234375 0.1453125 0.1203125
0 0.7328125 0.265625 0.1375 0.10625
0 0.69765625 0.5484375 0.121875 0.078125
0 0.225 0.35625 0.1296875 0.1015625
0 0.346875 0.36875 0.1265625 0.1
0 0.1890625 0.13671875 0.1453125 0.128125
0 0.7203125 0.36796875 0.134375 0.1
0 0.6890625 0.6203125 0.115625 0.075
0 0.4703125 0.26640625 0.1375 0.115625
0 0.6015625 0.265625 0.134375 0.1078125
0 0.3296875 0.13828125 0.14375 0.128125
0 0.3375 0.26015625 0.140625 0.115625
0 0.4671875 0.146875 0.146875 0.128125
0 0.75234375 0.15 0.1609375 0.121875
0 0.7125 0.46171875 0.13125 0.0859375
0 0.5921875 0.4609375 0.125 0.090625
0 0.10859375 0.35234375 0.13125 0.0984375
0 0.20703125 0.25390625 0.1375 0.1125
0 0.36796875 0.621875 0.109375 0.08125
0 0.5984375 0.36796875 0.128125 0.1
0 0.0859375 0.25 0.140625 0.1125
0 0.47109375 0.46953125 0.1203125 0.09375
0 0.475 0.62265625 0.109375 0.078125
0 0.19296875 0.81640625 0.0984375 0.0671875
0 0.240625 0.45625 0.125 0.09375
0 0.2671875 0.6859375 0.10625 0.078125
0 0.1453125 0.534375 0.121875 0.0890625
0 0.475 0.37109375 0.128125 0.0953125
0 0.353125 0.45859375 0.121875 0.090625
0 0.165625 0.684375 0.1125 0.0796875
0 0.66484375 0.81953125 0.096875 0.0640625
0 0.47421875 0.55234375 0.1140625 0.0796875
0 0.2578125 0.61640625 0.10625 0.078125
0 0.565625 0.81640625 0.0953125 0.0625
0 0.58046875 0.62109375 0.1125 0.078125
0 0.27265625 0.76328125 0.0984375 0.071875
0 0.28671875 0.88515625 0.090625 0.065625
0 0.15625 0.609375 0.1125 0.08125
0 0.3625 0.54765625 0.115625 0.08125
0 0.12734375 0.446875 0.125 0.090625
0 0.67890625 0.690625 0.109375 0.06875
0 0.67109375 0.759375 0.1046875 0.0625
0 0.47109375 0.7015625 0.1046875 0.075
0 0.58359375 0.54765625 0.1171875 0.0796875
0 0.06484375 0.1359375 0.1296875 0.125
0 0.1796875 0.759375 0.103125 0.06875
0 0.78828125 0.55078125 0.0859375 0.1375
0 0.28125 0.8234375 0.0953125 0.06875
0 0.37421875 0.83203125 0.1 0.0625
0 0.6625 0.8921875 0.1 0.065625
0 0.3703125 0.76796875 0.103125 0.0703125
0 0.24921875 0.53828125 0.11875 0.08125
0 0.37578125 0.69921875 0.1046875 0.071875
0 0.56328125 0.9484375 0.09375 0.0625
0 0.56328125 0.8859375 0.09375 0.0671875
0 0.47109375 0.8328125 0.096875 0.0625
0 0.3796875 0.89375 0.096875 0.0625
0 0.471875 0.94609375 0.0921875 0.053125
0 0.47265625 0.77265625 0.103125 0.065625
0 0.2015625 0.8796875 0.0921875 0.0625
0 0.81328125 0.38125 0.0890625 0.1640625
0 0.7609375 0.678125 0.075 0.121875
0 0.46953125 0.89453125 0.090625 0.0578125
0 0.575 0.6921875 0.10625 0.06875
0 0.57109375 0.76171875 0.1 0.059375
0 0.38125 0.946875 0.090625 0.05625
0 0.209375 0.92734375 0.0875 0.0546875
0 0.65703125 0.95 0.0921875 0.0578125
0 0.74140625 0.81015625 0.0625 0.1140625
0 0.85390625 0.2015625 0.1171875 0.209375
0 0.296875 0.94296875 0.0890625 0.0625
0 0.7328125 0.9390625 0.071875 0.115625