0 0.2 0.41171875 0.115625 0.08125
0 0.20390625 0.575 0.1125 0.078125
0 0.20546875 0.82109375 0.1125 0.078125
0 0.19765625 0.325 0.1125 0.0796875
0 0.30234375 0.14765625 0.1125 0.084375
0 0.3046875 0.23828125 0.1125 0.084375
0 0.20390625 0.65546875 0.1125 0.08125
0 0.3078125 0.32265625 0.109375 0.0796875
0 0.2078125 0.89609375 0.1109375 0.078125
0 0.20234375 0.48828125 0.115625 0.08125
0 0.30078125 0.06796875 0.1140625 0.0875
0 0.3171875 0.896875 0.109375 0.08125
0 0.2046875 0.74140625 0.1125 0.0796875
0 0.41875 0.4890625 0.103125 0.0796875
0 0.41953125 0.81328125 0.1046875 0.08125
0 0.41171875 0.14921875 0.109375 0.08125
0 0.3140625 0.56796875 0.10625 0.0796875
0 0.41015625 0.06953125 0.1078125 0.0859375
0 0.19453125 0.159375 0.115625 0.084375
0 0.415625 0.890625 0.1046875 0.08125
0 0.415625 0.31953125 0.10625 0.08125
0 0.51640625 0.071875 0.10625 0.0828125
0 0.7203125 0.32265625 0.103125 0.078125
0 0.31484375 0.73671875 0.1046875 0.0796875
0 0.51953125 0.234375 0.103125 0.08125
0 0.19296875 0.24140625 0.1171875 0.084375
0 0.309375 0.40703125 0.1078125 0.0828125
0 0.71875 0.71953125 0.0984375 0.075
0 0.51796875 0.31953125 0.103125 0.0796875
0 0.7171875 0.4078125 0.1 0.078125
0 0.51640625 0.56640625 0.1 0.075
0 0.415625 0.40703125 0.10625 0.078125
0 0.41796875 0.6484375 0.103125 0.078125
0 0.71875 0.7921875 0.1 0.078125
0 0.61875 0.31953125 0.103125 0.078125
0 0.51796875 0.40625 0.103125 0.0796875
0 0.4140625 0.56484375 0.10625 0.078125
0 0.6171875 0.4015625 0.1 0.078125
0 0.51953125 0.728125 0.103125 0.078125
0 0.19296875 0.06171875 0.115625 0.0890625
0 0.41015625 0.234375 0.109375 0.0828125
0 0.8125 0.790625 0.0984375 0.078125
0 0.8171875 0.86875 0.0984375 0.078125
0 0.6171875 0.55703125 0.1 0.075
0 0.515625 0.6484375 0.103125 0.075
0 0.41796875 0.73046875 0.10625 0.078125
0 0.7125 0.48828125 0.1 0.078125
0 0.31328125 0.48984375 0.10625 0.0828125
0 0.6140625 0.234375 0.103125 0.08125
0 0.51875 0.48515625 0.1046875 0.0796875
0 0.51953125 0.803125 0.1046875 0.078125
0 0.61796875 0.725 0.103125 0.078125
0 0.61953125 0.796875 0.103125 0.078125
0 0.61875 0.64140625 0.1015625 0.078125
0 0.7140625 0.64296875 0.1015625 0.075
0 0.51796875 0.15 0.10625 0.08125
0 0.31328125 0.6546875 0.1078125 0.0796875
0 0.81875 0.40703125 0.103125 0.0765625
0 0.31796875 0.8125 0.10625 0.0796875
0 0.81171875 0.55859375 0.0984375 0.075
0 0.621875 0.06875 0.10625 0.0859375
0 0.8125 0.7109375 0.1 0.075
0 0.71953125 0.8765625 0.1 0.08125
0 0.721875 0.2375 0.1046875 0.08125
0 0.5234375 0.884375 0.1 0.084375
0 0.61796875 0.47421875 0.0984375 0.0765625
0 0.8109375 0.6375 0.1 0.0765625
0 0.71796875 0.5609375 0.1 0.075
0 0.81796875 0.3234375 0.103125 0.078125
0 0.6203125 0.1515625 0.1046875 0.08125
0 0.72265625 0.15234375 0.10625 0.078125
0 0.81640625 0.4796875 0.103125 0.075
0 0.82109375 0.24140625 0.103125 0.078125
0 0.72421875 0.07265625 0.103125 0.08125
0 0.81875 0.16171875 0.103125 0.08125
0 0.62109375 0.87890625 0.103125 0.078125
0 0.8265625 0.078125 0.10625 0.08125