0 0.20625 0.296875 0.11875 0.090625
0 0.61484375 0.39375 0.1 0.075
0 0.81484375 0.32734375 0.10625 0.078125
0 0.421875 0.221875 0.109375 0.090625
0 0.3234375 0.38515625 0.10625 0.08125
0 0.72734375 0.23359375 0.1125 0.0875
0 0.71875 0.31875 0.103125 0.08125
0 0.309375 0.2078125 0.115625 0.096875
0 0.32734375 0.4578125 0.103125 0.075
0 0.821875 0.24296875 0.109375 0.090625
0 0.709375 0.39609375 0.1 0.075
0 0.7734375 0.54140625 0.096875 0.06875
0 0.42890625 0.4625 0.1015625 0.075
0 0.59453125 0.609375 0.090625 0.0625
0 0.62109375 0.31640625 0.103125 0.08125
0 0.62109375 0.22890625 0.1078125 0.090625
0 0.5203125 0.396875 0.096875 0.0765625
0 0.23828125 0.60859375 0.0984375 0.0625
0 0.7828125 0.4703125 0.096875 0.06875
0 0.51640625 0.53984375 0.090625 0.065625
0 0.52265625 0.3125 0.103125 0.084375
0 0.6859375 0.540625 0.09375 0.06875
0 0.33359375 0.5359375 0.096875 0.071875
0 0.425 0.38828125 0.103125 0.075
0 0.69921875 0.46875 0.096875 0.071875
0 0.32265625 0.3 0.109375 0.0859375
0 0.6078125 0.465625 0.0953125 0.0703125
0 0.51953125 0.46953125 0.090625 0.0703125
0 0.42890625 0.8796875 0.078125 0.0484375
0 0.21640625 0.3875 0.1140625 0.08125
0 0.4265625 0.53828125 0.09375 0.0671875
0 0.23203125 0.5375 0.103125 0.06875
0 0.225 0.4609375 0.1109375 0.075
0 0.66640625 0.72109375 0.08125 0.053125
0 0.42265625 0.30390625 0.103125 0.084375
0 0.34765625 0.88125 0.078125 0.05
0 0.33671875 0.6046875 0.0953125 0.065625
0 0.196875 0.20625 0.125 0.096875
0 0.6828125 0.60390625 0.090625 0.0625
0 0.603125 0.5390625 0.090625 0.06875
0 0.509375 0.66484375 0.084375 0.0609375
0 0.5265625 0.221875 0.10625 0.090625
0 0.428125 0.6078125 0.0890625 0.0625
0 0.346875 0.83515625 0.08125 0.053125
0 0.671875 0.6671875 0.0828125 0.059375
0 0.4296875 0.83125 0.078125 0.0515625
0 0.79765625 0.403125 0.1046875 0.071875
0 0.5890625 0.66640625 0.084375 0.05625
0 0.51015625 0.77578125 0.08125 0.053125
0 0.34296875 0.778125 0.084375 0.053125
0 0.50625 0.82734375 0.078125 0.0484375
0 0.24609375 0.66796875 0.09375 0.059375
0 0.33828125 0.66796875 0.090625 0.0578125
0 0.74296875 0.72109375 0.084375 0.05625
0 0.428125 0.66640625 0.0875 0.059375
0 0.58984375 0.7203125 0.0828125 0.0546875
0 0.25078125 0.72421875 0.090625 0.05625
0 0.42734375 0.721875 0.084375 0.053125
0 0.5078125 0.72265625 0.08125 0.05625
0 0.50546875 0.87578125 0.075 0.046875
0 0.7640625 0.609375 0.090625 0.0609375
0 0.42890625 0.7609375 0.0828125 0.084375
0 0.5125 0.603125 0.0875 0.0625
0 0.6625 0.775 0.075 0.05
0 0.2671875 0.88984375 0.084375 0.05
0 0.659375 0.81953125 0.078125 0.05
0 0.340625 0.721875 0.0890625 0.053125
0 0.75625 0.6671875 0.0859375 0.059375
0 0.25703125 0.78203125 0.090625 0.0546875
0 0.26171875 0.83359375 0.09375 0.0625
0 0.58671875 0.7734375 0.08125 0.05
0 0.740625 0.77421875 0.08125 0.05
0 0.57890625 0.8234375 0.084375 0.05625
0 0.57578125 0.87265625 0.0828125 0.05625
0 0.7234375 0.82421875 0.0875 0.05625
0 0.7171875 0.86484375 0.0828125 0.0578125
0 0.646875 0.86875 0.078125 0.05625