0 0.3890625 0.61640625 0.059375 0.18125
0 0.64453125 0.6296875 0.0640625 0.19375
0 0.50390625 0.8125 0.059375 0.19375
0 0.57890625 0.43515625 0.0625 0.1875
0 0.71171875 0.43125 0.065625 0.196875
0 0.78515625 0.4375 0.06875 0.196875
0 0.51875 0.4375 0.059375 0.1875
0 0.39609375 0.4375 0.05625 0.184375
0 0.27421875 0.6109375 0.053125 0.18125
0 0.7109375 0.63359375 0.065625 0.2
0 0.4515625 0.61875 0.05625 0.18125
0 0.19921875 0.28984375 0.090625 0.1
0 0.5078125 0.6203125 0.059375 0.184375
0 0.33359375 0.61484375 0.05625 0.18125
0 0.565625 0.81796875 0.0625 0.203125
0 0.3328125 0.8 0.05625 0.18125
0 0.21875 0.790625 0.053125 0.184375
0 0.27265625 0.7953125 0.05625 0.1828125
0 0.784375 0.63359375 0.06875 0.2
0 0.4453125 0.81328125 0.059375 0.190625
0 0.628125 0.828125 0.065625 0.203125
0 0.38515625 0.8046875 0.05625 0.184375
0 0.27734375 0.43515625 0.0546875 0.18125
0 0.5765625 0.62578125 0.0625 0.190625
0 0.49921875 0.29296875 0.103125 0.1046875
0 0.17265625 0.6015625 0.053125 0.1765625
0 0.22734375 0.43203125 0.053125 0.178125
0 0.64765625 0.43515625 0.0625 0.19375
0 0.22265625 0.60703125 0.053125 0.18125
0 0.17578125 0.42421875 0.0515625 0.175
0 0.7046875 0.83671875 0.0671875 0.2078125
0 0.778125 0.84375 0.0734375 0.2109375
0 0.7515625 0.275 0.11875 0.115625
0 0.453125 0.43671875 0.059375 0.184375
0 0.38359375 0.290625 0.1 0.1046875
0 0.62890625 0.28359375 0.1078125 0.1125
0 0.33671875 0.43046875 0.053125 0.18125
0 0.29453125 0.29140625 0.0953125 0.103125
0 0.16328125 0.7859375 0.053125 0.18125