0 0.70859375 0.63515625 0.17421875 0.07265625
0 0.390625 0.81171875 0.15625 0.075
0 0.71875 0.7171875 0.1828125 0.0921875
0 0.54921875 0.6390625 0.1609375 0.06953125
0 0.8828125 0.79609375 0.14375 0.15234375
0 0.5578125 0.82109375 0.1671875 0.078125
0 0.38984375 0.6375 0.14609375 0.0671875
0 0.72734375 0.8234375 0.18671875 0.08671875
0 0.546875 0.7265625 0.1640625 0.07265625
0 0.709375 0.5578125 0.15625 0.06875
0 0.2375 0.809375 0.146875 0.0734375
0 0.56640625 0.365625 0.13203125 0.05703125
0 0.87109375 0.65390625 0.14140625 0.13984375
0 0.20625 0.39375 0.11171875 0.05078125
0 0.19296875 0.56484375 0.2671875 0.065625
0 0.10078125 0.79140625 0.1328125 0.08203125
0 0.43125 0.4890625 0.1296875 0.0546875
0 0.565625 0.42890625 0.134375 0.05859375
0 0.4390625 0.31796875 0.12109375 0.053125
0 0.5671875 0.496875 0.1375 0.065625
0 0.4375 0.37265625 0.12265625 0.05546875
0 0.32265625 0.328125 0.11328125 0.05234375
0 0.70625 0.49140625 0.1515625 0.065625
0 0.2140625 0.340625 0.10546875 0.05234375
0 0.18359375 0.6421875 0.2703125 0.06640625
0 0.56328125 0.5625 0.140625 0.0625
0 0.4375 0.4359375 0.125 0.0546875
0 0.5625 0.3109375 0.128125 0.06015625
0 0.403125 0.5578125 0.15078125 0.06171875
0 0.31171875 0.44296875 0.11953125 0.05390625
0 0.2453125 0.71953125 0.13984375 0.0796875
0 0.69609375 0.2984375 0.13515625 0.06015625
0 0.71015625 0.42109375 0.1453125 0.06328125
0 0.846875 0.5375 0.11796875 0.109375
0 0.70703125 0.35390625 0.14140625 0.0578125
0 0.10703125 0.72421875 0.1328125 0.0640625
0 0.3203125 0.38125 0.1171875 0.05546875
0 0.3875 0.721875 0.15390625 0.078125
0 0.19921875 0.45 0.115625 0.05703125
0 0.1921875 0.4953125 0.11796875 0.05078125
0 0.30859375 0.48984375 0.12265625 0.053125
0 0.82421875 0.3296875 0.1125 0.10625
0 0.83671875 0.43046875 0.12265625 0.1109375