0 0.70234375 0.603125 0.06640625 0.0828125
0 0.57421875 0.6734375 0.06171875 0.07890625
0 0.76953125 0.60546875 0.06953125 0.084375
0 0.77265625 0.52578125 0.0703125 0.08046875
0 0.775 0.440625 0.071875 0.08515625
0 0.64140625 0.525 0.06015625 0.078125
0 0.77109375 0.684375 0.06875 0.08359375
0 0.703125 0.52421875 0.06640625 0.08203125
0 0.70625 0.44296875 0.0671875 0.084375
0 0.6421875 0.44375 0.06328125 0.08046875
0 0.5109375 0.51875 0.059375 0.075
0 0.778125 0.275 0.07421875 0.08984375
0 0.57265625 0.7515625 0.0609375 0.078125
0 0.51953125 0.6703125 0.0578125 0.075
0 0.7015625 0.36015625 0.0671875 0.0859375
0 0.290625 0.4484375 0.0484375 0.071875
0 0.765625 0.76953125 0.06953125 0.08671875
0 0.51796875 0.44453125 0.059375 0.07578125
0 0.6296875 0.2859375 0.0671875 0.08671875
0 0.6390625 0.67734375 0.0625 0.08203125
0 0.5203125 0.5921875 0.0578125 0.07578125
0 0.28828125 0.37734375 0.05078125 0.0734375
0 0.640625 0.596875 0.06015625 0.07890625
0 0.70234375 0.2796875 0.06875 0.08828125
0 0.634375 0.75703125 0.06171875 0.08046875
0 0.57578125 0.5234375 0.0625 0.0765625
0 0.2 0.58203125 0.0484375 0.06953125
0 0.57734375 0.59453125 0.0609375 0.0765625
0 0.2390625 0.37890625 0.05078125 0.0734375
0 0.33984375 0.37578125 0.0515625 0.07421875
0 0.56640625 0.2875 0.0609375 0.0859375
0 0.7 0.7625 0.065625 0.08203125
0 0.7765625 0.3578125 0.07265625 0.08671875
0 0.19453125 0.446875 0.0484375 0.06953125
0 0.5765625 0.44375 0.06171875 0.07890625
0 0.29296875 0.5171875 0.04921875 0.07109375
0 0.34453125 0.44609375 0.0515625 0.07109375
0 0.19453125 0.515625 0.0484375 0.06796875
0 0.5125 0.74765625 0.05859375 0.078125
0 0.39140625 0.36875 0.053125 0.0734375
0 0.40078125 0.59375 0.053125 0.075
0 0.39375 0.4453125 0.05390625 0.07265625
0 0.24296875 0.446875 0.05 0.06953125
0 0.3453125 0.6609375 0.0515625 0.07265625
0 0.3453125 0.73203125 0.05078125 0.071875
0 0.45078125 0.2953125 0.05546875 0.0796875
0 0.2421875 0.51640625 0.04609375 0.06953125
0 0.34375 0.51796875 0.053125 0.0734375
0 0.6390625 0.3640625 0.06796875 0.08359375
0 0.2453125 0.584375 0.04765625 0.07109375
0 0.56640625 0.36328125 0.06328125 0.08125
0 0.19375 0.37421875 0.046875 0.0703125
0 0.45703125 0.59140625 0.05703125 0.075
0 0.703125 0.684375 0.06640625 0.08359375
0 0.45625 0.66796875 0.05859375 0.075
0 0.4484375 0.371875 0.05625 0.07734375
0 0.34609375 0.5875 0.05390625 0.07265625
0 0.2984375 0.728125 0.04921875 0.07109375
0 0.3953125 0.6640625 0.05390625 0.0734375
0 0.396875 0.52109375 0.05390625 0.07421875
0 0.453125 0.44609375 0.05703125 0.075
0 0.5109375 0.2921875 0.0578125 0.08125
0 0.23984375 0.3046875 0.05 0.071875
0 0.2984375 0.5859375 0.04921875 0.071875
0 0.2453125 0.65390625 0.04765625 0.06796875
0 0.2984375 0.6578125 0.04765625 0.07109375
0 0.5109375 0.36484375 0.05859375 0.0765625
0 0.45234375 0.52265625 0.05390625 0.07421875
0 0.39453125 0.73671875 0.05390625 0.078125
0 0.20078125 0.65078125 0.04765625 0.06796875
0 0.45546875 0.7453125 0.05859375 0.07421875
0 0.3375 0.30234375 0.06015625 0.075
0 0.39140625 0.29921875 0.053125 0.07578125
0 0.2453125 0.72421875 0.04765625 0.06953125
0 0.19375 0.31015625 0.04921875 0.0703125
0 0.29765625 0.3046875 0.0578125 0.0734375
0 0.20078125 0.715625 0.046875 0.06875