0 0.10078125 0.6921875 0.1328125 0.24375
0 0.0875 0.4375 0.1421875 0.271875
0 0.43828125 0.428125 0.10625 0.23125
0 0.21953125 0.6828125 0.125 0.2359375
0 0.33046875 0.43125 0.1171875 0.24375
0 0.62578125 0.409375 0.09375 0.2171875
0 0.2125 0.43046875 0.13125 0.253125
0 0.4359375 0.65703125 0.103125 0.215625
0 0.33515625 0.671875 0.1125 0.221875
0 0.5359375 0.4203125 0.1 0.2203125
0 0.72578125 0.41171875 0.090625 0.2125
0 0.534375 0.6453125 0.096875 0.2109375
0 0.71171875 0.6234375 0.084375 0.1984375
0 0.88046875 0.6140625 0.0796875 0.19375
0 0.62734375 0.63515625 0.090625 0.20625
0 0.7953125 0.61953125 0.08125 0.19375
0 0.809375 0.40625 0.08125 0.209375
0 0.8890625 0.409375 0.075 0.2046875