0 0.584375 0.6703125 0.02265625 0.2359375
0 0.54375 0.6609375 0.0203125 0.2328125
0 0.60390625 0.67265625 0.02265625 0.23671875
0 0.5640625 0.6625 0.02421875 0.234375
0 0.740625 0.67734375 0.02578125 0.2359375
0 0.43828125 0.659375 0.0234375 0.23203125
0 0.7109375 0.6765625 0.02421875 0.2359375
0 0.6890625 0.675 0.02421875 0.23515625
0 0.45859375 0.659375 0.025 0.23359375
0 0.54921875 0.07578125 0.09921875 0.1515625
0 0.41796875 0.65859375 0.0234375 0.2328125
0 0.76171875 0.67890625 0.025 0.23828125
0 0.4796875 0.66171875 0.0234375 0.2234375
0 0.7578125 0.0734375 0.10859375 0.146875
0 0.4703125 0.39609375 0.04765625 0.3109375
0 0.63359375 0.6734375 0.0265625 0.2359375
0 0.78984375 0.68046875 0.0390625 0.24140625
0 0.3484375 0.08203125 0.09921875 0.1640625
0 0.6671875 0.6734375 0.02421875 0.23515625
0 0.51640625 0.66171875 0.03515625 0.2234375
0 0.446875 0.07578125 0.1 0.1515625
0 0.425 0.3984375 0.05078125 0.3046875
0 0.31484375 0.590625 0.0265625 0.09609375
0 0.84140625 0.6765625 0.04609375 0.2390625
0 0.3359375 0.659375 0.02421875 0.24140625
0 0.6515625 0.07578125 0.10234375 0.1515625
0 0.9046875 0.6796875 0.06953125 0.24375
0 0.6890625 0.39921875 0.025 0.31796875
0 0.90078125 0.40859375 0.18984375 0.3125
0 0.35703125 0.659375 0.025 0.22421875
0 0.32734375 0.7203125 0.02265625 0.09453125
0 0.38359375 0.39765625 0.03203125 0.30625
0 0.353125 0.5953125 0.02578125 0.10078125
0 0.61015625 0.39609375 0.03671875 0.309375
0 0.80625 0.67578125 0.03125 0.2390625