0 0.52421875 0.3390625 0.153125 0.0375
0 0.371875 0.33671875 0.14375 0.0421875
0 0.66328125 0.45 0.146875 0.040625
0 0.671875 0.3390625 0.15625 0.040625
0 0.37265625 0.3734375 0.140625 0.0421875
0 0.37734375 0.4796875 0.140625 0.040625
0 0.525 0.37578125 0.1515625 0.040625
0 0.51953125 0.44921875 0.146875 0.040625
0 0.37734375 0.4453125 0.1390625 0.040625
0 0.8265625 0.34140625 0.1640625 0.04375
0 0.515625 0.51875 0.14375 0.040625
0 0.5140625 0.553125 0.14375 0.0421875
0 0.109375 0.53125 0.046875 0.1
0 0.51953125 0.41484375 0.14375 0.0421875
0 0.815625 0.48828125 0.1578125 0.046875
0 0.815625 0.41875 0.159375 0.040625
0 0.66484375 0.41328125 0.15 0.0421875
0 0.1109375 0.434375 0.05 0.1015625
0 0.66015625 0.48359375 0.14375 0.04375
0 0.8171875 0.4546875 0.1640625 0.040625
0 0.3734375 0.4109375 0.140625 0.040625
0 0.11015625 0.33359375 0.05 0.1078125
0 0.15234375 0.33203125 0.05 0.1125
0 0.24140625 0.340625 0.134375 0.040625
0 0.6703125 0.3765625 0.1546875 0.040625
0 0.8203125 0.38046875 0.1625 0.04375
0 0.51640625 0.484375 0.14375 0.0421875
0 0.65703125 0.52109375 0.1484375 0.0375
0 0.80390625 0.52890625 0.159375 0.0390625
0 0.15546875 0.43515625 0.05 0.103125
0 0.14921875 0.53203125 0.0453125 0.0984375
0 0.234375 0.50859375 0.1296875 0.0390625
0 0.240625 0.3765625 0.13125 0.0390625
0 0.2421875 0.409375 0.13125 0.0375
0 0.24453125 0.44453125 0.1328125 0.040625
0 0.246875 0.4765625 0.13125 0.0375
0 0.375 0.51328125 0.1375 0.0375
0 0.3734375 0.5453125 0.134375 0.0375
0 0.23515625 0.540625 0.128125 0.0390625
0 0.24765625 0.571875 0.1265625 0.0390625
0 0.37890625 0.57734375 0.134375 0.0375
0 0.65234375 0.55390625 0.146875 0.0359375
0 0.80078125 0.5625 0.15625 0.040625
0 0.65078125 0.58828125 0.1453125 0.0375
0 0.5109375 0.58359375 0.1375 0.040625
0 0.109375 0.62265625 0.05 0.0921875
0 0.15625 0.62421875 0.0546875 0.090625
0 0.12109375 0.71015625 0.05 0.0875
0 0.1625 0.7109375 0.05 0.0875
0 0.246875 0.6015625 0.128125 0.0375
0 0.24765625 0.63203125 0.125 0.0375
0 0.25390625 0.659375 0.121875 0.0375
0 0.25546875 0.6890625 0.121875 0.0359375
0 0.25625 0.71796875 0.1203125 0.0359375
0 0.2546875 0.74140625 0.121875 0.0390625
0 0.37890625 0.61015625 0.13125 0.0375
0 0.37734375 0.640625 0.134375 0.040625
0 0.37734375 0.6703125 0.1265625 0.0390625
0 0.3765625 0.69765625 0.1265625 0.040625
0 0.37265625 0.7265625 0.125 0.040625
0 0.37109375 0.7546875 0.125 0.0390625
0 0.5109375 0.61640625 0.134375 0.040625
0 0.5078125 0.64765625 0.134375 0.0375
0 0.50390625 0.67890625 0.134375 0.0375
0 0.50390625 0.70703125 0.134375 0.0390625
0 0.49921875 0.73671875 0.134375 0.0375
0 0.49453125 0.76640625 0.13125 0.040625
0 0.64765625 0.62265625 0.14375 0.0375
0 0.6421875 0.653125 0.140625 0.0375
0 0.6390625 0.68515625 0.140625 0.0375
0 0.6359375 0.715625 0.1375 0.0375
0 0.63359375 0.746875 0.1359375 0.0421875
0 0.62734375 0.77578125 0.134375 0.04375
0 0.79375 0.59609375 0.153125 0.040625
0 0.78984375 0.6296875 0.15 0.0375
0 0.78359375 0.66015625 0.1484375 0.0390625
0 0.77890625 0.6921875 0.1484375 0.0421875
0 0.77421875 0.72421875 0.146875 0.04375
0 0.7703125 0.7546875 0.146875 0.040625
0 0.76640625 0.78828125 0.146875 0.0453125