0 0.046875 0.37734375 0.09375 0.0984375
0 0.05234375 0.471875 0.1046875 0.09375
0 0.15703125 0.27890625 0.1609375 0.1
0 0.05546875 0.56796875 0.1109375 0.0953125
0 0.04296875 0.2765625 0.0859375 0.1046875
0 0.16796875 0.378125 0.1578125 0.09375
0 0.17421875 0.465625 0.153125 0.0921875
0 0.1875 0.56015625 0.1484375 0.0921875
0 0.07265625 0.66015625 0.1453125 0.0953125
0 0.20390625 0.65 0.11875 0.0875
0 0.7328125 0.44453125 0.2703125 0.0375
0 0.7359375 0.41796875 0.265625 0.0265625
0 0.734375 0.234375 0.2828125 0.0265625
0 0.7375 0.36640625 0.26875 0.0265625
0 0.73671875 0.5625 0.2609375 0.025
0 0.73828125 0.14140625 0.28125 0.028125
0 0.7375 0.19296875 0.278125 0.028125
0 0.4625 0.68203125 0.290625 0.1421875
0 0.73828125 0.1609375 0.278125 0.028125
0 0.73359375 0.29453125 0.278125 0.0421875
0 0.73671875 0.515625 0.259375 0.0390625
0 0.73515625 0.21015625 0.284375 0.028125
0 0.7375 0.396875 0.265625 0.025
0 0.73828125 0.3421875 0.265625 0.0328125
0 0.73828125 0.615625 0.25625 0.04375
0 0.7359375 0.5421875 0.2609375 0.028125
0 0.440625 0.1546875 0.3140625 0.0875
0 0.7359375 0.45859375 0.2625 0.025
0 0.7375 0.08671875 0.284375 0.046875
0 0.73359375 0.58515625 0.2625 0.0265625
0 0.1125 0.14375 0.21875 0.040625
0 0.44453125 0.41875 0.3109375 0.06875
0 0.73828125 0.1171875 0.28125 0.028125
0 0.73359375 0.25625 0.2796875 0.0265625
0 0.73203125 0.4796875 0.265625 0.0234375