0 0.328125 0.57734375 0.07265625 0.1140625
0 0.20390625 0.25390625 0.08046875 0.11640625
0 0.80859375 0.46328125 0.153125 0.134375
0 0.2265625 0.80390625 0.1046875 0.115625
0 0.48125 0.82109375 0.1203125 0.12578125
0 0.67421875 0.590625 0.1359375 0.12734375
0 0.8375 0.859375 0.0984375 0.134375
0 0.3515625 0.35078125 0.075 0.11953125
0 0.546875 0.59140625 0.1234375 0.121875
0 0.5265625 0.225 0.075 0.1265625
0 0.42578125 0.58125 0.11953125 0.1171875
0 0.4453125 0.2265625 0.09140625 0.1234375
0 0.69453125 0.71640625 0.0875 0.13046875
0 0.7125 0.3390625 0.10859375 0.1375
0 0.36328125 0.471875 0.0828125 0.1171875
0 0.359375 0.2421875 0.08046875 0.1140625
0 0.45234375 0.47109375 0.090625 0.11953125
0 0.6640625 0.8390625 0.0828125 0.1328125
0 0.609375 0.71328125 0.08125 0.1296875
0 0.21484375 0.46953125 0.06640625 0.115625
0 0.55390625 0.46953125 0.1 0.1234375
0 0.665625 0.4703125 0.10859375 0.128125
0 0.58046875 0.8328125 0.07890625 0.128125
0 0.51484375 0.703125 0.11875 0.125
0 0.8234375 0.3296875 0.11484375 0.13828125
0 0.128125 0.26328125 0.0671875 0.10390625
0 0.71796875 0.2078125 0.10546875 0.134375
0 0.1296875 0.47109375 0.10390625 0.11171875
0 0.31328125 0.81328125 0.07265625 0.12109375
0 0.81171875 0.5921875 0.15234375 0.1328125
0 0.2328125 0.57890625 0.1109375 0.11328125
0 0.28828125 0.471875 0.0765625 0.115625
0 0.4375 0.34609375 0.090625 0.1234375
0 0.10625 0.67890625 0.0609375 0.11171875
0 0.80859375 0.7234375 0.14609375 0.13125
0 0.275 0.3546875 0.07890625 0.1125
0 0.82265625 0.19921875 0.1125 0.1390625
0 0.609375 0.21796875 0.10078125 0.1328125
0 0.20078125 0.3578125 0.07734375 0.1078125
0 0.38203125 0.8140625 0.0734375 0.121875
0 0.125 0.3640625 0.075 0.10625
0 0.40078125 0.69609375 0.1125 0.12265625
0 0.12578125 0.79453125 0.09609375 0.11640625
0 0.61171875 0.3421875 0.09609375 0.1296875
0 0.28671875 0.6953125 0.1078125 0.1171875
0 0.1328125 0.57734375 0.09765625 0.11328125
0 0.27890625 0.25078125 0.08125 0.115625
0 0.74921875 0.84453125 0.07890625 0.1265625
0 0.52421875 0.3453125 0.08359375 0.125
0 0.18671875 0.69140625 0.09921875 0.11640625