0 0.90234375 0.76796875 0.178125 0.2734375
0 0.36953125 0.52734375 0.1796875 0.1046875
0 0.57109375 0.91484375 0.171875 0.1578125
0 0.3921875 0.91171875 0.1640625 0.16875
0 0.715625 0.55625 0.18203125 0.159375
0 0.56953125 0.73125 0.1640625 0.20703125
0 0.0734375 0.9078125 0.146875 0.17109375
0 0.709375 0.39765625 0.1765625 0.15546875
0 0.2328125 0.91171875 0.1640625 0.16328125
0 0.9265625 0.95 0.1453125 0.1
0 0.53046875 0.41796875 0.165625 0.14140625
0 0.35234375 0.41640625 0.1640625 0.14375
0 0.40390625 0.74140625 0.15625 0.18359375
0 0.5421875 0.53515625 0.1828125 0.1
0 0.2015625 0.42265625 0.14140625 0.13359375
0 0.18828125 0.5390625 0.1734375 0.10078125
0 0.2453125 0.734375 0.1515625 0.221875
0 0.72265625 0.76484375 0.16796875 0.25859375
0 0.74765625 0.9390625 0.18984375 0.109375
0 0.08671875 0.69453125 0.153125 0.26171875
0 0.86171875 0.5078125 0.09609375 0.24453125
0 0.40234375 0.61953125 0.15546875 0.090625
0 0.253125 0.62578125 0.1546875 0.07578125