0 0.6796875 0.5421875 0.165625 0.178125
0 0.85078125 0.2375 0.265625 0.15
0 0.52578125 0.69765625 0.153125 0.159375
0 0.5140625 0.54921875 0.159375 0.1734375
0 0.6796875 0.69921875 0.15625 0.159375
0 0.51953125 0.2515625 0.115625 0.171875
0 0.8515625 0.51796875 0.18125 0.1828125
0 0.6453125 0.24765625 0.128125 0.1703125
0 0.8390625 0.371875 0.253125 0.140625
0 0.33515625 0.35625 0.25 0.146875
0 0.41015625 0.70390625 0.0875 0.1234375
0 0.58203125 0.39921875 0.2453125 0.134375
0 0.84296875 0.6796875 0.171875 0.16875
0 0.31953125 0.47265625 0.228125 0.1375
0 0.32265625 0.5921875 0.21875 0.125
0 0.57578125 0.828125 0.09375 0.1140625
0 0.390625 0.82421875 0.10625 0.128125
0 0.68125 0.8375 0.115625 0.128125
0 0.33515625 0.23203125 0.23125 0.14375
0 0.4859375 0.82109375 0.084375 0.121875
0 0.2203125 0.67421875 0.090625 0.11875
0 0.82734375 0.840625 0.18125 0.159375
0 0.31875 0.69375 0.10625 0.125
0 0.290625 0.8140625 0.109375 0.134375
0 0.1203125 0.5484375 0.1625 0.165625
0 0.13125 0.6703125 0.0875 0.11875
0 0.1703125 0.8015625 0.1359375 0.14375
0 0.1109375 0.240625 0.196875 0.10625
0 0.12109375 0.37578125 0.1515625 0.184375