0 0.478125 0.425 0.1125 0.19375
0 0.69296875 0.42421875 0.121875 0.20625
0 0.40625 0.77421875 0.1375 0.2875
0 0.68125 0.2265625 0.1125 0.184375
0 0.67578125 0.77890625 0.15 0.284375
0 0.57109375 0.23828125 0.10625 0.1828125
0 0.5765625 0.4265625 0.1125 0.203125
0 0.56640625 0.58125 0.090625 0.121875
0 0.53984375 0.78125 0.140625 0.28125
0 0.7921875 0.4140625 0.121875 0.2125
0 0.30703125 0.225 0.0765625 0.15
0 0.70078125 0.5859375 0.19375 0.121875
0 0.76953125 0.2171875 0.1046875 0.1859375
0 0.79765625 0.778125 0.153125 0.2875
0 0.28125 0.46484375 0.1 0.1171875
0 0.2875 0.84765625 0.1234375 0.1546875
0 0.18515625 0.48125 0.103125 0.08125
0 0.290625 0.69375 0.121875 0.1453125
0 0.3765625 0.3578125 0.09375 0.090625
0 0.38125 0.459375 0.096875 0.1140625
0 0.47265625 0.24140625 0.1046875 0.1765625
0 0.17734375 0.57109375 0.1125 0.0875
0 0.28359375 0.5734375 0.10625 0.10625
0 0.29453125 0.34921875 0.0953125 0.1125
0 0.19375 0.83984375 0.084375 0.15625
0 0.47109375 0.56484375 0.096875 0.1046875
0 0.38125 0.5640625 0.103125 0.10625
0 0.89453125 0.76640625 0.140625 0.29375
0 0.22109375 0.26015625 0.0953125 0.08125
0 0.2 0.41015625 0.1015625 0.071875
0 0.3890625 0.18515625 0.0921875 0.0875
0 0.20703125 0.69140625 0.06875 0.140625
0 0.2125 0.3375 0.096875 0.071875
0 0.11796875 0.84140625 0.0890625 0.1546875
0 0.13671875 0.68671875 0.084375 0.1375
0 0.38125 0.2734375 0.090625 0.0875
0 0.23515625 0.1890625 0.0875 0.0703125
0 0.81640625 0.58125 0.0796875 0.115625