0 0.8984375 0.65546875 0.109375 0.13125
0 0.34609375 0.2828125 0.078125 0.11875
0 0.43125 0.2796875 0.08125 0.121875
0 0.80625 0.26015625 0.10625 0.140625
0 0.6984375 0.3921875 0.1 0.128125
0 0.90859375 0.52734375 0.1125 0.1375
0 0.88671875 0.78125 0.10625 0.128125
0 0.79375 0.65 0.1 0.128125
0 0.428125 0.5109375 0.0765625 0.1140625
0 0.26640625 0.284375 0.075 0.115625
0 0.51484375 0.27734375 0.0859375 0.1265625
0 0.284375 0.81171875 0.071875 0.1
0 0.6015625 0.27109375 0.090625 0.128125
0 0.4265625 0.83203125 0.0734375 0.109375
0 0.35 0.50859375 0.075 0.109375
0 0.91875 0.3890625 0.11875 0.1375
0 0.8046875 0.39140625 0.10625 0.1328125
0 0.38671875 0.18359375 0.140625 0.08125
0 0.50703125 0.7359375 0.08125 0.115625
0 0.690625 0.6359375 0.09375 0.125
0 0.28125 0.6109375 0.075 0.10625
0 0.5875 0.853125 0.0859375 0.11875
0 0.5921875 0.63359375 0.0875 0.115625
0 0.28046875 0.50546875 0.075 0.109375
0 0.6984375 0.2640625 0.1 0.134375
0 0.19765625 0.28984375 0.06875 0.1125
0 0.6796875 0.753125 0.090625 0.121875
0 0.71015625 0.15390625 0.1703125 0.084375
0 0.6 0.39609375 0.0875 0.125
0 0.50703125 0.40078125 0.084375 0.121875
0 0.12734375 0.396875 0.071875 0.10625
0 0.92421875 0.2578125 0.11875 0.14375
0 0.3515625 0.61640625 0.071875 0.10625
0 0.7765625 0.88359375 0.09375 0.121875
0 0.5046875 0.62734375 0.078125 0.11875
0 0.69765625 0.5171875 0.096875 0.125
0 0.12578125 0.29296875 0.06875 0.109375
0 0.1203125 0.2015625 0.125 0.06875
0 0.14375 0.78984375 0.065625 0.096875
0 0.53984375 0.17265625 0.1546875 0.078125
0 0.7828125 0.7703125 0.096875 0.125
0 0.24765625 0.1921875 0.128125 0.071875
0 0.13984375 0.69140625 0.0671875 0.1
0 0.68125 0.871875 0.090625 0.121875
0 0.60078125 0.51640625 0.0875 0.11875
0 0.590625 0.7484375 0.0875 0.115625
0 0.80234375 0.52109375 0.1046875 0.128125
0 0.35078125 0.8203125 0.0703125 0.10625
0 0.5125 0.5171875 0.0890625 0.115625
0 0.27109375 0.39453125 0.075 0.1140625
0 0.4296875 0.3953125 0.0796875 0.11875
0 0.05546875 0.28984375 0.071875 0.109375
0 0.346875 0.4 0.075 0.115625
0 0.896875 0.140625 0.196875 0.090625
0 0.13515625 0.596875 0.071875 0.103125
0 0.28046875 0.7125 0.06875 0.1015625
0 0.13203125 0.49609375 0.071875 0.1046875
0 0.5 0.8453125 0.078125 0.11875
0 0.42890625 0.61796875 0.0765625 0.115625
0 0.87734375 0.89375 0.103125 0.1234375
0 0.34609375 0.71875 0.06875 0.1078125
0 0.0796875 0.68515625 0.065625 0.096875
0 0.065625 0.4953125 0.06875 0.103125
0 0.05703125 0.39609375 0.071875 0.10625
0 0.2078125 0.60234375 0.071875 0.103125
0 0.2109375 0.70078125 0.06875 0.096875
0 0.20390625 0.50546875 0.071875 0.109375
0 0.2015625 0.39921875 0.071875 0.1125
0 0.06875 0.59375 0.071875 0.1
0 0.42578125 0.7265625 0.078125 0.115625
0 0.2140625 0.7953125 0.065625 0.1015625
0 0.0828125 0.78359375 0.065625 0.0953125