0 0.328125 0.17890625 0.07421875 0.12734375
0 0.7890625 0.81953125 0.10859375 0.1484375
0 0.68515625 0.67734375 0.103125 0.14140625
0 0.7875 0.68515625 0.11015625 0.15
0 0.796875 0.5484375 0.11328125 0.14375
0 0.590625 0.54375 0.09375 0.12890625
0 0.91171875 0.54921875 0.1203125 0.1515625
0 0.80625 0.1046875 0.11171875 0.16328125
0 0.49921875 0.15859375 0.08828125 0.13828125
0 0.69375 0.26484375 0.103125 0.1421875
0 0.8046875 0.2578125 0.11328125 0.15
0 0.92421875 0.24921875 0.1234375 0.16328125
0 0.409375 0.653125 0.08046875 0.12265625
0 0.590625 0.27734375 0.0953125 0.13515625
0 0.3328125 0.753125 0.07421875 0.11875
0 0.3296875 0.29921875 0.07265625 0.1203125
0 0.68046875 0.80625 0.0984375 0.14453125
0 0.58984375 0.1359375 0.0953125 0.1484375
0 0.68984375 0.5453125 0.10390625 0.1375
0 0.57734375 0.79296875 0.08984375 0.1359375
0 0.69140625 0.4015625 0.1046875 0.13984375
0 0.48984375 0.7796875 0.08359375 0.128125
0 0.9046875 0.69609375 0.1234375 0.15625
0 0.58046875 0.915625 0.0921875 0.1390625
0 0.4984375 0.53515625 0.08515625 0.12421875
0 0.92734375 0.09375 0.11953125 0.16796875
0 0.33046875 0.41875 0.0734375 0.1140625
0 0.78515625 0.9359375 0.10703125 0.1203125
0 0.91640625 0.4015625 0.12109375 0.15625
0 0.590625 0.4078125 0.09296875 0.13125
0 0.41328125 0.16953125 0.084375 0.13046875
0 0.5 0.65703125 0.08515625 0.13046875
0 0.259375 0.53046875 0.06953125 0.1109375
0 0.6765625 0.93203125 0.1 0.1359375
0 0.1984375 0.73671875 0.06171875 0.10859375
0 0.50078125 0.2875 0.08828125 0.13125
0 0.4109375 0.5359375 0.08515625 0.11875
0 0.26015625 0.8546875 0.06953125 0.11875
0 0.90390625 0.83671875 0.121875 0.146875
0 0.25234375 0.3046875 0.06953125 0.11640625
0 0.8 0.40078125 0.11171875 0.14609375
0 0.40234375 0.28984375 0.0828125 0.125
0 0.58515625 0.66484375 0.09296875 0.13671875
0 0.33359375 0.5328125 0.0765625 0.115625
0 0.40859375 0.87890625 0.078125 0.13125
0 0.69765625 0.12421875 0.1015625 0.15390625
0 0.1953125 0.8359375 0.0671875 0.11015625
0 0.49609375 0.4140625 0.08515625 0.1265625
0 0.3390625 0.6453125 0.07734375 0.115625
0 0.25859375 0.7484375 0.06875 0.1140625
0 0.1921875 0.528125 0.0640625 0.11015625
0 0.121875 0.21015625 0.05390625 0.11328125
0 0.89609375 0.94921875 0.11796875 0.1015625
0 0.4078125 0.77109375 0.08046875 0.11953125
0 0.24921875 0.190625 0.06875 0.12421875
0 0.4046875 0.41171875 0.084375 0.121875
0 0.48828125 0.8984375 0.08359375 0.13515625
0 0.334375 0.87109375 0.0734375 0.12265625
0 0.125 0.31953125 0.05859375 0.10703125
0 0.26640625 0.6390625 0.07265625 0.109375
0 0.134375 0.721875 0.0625 0.10703125
0 0.18828125 0.2015625 0.06328125 0.12109375
0 0.19921875 0.63359375 0.06171875 0.109375
0 0.2546875 0.41484375 0.06484375 0.1140625
0 0.1953125 0.42109375 0.0625 0.11015625
0 0.1921875 0.31640625 0.06015625 0.11015625
0 0.128125 0.5265625 0.059375 0.10546875
0 0.0703125 0.42421875 0.0609375 0.1046875
0 0.12890625 0.42109375 0.06015625 0.10703125
0 0.0640625 0.32265625 0.0625 0.10625
0 0.06796875 0.5203125 0.06171875 0.10234375
0 0.0828125 0.81640625 0.05625 0.10234375
0 0.0640625 0.21640625 0.059375 0.10859375
0 0.078125 0.71953125 0.05625 0.10234375
0 0.13046875 0.628125 0.06328125 0.10703125
0 0.075 0.62265625 0.05859375 0.10390625
0 0.1359375 0.8296875 0.06171875 0.1109375