0 0.0890625 0.53359375 0.178125 0.3546875
0 0.2609375 0.78984375 0.1421875 0.29765625
0 0.38828125 0.73515625 0.12109375 0.259375
0 0.2515625 0.5078125 0.15078125 0.315625
0 0.39453125 0.46328125 0.125 0.29296875
0 0.1078125 0.83125 0.16796875 0.3359375
0 0.59375 0.66953125 0.090625 0.2171875
0 0.50390625 0.69296875 0.103125 0.24375
0 0.496875 0.44140625 0.1125 0.26875
0 0.60703125 0.4328125 0.09921875 0.24921875
0 0.6953125 0.4234375 0.10703125 0.26796875
0 0.6859375 0.65234375 0.084375 0.20390625
0 0.8484375 0.615625 0.071875 0.196875
0 0.76875 0.6296875 0.07890625 0.203125
0 0.91171875 0.59609375 0.06875 0.19921875
0 0.86171875 0.4046875 0.0734375 0.21640625
0 0.9375 0.38984375 0.08203125 0.2109375
0 0.78125 0.40859375 0.1078125 0.24453125