0 0.43359375 0.53203125 0.0921875 0.08203125
0 0.62265625 0.5328125 0.10234375 0.0890625
0 0.62109375 0.69609375 0.1046875 0.0875
0 0.5296875 0.53359375 0.09921875 0.08515625
0 0.61953125 0.61015625 0.10390625 0.08828125
0 0.5296875 0.609375 0.096875 0.08515625
0 0.72578125 0.6125 0.1125 0.0921875
0 0.52734375 0.69375 0.096875 0.084375
0 0.728125 0.7046875 0.1109375 0.09453125
0 0.43359375 0.6078125 0.09375 0.08359375
0 0.3359375 0.50390625 0.10234375 0.06796875
0 0.4296875 0.44765625 0.08984375 0.0859375
0 0.7359375 0.53125 0.115625 0.09140625
0 0.434375 0.76640625 0.09453125 0.08515625
0 0.73359375 0.43984375 0.11875 0.09296875
0 0.43515625 0.6859375 0.09140625 0.08125
0 0.334375 0.70078125 0.10546875 0.06875
0 0.33515625 0.5703125 0.1046875 0.06875
0 0.615625 0.44296875 0.103125 0.08828125
0 0.48203125 0.36796875 0.1109375 0.07421875
0 0.2296875 0.56796875 0.0984375 0.0671875
0 0.52421875 0.4453125 0.09609375 0.08671875
0 0.13984375 0.5046875 0.0953125 0.0640625
0 0.23359375 0.50390625 0.103125 0.06640625
0 0.596875 0.3625 0.11796875 0.078125
0 0.23671875 0.69375 0.09296875 0.065625
0 0.14296875 0.56640625 0.0890625 0.0640625
0 0.3328125 0.76484375 0.1015625 0.07109375
0 0.1375 0.4421875 0.0953125 0.065625
0 0.14921875 0.75234375 0.0921875 0.06328125
0 0.621875 0.7828125 0.103125 0.09140625
0 0.334375 0.43828125 0.10546875 0.0703125
0 0.14453125 0.62578125 0.08984375 0.06328125
0 0.334375 0.63125 0.1046875 0.065625
0 0.23359375 0.6296875 0.09453125 0.06328125
0 0.2375 0.75859375 0.09375 0.06484375
0 0.37265625 0.36484375 0.103125 0.0734375
0 0.528125 0.77109375 0.0953125 0.08671875
0 0.725 0.7921875 0.109375 0.09765625
0 0.2328125 0.37421875 0.0984375 0.06875
0 0.23125 0.4390625 0.1015625 0.06953125
0 0.13046875 0.38046875 0.0921875 0.06640625
0 0.14765625 0.690625 0.09296875 0.06953125
0 0.72109375 0.33828125 0.1328125 0.09296875