0 0.353125 0.45 0.05078125 0.175
0 0.396875 0.26640625 0.0609375 0.209375
0 0.4 0.45703125 0.05546875 0.18515625
0 0.528125 0.278125 0.0703125 0.22890625
0 0.65703125 0.0765625 0.065625 0.153125
0 0.728125 0.53828125 0.0828125 0.240625
0 0.6515625 0.51953125 0.075 0.2296875
0 0.459375 0.2625 0.059375 0.21171875
0 0.58046875 0.4984375 0.06640625 0.215625
0 0.47421875 0.0765625 0.053125 0.153125
0 0.51796875 0.48515625 0.06015625 0.20546875
0 0.42578125 0.07578125 0.0484375 0.1515625
0 0.5328125 0.07734375 0.05390625 0.1546875
0 0.459375 0.46796875 0.05625 0.19453125
0 0.59296875 0.284375 0.07109375 0.2375
0 0.58671875 0.07734375 0.0609375 0.15390625
0 0.7203125 0.07734375 0.06875 0.1546875
0 0.68046875 0.29140625 0.08203125 0.25
0 0.3765625 0.075 0.04609375 0.15
0 0.7984375 0.07734375 0.07578125 0.1546875
0 0.88125 0.0765625 0.08515625 0.153125
0 0.5609375 0.69140625 0.0609375 0.2015625
0 0.44453125 0.653125 0.05390625 0.1859375
0 0.62265625 0.7234375 0.071875 0.215625
0 0.703125 0.75390625 0.07734375 0.22578125
0 0.30703125 0.44609375 0.0453125 0.1734375
0 0.76875 0.29609375 0.08984375 0.26484375
0 0.49765625 0.67421875 0.05703125 0.2
0 0.34609375 0.2640625 0.05234375 0.2
0 0.33359375 0.0765625 0.0421875 0.153125
0 0.209375 0.25546875 0.04765625 0.18046875
0 0.29921875 0.265625 0.05390625 0.19609375
0 0.2484375 0.25546875 0.046875 0.18828125
0 0.33984375 0.61640625 0.0640625 0.16875
0 0.86171875 0.2890625 0.10625 0.2734375
0 0.28984375 0.08046875 0.04140625 0.1546875
0 0.26171875 0.434375 0.04453125 0.178125
0 0.821875 0.55234375 0.0921875 0.246875
0 0.3921875 0.62578125 0.04921875 0.17578125
0 0.2890625 0.5984375 0.06484375 0.16171875
0 0.21953125 0.42109375 0.0515625 0.17421875
0 0.23125 0.58359375 0.05859375 0.1546875
0 0.79375 0.790625 0.0890625 0.23984375