0 0.19140625 0.22734375 0.0828125 0.075
0 0.18671875 0.15390625 0.084375 0.0765625
0 0.51796875 0.28203125 0.0765625 0.0734375
0 0.21171875 0.44609375 0.0796875 0.075
0 0.28125 0.22421875 0.0875 0.078125
0 0.51015625 0.0671875 0.08125 0.075
0 0.43359375 0.07421875 0.08125 0.075
0 0.27578125 0.1484375 0.0875 0.075
0 0.5265625 0.41875 0.078125 0.078125
0 0.3546875 0.071875 0.084375 0.0765625
0 0.21328125 0.37421875 0.0765625 0.071875
0 0.45390625 0.490625 0.0796875 0.078125
0 0.359375 0.21796875 0.084375 0.0765625
0 0.35703125 0.14609375 0.0875 0.0734375
0 0.5125 0.21015625 0.084375 0.078125
0 0.52890625 0.4828125 0.078125 0.075
0 0.1828125 0.0734375 0.0875 0.078125
0 0.19765625 0.30234375 0.084375 0.075
0 0.51171875 0.13984375 0.0796875 0.075
0 0.2734375 0.07421875 0.08125 0.078125
0 0.4515625 0.42421875 0.084375 0.075
0 0.5234375 0.3484375 0.078125 0.071875
0 0.37734375 0.49921875 0.0796875 0.075
0 0.36328125 0.29140625 0.0859375 0.078125
0 0.43828125 0.2171875 0.08125 0.075
0 0.215625 0.515625 0.078125 0.0734375
0 0.44296875 0.2875 0.08125 0.078125
0 0.44765625 0.3546875 0.08125 0.071875
0 0.28671875 0.29609375 0.084375 0.078125
0 0.43671875 0.14375 0.08125 0.0734375
0 0.36875 0.36171875 0.084375 0.071875
0 0.3765625 0.43125 0.078125 0.075
0 0.29296875 0.3671875 0.0875 0.0796875
0 0.296875 0.43828125 0.0875 0.08125
0 0.30390625 0.50625 0.0890625 0.0796875