0 0.33203125 0.87265625 0.096875 0.18125
0 0.5875 0.3421875 0.06875 0.1203125
0 0.584375 0.096875 0.0671875 0.1125
0 0.5859375 0.221875 0.065625 0.1171875
0 0.5890625 0.4640625 0.06875 0.121875
0 0.59921875 0.58671875 0.071875 0.125
0 0.528125 0.4546875 0.0703125 0.125
0 0.35 0.24765625 0.0625 0.1390625
0 0.40546875 0.703125 0.06875 0.1625
0 0.3375 0.7015625 0.065625 0.1625
0 0.61640625 0.86875 0.065625 0.16875
0 0.521875 0.1015625 0.065625 0.1125
0 0.59765625 0.71328125 0.075 0.1296875
0 0.6640625 0.146875 0.0875 0.10625
0 0.55390625 0.86875 0.065625 0.1734375
0 0.2140625 0.69765625 0.06875 0.1625
0 0.66796875 0.26015625 0.090625 0.115625
0 0.4875 0.86796875 0.065625 0.171875
0 0.146875 0.69453125 0.0765625 0.165625
0 0.459375 0.5328125 0.0609375 0.153125
0 0.2203125 0.5375 0.0671875 0.15625
0 0.45859375 0.69296875 0.0625 0.1625
0 0.29375 0.2421875 0.0609375 0.140625
0 0.67890625 0.7390625 0.084375 0.1234375
0 0.52578125 0.58515625 0.071875 0.13125
0 0.15625 0.5359375 0.0703125 0.1546875
0 0.41875 0.86953125 0.09375 0.1765625
0 0.6765625 0.61328125 0.0921875 0.121875
0 0.52578125 0.21875 0.0671875 0.115625
0 0.52734375 0.33359375 0.06875 0.11875
0 0.24140625 0.87109375 0.096875 0.171875
0 0.27421875 0.70078125 0.065625 0.1640625
0 0.2859375 0.54296875 0.065625 0.15625
0 0.4046875 0.540625 0.0640625 0.153125
0 0.46328125 0.1109375 0.059375 0.1375
0 0.23125 0.24375 0.065625 0.140625
0 0.528125 0.71328125 0.071875 0.13125
0 0.40859375 0.25 0.0625 0.1421875
0 0.671875 0.496875 0.0890625 0.11875
0 0.346875 0.38828125 0.0640625 0.1453125
0 0.1625 0.38671875 0.071875 0.14375
0 0.15078125 0.86953125 0.1046875 0.1734375
0 0.6671875 0.3734375 0.0875 0.109375
0 0.34375 0.54375 0.0625 0.15625
0 0.46015625 0.39140625 0.059375 0.1421875
0 0.16953125 0.23671875 0.071875 0.1375
0 0.40703125 0.3875 0.0625 0.146875
0 0.6828125 0.88203125 0.084375 0.134375
0 0.46171875 0.24453125 0.059375 0.140625
0 0.178125 0.103125 0.065625 0.134375
0 0.228125 0.3828125 0.0703125 0.15
0 0.28984375 0.390625 0.0625 0.15
0 0.35 0.11015625 0.0609375 0.1375
0 0.29921875 0.1078125 0.0625 0.1375
0 0.2359375 0.10390625 0.0625 0.134375
0 0.40859375 0.1078125 0.0625 0.140625