0 0.66875 0.60625 0.065625 0.2125
0 0.73046875 0.60078125 0.065625 0.209375
0 0.459375 0.61953125 0.06875 0.2203125
0 0.54375 0.83203125 0.06875 0.221875
0 0.73046875 0.3890625 0.065625 0.20625
0 0.80546875 0.80390625 0.0625 0.2078125
0 0.66484375 0.390625 0.065625 0.209375
0 0.2375 0.865625 0.0765625 0.23125
0 0.60703125 0.82421875 0.065625 0.221875
0 0.31171875 0.62421875 0.075 0.225
0 0.4703125 0.83828125 0.0703125 0.221875
0 0.74375 0.8078125 0.065625 0.20625
0 0.38125 0.3984375 0.0703125 0.225
0 0.865625 0.58828125 0.0625 0.2
0 0.38359375 0.62265625 0.071875 0.225
0 0.45546875 0.39921875 0.06875 0.221875
0 0.87109375 0.79609375 0.0625 0.2078125
0 0.86640625 0.3875 0.059375 0.203125
0 0.79765625 0.59453125 0.0625 0.20625
0 0.534375 0.61796875 0.06875 0.215625
0 0.925 0.58671875 0.059375 0.2
0 0.596875 0.61328125 0.06875 0.209375
0 0.5921875 0.39765625 0.06875 0.221875
0 0.7859375 0.22421875 0.10625 0.121875
0 0.928125 0.78984375 0.05625 0.203125
0 0.26171875 0.22109375 0.1375 0.134375
0 0.3109375 0.39765625 0.075 0.225
0 0.89296875 0.2234375 0.1046875 0.11875
0 0.921875 0.3890625 0.059375 0.2
0 0.6765625 0.81640625 0.065625 0.209375
0 0.3953125 0.8484375 0.071875 0.2296875
0 0.66953125 0.22890625 0.1125 0.11875
0 0.80078125 0.38828125 0.065625 0.203125
0 0.528125 0.39921875 0.06875 0.221875
0 0.32421875 0.8546875 0.075 0.234375
0 0.22890625 0.39609375 0.0765625 0.228125
0 0.23125 0.63359375 0.0796875 0.2328125
0 0.54453125 0.228125 0.121875 0.125
0 0.39609375 0.22734375 0.1265625 0.1328125