0 0.42578125 0.45546875 0.05 0.14375
0 0.81328125 0.55546875 0.09375 0.0921875
0 0.64609375 0.55859375 0.084375 0.0890625
0 0.565625 0.38828125 0.0828125 0.090625
0 0.4890625 0.475 0.084375 0.090625
0 0.4890625 0.56015625 0.084375 0.0875
0 0.8125 0.378125 0.0890625 0.096875
0 0.6453125 0.3015625 0.0859375 0.0875
0 0.728125 0.465625 0.084375 0.090625
0 0.64609375 0.38828125 0.0875 0.09375
0 0.48828125 0.39453125 0.084375 0.084375
0 0.56640625 0.55703125 0.0796875 0.0859375
0 0.8140625 0.903125 0.090625 0.0921875
0 0.6453125 0.4734375 0.084375 0.090625
0 0.5640625 0.47265625 0.08125 0.09375
0 0.6484375 0.72890625 0.084375 0.0921875
0 0.8125 0.28828125 0.0890625 0.096875
0 0.56953125 0.809375 0.078125 0.0859375
0 0.81328125 0.7296875 0.0875 0.09375
0 0.490625 0.81328125 0.08125 0.090625
0 0.7265625 0.55390625 0.084375 0.0859375
0 0.8125 0.8171875 0.0875 0.090625
0 0.72890625 0.3796875 0.0875 0.096875
0 0.73515625 0.815625 0.084375 0.0859375
0 0.728125 0.72890625 0.084375 0.0859375
0 0.728125 0.29140625 0.0875 0.096875
0 0.646875 0.64609375 0.084375 0.0875
0 0.36640625 0.896875 0.078125 0.084375
0 0.8109375 0.64453125 0.084375 0.0875
0 0.81328125 0.4671875 0.09375 0.09375
0 0.6484375 0.81484375 0.084375 0.0953125
0 0.728125 0.64140625 0.0859375 0.090625
0 0.36328125 0.5578125 0.078125 0.084375
0 0.43203125 0.1828125 0.0578125 0.121875
0 0.5703125 0.89921875 0.078125 0.0875
0 0.428125 0.73125 0.0484375 0.140625
0 0.7296875 0.90078125 0.08125 0.090625
0 0.4234375 0.31484375 0.05 0.14375
0 0.36640625 0.81484375 0.078125 0.0875
0 0.56875 0.72421875 0.078125 0.084375
0 0.3640625 0.725 0.078125 0.09375
0 0.490625 0.6453125 0.0859375 0.0890625
0 0.65 0.9015625 0.084375 0.090625
0 0.5640625 0.30546875 0.08125 0.0921875
0 0.36328125 0.6453125 0.078125 0.084375
0 0.49375 0.903125 0.084375 0.09375
0 0.56796875 0.64453125 0.078125 0.084375
0 0.42734375 0.59453125 0.05 0.1421875
0 0.48515625 0.3046875 0.078125 0.090625
0 0.490625 0.728125 0.0828125 0.090625
0 0.43125 0.86796875 0.05 0.140625
0 0.3671875 0.30546875 0.065625 0.090625
0 0.3625 0.39296875 0.078125 0.084375
0 0.3625 0.47265625 0.078125 0.0875
0 0.72890625 0.17265625 0.05625 0.153125
0 0.37265625 0.18515625 0.059375 0.1203125
0 0.4828125 0.18984375 0.046875 0.1453125
0 0.53125 0.18984375 0.053125 0.15
0 0.5796875 0.1875 0.0515625 0.15
0 0.62890625 0.18125 0.0546875 0.153125
0 0.67890625 0.17734375 0.05625 0.153125
0 0.7796875 0.1703125 0.05625 0.15625
0 0.8296875 0.16875 0.05625 0.153125