0 0.54296875 0.53359375 0.07265625 0.0703125
0 0.54453125 0.39453125 0.0734375 0.06953125
0 0.4625 0.7328125 0.07421875 0.07265625
0 0.2203125 0.284375 0.07578125 0.0515625
0 0.5375 0.2671875 0.090625 0.0578125
0 0.72890625 0.325 0.10234375 0.06171875
0 0.72578125 0.49921875 0.10390625 0.059375
0 0.3953125 0.659375 0.06875 0.0703125
0 0.46484375 0.59765625 0.0703125 0.07109375
0 0.7296875 0.26640625 0.1015625 0.06015625
0 0.62890625 0.26953125 0.0984375 0.06015625
0 0.46328125 0.8 0.0734375 0.07109375
0 0.390625 0.72890625 0.0671875 0.07109375
0 0.83359375 0.5578125 0.1078125 0.06015625
0 0.83046875 0.37578125 0.10625 0.06171875
0 0.271875 0.58515625 0.06484375 0.065625
0 0.621875 0.66640625 0.09765625 0.06171875
0 0.7234375 0.671875 0.1046875 0.06484375
0 0.47265625 0.46171875 0.06796875 0.0671875
0 0.73359375 0.20703125 0.1015625 0.06171875
0 0.83046875 0.49921875 0.1078125 0.06171875
0 0.4078125 0.3328125 0.0640625 0.06640625
0 0.83125 0.31953125 0.1046875 0.0609375
0 0.834375 0.26328125 0.10078125 0.059375
0 0.22578125 0.40078125 0.06171875 0.06171875
0 0.62734375 0.3265625 0.0984375 0.06171875
0 0.096875 0.5796875 0.053125 0.0625
0 0.2265625 0.340625 0.06015625 0.06015625
0 0.1640625 0.403125 0.0578125 0.0609375
0 0.72890625 0.4390625 0.10234375 0.05859375
0 0.83515625 0.20390625 0.1 0.059375
0 0.2859375 0.33828125 0.0625 0.0609375
0 0.45625 0.871875 0.07265625 0.07734375
0 0.265625 0.715625 0.06796875 0.0765625
0 0.82890625 0.6203125 0.10859375 0.06328125
0 0.72421875 0.7359375 0.10546875 0.059375
0 0.62421875 0.5515625 0.09609375 0.05859375
0 0.4671875 0.53203125 0.07578125 0.0671875
0 0.540625 0.596875 0.07421875 0.07265625
0 0.10859375 0.34296875 0.06015625 0.06015625
0 0.265625 0.65234375 0.0625 0.06796875
0 0.82890625 0.678125 0.1078125 0.06484375
0 0.5296875 0.8796875 0.075 0.0796875
0 0.54140625 0.80625 0.0765625 0.07265625
0 0.47265625 0.3296875 0.06640625 0.06796875
0 0.834375 0.4390625 0.10703125 0.0609375
0 0.34453125 0.46015625 0.06171875 0.06328125
0 0.39453125 0.79375 0.071875 0.071875
0 0.3484375 0.33671875 0.059375 0.065625
0 0.54609375 0.3265625 0.07265625 0.07109375
0 0.72421875 0.609375 0.10546875 0.0609375
0 0.29609375 0.28203125 0.07734375 0.05234375
0 0.7234375 0.7890625 0.103125 0.059375
0 0.73125 0.3796875 0.1015625 0.0578125
0 0.27578125 0.52265625 0.06171875 0.06484375
0 0.728125 0.90390625 0.10078125 0.06484375
0 0.54609375 0.46328125 0.07109375 0.06796875
0 0.28671875 0.39921875 0.0625 0.06171875
0 0.7234375 0.871875 0.10078125 0.10703125
0 0.6265625 0.38046875 0.09765625 0.05859375
0 0.47265625 0.3984375 0.0671875 0.06484375
0 0.22421875 0.459375 0.059375 0.0609375
0 0.14453125 0.70703125 0.0609375 0.0625
0 0.62734375 0.440625 0.09765625 0.05859375
0 0.1078125 0.40078125 0.0609375 0.0609375
0 0.72421875 0.55546875 0.1046875 0.0609375
0 0.3390625 0.525 0.06171875 0.065625
0 0.62265625 0.60625 0.09765625 0.059375
0 0.621875 0.73125 0.09921875 0.0625
0 0.6328125 0.209375 0.0953125 0.0609375
0 0.546875 0.20234375 0.071875 0.071875
0 0.14296875 0.76875 0.06015625 0.06171875
0 0.33359375 0.6546875 0.06796875 0.06875
0 0.53984375 0.66875 0.07578125 0.06953125
0 0.34765625 0.40078125 0.0578125 0.0625
0 0.40625 0.4609375 0.06484375 0.065625
0 0.540625 0.74296875 0.07578125 0.07265625
0 0.1625 0.46015625 0.05859375 0.06015625
0 0.33671875 0.58828125 0.0671875 0.06796875
0 0.10859375 0.459375 0.059375 0.05859375
0 0.4484375 0.26875 0.08359375 0.05625
0 0.16484375 0.3421875 0.0578125 0.06015625
0 0.08671875 0.6421875 0.06328125 0.0703125
0 0.36875 0.28046875 0.06875 0.0546875
0 0.6265625 0.8953125 0.10078125 0.059375
0 0.14921875 0.58046875 0.06015625 0.06328125
0 0.39609375 0.58984375 0.0640625 0.06796875
0 0.3890625 0.8578125 0.06875 0.07265625
0 0.20625 0.65078125 0.06328125 0.0671875
0 0.21796875 0.52578125 0.059375 0.0625
0 0.62578125 0.49375 0.0984375 0.0578125
0 0.40390625 0.528125 0.06015625 0.06640625
0 0.1421875 0.2875 0.07421875 0.0484375
0 0.41171875 0.3984375 0.06328125 0.0640625
0 0.28828125 0.46171875 0.06015625 0.06171875
0 0.08828125 0.7 0.0578125 0.06328125
0 0.2125 0.5828125 0.059375 0.065625
0 0.328125 0.7203125 0.065625 0.0671875
0 0.33046875 0.7859375 0.06484375 0.06875
0 0.4640625 0.66484375 0.0703125 0.0734375
0 0.62265625 0.78515625 0.09921875 0.059375
0 0.1015625 0.5234375 0.05625 0.0625
0 0.14296875 0.83203125 0.059375 0.065625
0 0.29375 0.22578125 0.0625 0.0640625
0 0.32421875 0.853125 0.0625 0.0734375
0 0.2265625 0.23125 0.06015625 0.06015625
0 0.20625 0.70859375 0.0625 0.0625
0 0.828125 0.74140625 0.10703125 0.0609375
0 0.8265625 0.85625 0.10546875 0.059375
0 0.82890625 0.9140625 0.10625 0.06484375
0 0.6296875 0.84375 0.1 0.05546875
0 0.4734375 0.2078125 0.06328125 0.06875
0 0.153125 0.521875 0.059375 0.06171875
0 0.3484375 0.22265625 0.06328125 0.06484375
0 0.20625 0.7734375 0.0625 0.06015625
0 0.8265625 0.79296875 0.10546875 0.06015625
0 0.26171875 0.84765625 0.05859375 0.0703125
0 0.4140625 0.21484375 0.05859375 0.06484375
0 0.20546875 0.83984375 0.0625 0.06953125
0 0.0859375 0.76171875 0.06171875 0.07109375
0 0.1578125 0.23828125 0.08125 0.05546875
0 0.1453125 0.6453125 0.06484375 0.0703125
0 0.2671875 0.77734375 0.06640625 0.0734375
0 0.08828125 0.81953125 0.0578125 0.0671875