0 0.59921875 0.25703125 0.1734375 0.08125
0 0.26015625 0.51328125 0.18125 0.1203125
0 0.259375 0.6359375 0.18125 0.121875
0 0.43359375 0.61796875 0.178125 0.096875
0 0.61015625 0.74140625 0.1765625 0.096875
0 0.25703125 0.3875 0.18125 0.1234375
0 0.43515625 0.8109375 0.171875 0.0953125
0 0.6078125 0.5515625 0.175 0.096875
0 0.6078125 0.6421875 0.171875 0.09375
0 0.428125 0.27265625 0.18125 0.134375
0 0.6046875 0.14765625 0.184375 0.140625
0 0.434375 0.71640625 0.1734375 0.0921875
0 0.26328125 0.76484375 0.175 0.1203125
0 0.43515625 0.5109375 0.1734375 0.125
0 0.43046875 0.38828125 0.1765625 0.1
0 0.25078125 0.253125 0.184375 0.140625
0 0.42578125 0.1421875 0.184375 0.109375
0 0.56640625 0.86875 0.096875 0.1125
0 0.60625 0.4515625 0.175 0.09375
0 0.43515625 0.9015625 0.175 0.090625
0 0.60078125 0.35 0.175 0.1015625
0 0.66015625 0.87421875 0.0875 0.140625
0 0.26484375 0.88515625 0.175 0.121875
0 0.76484375 0.57734375 0.096875 0.1015625
0 0.76328125 0.47265625 0.096875 0.103125
0 0.76171875 0.36640625 0.0984375 0.1015625
0 0.76171875 0.67890625 0.096875 0.1
0 0.2484375 0.12890625 0.178125 0.1
0 0.74375 0.134375 0.0921875 0.128125
0 0.7671875 0.2671875 0.1046875 0.10625
0 0.76328125 0.778125 0.0875 0.0953125