0 0.2078125 0.54375 0.1375 0.26875
0 0.6890625 0.67734375 0.075 0.184375
0 0.534375 0.7203125 0.0875 0.203125
0 0.76953125 0.66484375 0.071875 0.184375
0 0.21875 0.78984375 0.13125 0.2375
0 0.4390625 0.51171875 0.10625 0.221875
0 0.33671875 0.76953125 0.115625 0.221875
0 0.32734375 0.52265625 0.115625 0.24375
0 0.61796875 0.690625 0.0828125 0.19375
0 0.778125 0.4671875 0.078125 0.1953125
0 0.85546875 0.4609375 0.071875 0.190625
0 0.8453125 0.6515625 0.065625 0.175
0 0.6953125 0.478125 0.0765625 0.2
0 0.43828125 0.74296875 0.096875 0.21875
0 0.62265625 0.48125 0.075 0.2140625
0 0.52734375 0.48984375 0.09375 0.215625