0 0.28046875 0.4234375 0.121875 0.0875
0 0.1265625 0.83515625 0.134375 0.14375
0 0.7453125 0.58125 0.125 0.0796875
0 0.6328125 0.69921875 0.1265625 0.134375
0 0.13984375 0.69140625 0.1359375 0.1265625
0 0.1515625 0.584375 0.125 0.08125
0 0.26015625 0.68984375 0.13125 0.1296875
0 0.38984375 0.496875 0.11875 0.0921875
0 0.50625 0.4515625 0.11875 0.115625
0 0.2703125 0.58359375 0.125 0.08125
0 0.3984375 0.390625 0.115625 0.115625
0 0.62265625 0.45546875 0.1171875 0.115625
0 0.28671875 0.32421875 0.11875 0.1109375
0 0.5109375 0.7 0.128125 0.134375
0 0.62265625 0.23046875 0.1125 0.109375
0 0.17890625 0.26015625 0.1203125 0.1078125
0 0.63984375 0.8484375 0.134375 0.1453125
0 0.63046875 0.56953125 0.121875 0.125
0 0.62109375 0.3421875 0.115625 0.1125
0 0.3890625 0.69609375 0.128125 0.134375
0 0.50390625 0.83515625 0.13125 0.140625
0 0.75859375 0.69140625 0.128125 0.128125
0 0.72421875 0.26875 0.1140625 0.10625
0 0.3828125 0.8328125 0.13125 0.14375
0 0.40703125 0.184375 0.1125 0.065625
0 0.275 0.50625 0.121875 0.078125
0 0.4015625 0.27421875 0.1125 0.109375
0 0.5109375 0.23359375 0.115625 0.10625
0 0.51640625 0.13671875 0.1078125 0.08125
0 0.6265625 0.13984375 0.1125 0.065625
0 0.3875 0.584375 0.125 0.096875
0 0.2890625 0.2296875 0.115625 0.06875
0 0.16796875 0.36953125 0.121875 0.1125
0 0.73671875 0.48359375 0.125 0.115625
0 0.18671875 0.14921875 0.11875 0.10625
0 0.3015625 0.13984375 0.115625 0.103125
0 0.73359375 0.159375 0.1125 0.10625
0 0.50859375 0.571875 0.121875 0.125
0 0.25390625 0.8359375 0.134375 0.146875
0 0.4078125 0.1234375 0.1125 0.0609375
0 0.50625 0.33984375 0.115625 0.1125
0 0.73046875 0.37265625 0.11875 0.109375
0 0.16328125 0.4875 0.125 0.115625
0 0.76484375 0.84921875 0.13125 0.134375