0 0.76171875 0.5828125 0.16875 0.1046875
0 0.63984375 0.5609375 0.08125 0.2
0 0.515625 0.76875 0.1234375 0.246875
0 0.35703125 0.37109375 0.1125 0.15625
0 0.43984375 0.55390625 0.1125 0.196875
0 0.628125 0.784375 0.1265625 0.25625
0 0.73125 0.3390625 0.1375 0.06875
0 0.3390625 0.54296875 0.134375 0.1953125
0 0.775 0.6875 0.1828125 0.1078125
0 0.74609375 0.4890625 0.1578125 0.0828125
0 0.7421875 0.40703125 0.15 0.075
0 0.18515625 0.7421875 0.146875 0.2390625
0 0.4015625 0.75390625 0.134375 0.246875
0 0.71796875 0.26796875 0.1375 0.0625
0 0.54609375 0.55703125 0.10625 0.2
0 0.25234375 0.36875 0.121875 0.1546875
0 0.4546875 0.375 0.0984375 0.159375
0 0.7953125 0.84140625 0.20625 0.1859375
0 0.54765625 0.3734375 0.096875 0.1625
0 0.296875 0.7453125 0.1390625 0.240625
0 0.2765625 0.2203125 0.109375 0.1234375
0 0.23515625 0.53125 0.1359375 0.184375
0 0.7078125 0.20859375 0.1359375 0.0625
0 0.3609375 0.221875 0.103125 0.140625
0 0.4484375 0.2296875 0.0921875 0.1390625
0 0.51875 0.2359375 0.0515625 0.115625
0 0.565625 0.2359375 0.0515625 0.1125
0 0.63203125 0.378125 0.078125 0.165625
0 0.61953125 0.23984375 0.059375 0.11875