0 0.4609375 0.31015625 0.109375 0.24765625
0 0.35390625 0.30546875 0.11640625 0.25234375
0 0.56015625 0.315625 0.1015625 0.23359375
0 0.6609375 0.31953125 0.0984375 0.22890625
0 0.34921875 0.5484375 0.1078125 0.22734375
0 0.121875 0.5390625 0.13125 0.2484375
0 0.1125 0.27421875 0.13671875 0.29375
0 0.2375 0.3 0.12578125 0.26015625
0 0.9328125 0.32890625 0.1109375 0.22578125
0 0.23671875 0.55 0.11640625 0.2375
0 0.8484375 0.3234375 0.08671875 0.23046875
0 0.65 0.54375 0.09140625 0.21484375
0 0.553125 0.54453125 0.09453125 0.21796875
0 0.45234375 0.5453125 0.1 0.22265625
0 0.8359375 0.54453125 0.084375 0.20546875
0 0.75859375 0.3234375 0.09296875 0.22421875
0 0.746875 0.54453125 0.09296875 0.209375
0 0.91953125 0.54140625 0.0859375 0.20625