0 0.2296875 0.51328125 0.0703125 0.1265625
0 0.1546875 0.390625 0.071875 0.13125
0 0.38828125 0.14921875 0.0890625 0.1546875
0 0.4734375 0.1453125 0.0875 0.1546875
0 0.4734375 0.2953125 0.084375 0.15
0 0.55703125 0.2921875 0.084375 0.153125
0 0.396875 0.2984375 0.0875 0.15
0 0.22890625 0.26015625 0.075 0.121875
0 0.63671875 0.70703125 0.084375 0.134375
0 0.315625 0.8703125 0.0890625 0.14375
0 0.46875 0.44140625 0.084375 0.140625
0 0.55546875 0.84921875 0.08125 0.1390625
0 0.15234375 0.26328125 0.078125 0.1203125
0 0.23359375 0.6390625 0.0703125 0.125
0 0.5515625 0.571875 0.08125 0.1390625
0 0.3875 0.44921875 0.0875 0.146875
0 0.47109375 0.578125 0.084375 0.14375
0 0.47265625 0.72109375 0.08125 0.140625
0 0.3109375 0.30625 0.090625 0.153125
0 0.55234375 0.43828125 0.084375 0.1390625
0 0.3984375 0.72890625 0.084375 0.14375
0 0.4 0.8625 0.084375 0.1375
0 0.55546875 0.71640625 0.08125 0.1375
0 0.63828125 0.84453125 0.084375 0.1328125
0 0.640625 0.2953125 0.0921875 0.1421875
0 0.39609375 0.58125 0.0859375 0.1421875
0 0.6359375 0.57265625 0.0859375 0.134375
0 0.22578125 0.13125 0.0734375 0.125
0 0.2265625 0.3859375 0.0734375 0.128125
0 0.3125 0.7328125 0.090625 0.1375
0 0.30703125 0.58984375 0.090625 0.14375
0 0.47265625 0.85546875 0.08125 0.140625
0 0.559375 0.14375 0.0875 0.15
0 0.63671875 0.440625 0.0875 0.1375
0 0.309375 0.4484375 0.0921875 0.146875
0 0.30625 0.15 0.090625 0.153125
0 0.159375 0.5203125 0.071875 0.1265625
0 0.23515625 0.7703125 0.071875 0.1234375
0 0.16484375 0.76875 0.071875 0.121875
0 0.1703125 0.89140625 0.071875 0.11875
0 0.64453125 0.14375 0.0875 0.1671875
0 0.23984375 0.88984375 0.071875 0.11875
0 0.16171875 0.64453125 0.0734375 0.121875
0 0.14921875 0.13203125 0.08125 0.13125