0 0.871875 0.5765625 0.115625 0.16171875
0 0.7640625 0.57890625 0.10390625 0.1515625
0 0.8671875 0.2578125 0.1140625 0.16953125
0 0.8703125 0.425 0.1109375 0.1625
0 0.76171875 0.43125 0.103125 0.15546875
0 0.56015625 0.4359375 0.0921875 0.14453125
0 0.65703125 0.43359375 0.0984375 0.1484375
0 0.1125 0.44296875 0.1296875 0.1140625
0 0.54921875 0.29296875 0.0875 0.14921875
0 0.66328125 0.575 0.09765625 0.14375
0 0.60546875 0.18046875 0.1859375 0.0859375
0 0.64609375 0.28203125 0.10078125 0.15
0 0.88359375 0.82578125 0.03359375 0.33203125
0 0.75703125 0.27421875 0.1078125 0.16640625
0 0.56875 0.571875 0.0890625 0.13671875
0 0.25390625 0.30703125 0.14921875 0.13203125
0 0.2703125 0.5828125 0.1390625 0.05625
0 0.7109375 0.8109375 0.0296875 0.31796875
0 0.2609375 0.528125 0.15078125 0.0625
0 0.2578125 0.4078125 0.146875 0.059375
0 0.10078125 0.3171875 0.1546875 0.12265625
0 0.41640625 0.21953125 0.16328125 0.0734375
0 0.11953125 0.5296875 0.121875 0.0578125
0 0.55390625 0.790625 0.03828125 0.31015625
0 0.18359375 0.803125 0.03359375 0.1703125
0 0.5828125 0.79609375 0.02578125 0.3125
0 0.29453125 0.8171875 0.02265625 0.1765625
0 0.42578125 0.6046875 0.1703125 0.0609375
0 0.62109375 0.80234375 0.05859375 0.31796875
0 0.16328125 0.80234375 0.02578125 0.16953125
0 0.21015625 0.8046875 0.025 0.17265625
0 0.3265625 0.8203125 0.04453125 0.178125
0 0.41796875 0.3546875 0.16328125 0.0671875
0 0.24921875 0.221875 0.14765625 0.07265625
0 0.51640625 0.78125 0.02890625 0.3046875
0 0.26640625 0.8140625 0.02109375 0.1765625
0 0.23984375 0.81015625 0.03359375 0.17109375
0 0.41171875 0.29375 0.1609375 0.0671875
0 0.80703125 0.1453125 0.22890625 0.103125
0 0.09375 0.23359375 0.1390625 0.07421875
0 0.13515625 0.5765625 0.14609375 0.0640625
0 0.2609375 0.4625 0.1578125 0.0640625
0 0.4234375 0.4171875 0.16640625 0.071875
0 0.42421875 0.48125 0.175 0.071875
0 0.42890625 0.5453125 0.16640625 0.06796875
0 0.9125 0.8265625 0.0296875 0.3421875
0 0.8515625 0.821875 0.02578125 0.3359375
0 0.825 0.81484375 0.03125 0.33046875
0 0.7953125 0.8140625 0.028125 0.33203125
0 0.76640625 0.8109375 0.0296875 0.3265625
0 0.73984375 0.81015625 0.03125 0.32578125
0 0.68515625 0.80234375 0.0296875 0.31796875
0 0.65859375 0.80078125 0.0296875 0.31015625
0 0.4875 0.78203125 0.03125 0.29296875
0 0.4671875 0.778125 0.03125 0.2953125
0 0.44609375 0.77421875 0.03125 0.28515625
0 0.42109375 0.775 0.0296875 0.28359375
0 0.396875 0.771875 0.02578125 0.28671875
0 0.37578125 0.76875 0.02265625 0.2796875
0 0.0734375 0.790625 0.0328125 0.16171875
0 0.09140625 0.790625 0.0328125 0.16796875
0 0.121875 0.7953125 0.03125 0.16796875
0 0.13359375 0.62890625 0.1421875 0.0625
0 0.27578125 0.6328125 0.153125 0.06796875
0 0.21171875 0.6671875 0.2984375 0.03515625