0 0.11640625 0.31875 0.11015625 0.13203125
0 0.2203125 0.321875 0.1015625 0.12734375
0 0.7640625 0.3578125 0.06171875 0.096875
0 0.11953125 0.1921875 0.11171875 0.1390625
0 0.1203125 0.43984375 0.1078125 0.128125
0 0.48671875 0.653125 0.08125 0.11015625
0 0.3171875 0.33046875 0.0921875 0.121875
0 0.3234375 0.78203125 0.0921875 0.11640625
0 0.56328125 0.34921875 0.0765625 0.10859375
0 0.31953125 0.55625 0.0890625 0.1125
0 0.225 0.79296875 0.09921875 0.12578125
0 0.12421875 0.684375 0.109375 0.128125
0 0.490625 0.86484375 0.08046875 0.1109375
0 0.4 0.33671875 0.08515625 0.11640625
0 0.225 0.5578125 0.0984375 0.11875
0 0.2203125 0.44609375 0.09921875 0.121875
0 0.48515625 0.44609375 0.07734375 0.11015625
0 0.2265625 0.19765625 0.103125 0.13125
0 0.32109375 0.44609375 0.0921875 0.11796875
0 0.415625 0.22265625 0.08828125 0.1234375
0 0.125 0.56328125 0.10859375 0.121875
0 0.3234375 0.215625 0.0953125 0.1296875
0 0.48671875 0.55234375 0.078125 0.1078125
0 0.48515625 0.340625 0.07890625 0.11171875
0 0.5640625 0.45 0.07421875 0.1046875
0 0.6296875 0.353125 0.06953125 0.10546875
0 0.125 0.80859375 0.10703125 0.134375
0 0.3234375 0.6734375 0.09140625 0.11796875
0 0.228125 0.6765625 0.096875 0.1234375
0 0.49453125 0.23359375 0.07890625 0.1171875
0 0.32421875 0.89375 0.09140625 0.121875
0 0.70625 0.73515625 0.0671875 0.09765625
0 0.409375 0.553125 0.0859375 0.1109375
0 0.76953125 0.5421875 0.06484375 0.090625
0 0.4890625 0.76015625 0.08203125 0.1125
0 0.5671875 0.853125 0.0796875 0.1125
0 0.70703125 0.2640625 0.065625 0.1015625
0 0.77421875 0.26875 0.06328125 0.1
0 0.56640625 0.55078125 0.075 0.10234375
0 0.2265625 0.9078125 0.10078125 0.128125
0 0.82265625 0.3609375 0.06171875 0.09453125
0 0.40859375 0.77421875 0.08671875 0.11640625
0 0.6421875 0.253125 0.0703125 0.10625
0 0.63984375 0.84453125 0.0734375 0.109375
0 0.62890625 0.45234375 0.06796875 0.10078125
0 0.6328125 0.55 0.06875 0.1
0 0.41015625 0.6671875 0.08359375 0.11484375
0 0.64453125 0.74375 0.07109375 0.10546875
0 0.76875 0.63046875 0.06015625 0.09453125
0 0.88125 0.45703125 0.05234375 0.08671875
0 0.56875 0.7546875 0.0765625 0.109375
0 0.4015625 0.4484375 0.084375 0.11171875
0 0.409375 0.875 0.08671875 0.11875
0 0.88203125 0.53984375 0.05 0.08671875
0 0.765625 0.4546875 0.06015625 0.09140625
0 0.56875 0.24609375 0.07265625 0.1125
0 0.8234375 0.6328125 0.05625 0.08984375
0 0.12734375 0.9234375 0.10625 0.13515625
0 0.8828125 0.3671875 0.05390625 0.08671875
0 0.56328125 0.65234375 0.075 0.10703125
0 0.70234375 0.5453125 0.06484375 0.09609375
0 0.69921875 0.35625 0.0625 0.10078125
0 0.821875 0.4546875 0.059375 0.08984375
0 0.88203125 0.63046875 0.05703125 0.0875
0 0.77734375 0.721875 0.06875 0.0984375
0 0.70546875 0.8265625 0.0703125 0.10234375
0 0.6984375 0.453125 0.0671875 0.09609375
0 0.70390625 0.6421875 0.065625 0.0984375
0 0.640625 0.646875 0.06953125 0.103125
0 0.775 0.81484375 0.0625 0.09921875
0 0.8265625 0.54453125 0.05703125 0.0890625
0 0.83203125 0.271875 0.059375 0.0984375
0 0.834375 0.71875 0.06328125 0.103125
0 0.8875 0.7109375 0.053125 0.08828125
0 0.890625 0.28671875 0.05390625 0.0921875
0 0.83125 0.80625 0.05859375 0.09765625
0 0.8859375 0.79765625 0.06015625 0.0921875