0 0.34296875 0.84921875 0.059375 0.2046875
0 0.465625 0.65 0.06328125 0.1953125
0 0.40234375 0.85390625 0.06171875 0.21171875
0 0.1765625 0.8375 0.05078125 0.1921875
0 0.5375 0.865625 0.06484375 0.21015625
0 0.66796875 0.65078125 0.071875 0.21640625
0 0.46953125 0.85859375 0.0625 0.21484375
0 0.34375 0.65234375 0.05703125 0.18671875
0 0.5328125 0.6578125 0.0625 0.1984375
0 0.39921875 0.6515625 0.0578125 0.19140625
0 0.59296875 0.65234375 0.0671875 0.20859375
0 0.29296875 0.65078125 0.0546875 0.18359375
0 0.28125 0.84375 0.05703125 0.196875
0 0.228125 0.840625 0.05390625 0.19296875
0 0.4375 0.50625 0.10390625 0.10859375
0 0.7421875 0.65234375 0.07734375 0.21796875
0 0.3375 0.5109375 0.09921875 0.10234375
0 0.75 0.875 0.078125 0.23203125
0 0.671875 0.8734375 0.07578125 0.22890625
0 0.6625 0.48984375 0.11953125 0.11640625
0 0.8265625 0.65078125 0.08125 0.225
0 0.5453125 0.496875 0.11171875 0.11171875
0 0.82578125 0.878125 0.0859375 0.23828125
0 0.59921875 0.86953125 0.071875 0.22578125
0 0.7890625 0.47734375 0.13046875 0.1234375
0 0.23203125 0.65546875 0.0546875 0.18515625
0 0.18203125 0.6546875 0.05078125 0.18203125
0 0.24375 0.5109375 0.08984375 0.10390625