0 0.1671875 0.45390625 0.13515625 0.25859375
0 0.17578125 0.7046875 0.13125 0.24609375
0 0.58984375 0.43515625 0.08671875 0.2109375
0 0.29609375 0.690625 0.11484375 0.2359375
0 0.49921875 0.659375 0.09296875 0.2046875
0 0.29609375 0.44921875 0.12265625 0.25
0 0.3984375 0.4453125 0.10546875 0.22578125
0 0.753125 0.61796875 0.0765625 0.19140625
0 0.67734375 0.4296875 0.0859375 0.2046875
0 0.76328125 0.425 0.0796875 0.20234375
0 0.83203125 0.6171875 0.07421875 0.18828125
0 0.66875 0.6359375 0.0828125 0.1921875
0 0.403125 0.675 0.10234375 0.2171875
0 0.58515625 0.65 0.084375 0.1984375
0 0.8421875 0.4171875 0.0734375 0.196875
0 0.50234375 0.4390625 0.09375 0.2203125
0 0.90234375 0.60390625 0.07109375 0.184375
0 0.91171875 0.403125 0.0703125 0.19453125