0 0.37109375 0.48828125 0.2015625 0.0640625
0 0.584375 0.609375 0.209375 0.0671875
0 0.5765625 0.5453125 0.20625 0.065625
0 0.3796875 0.23984375 0.184375 0.05625
0 0.56328125 0.35546875 0.19375 0.059375
0 0.56484375 0.41796875 0.1953125 0.0625
0 0.17265625 0.43203125 0.1953125 0.0625
0 0.17734375 0.36796875 0.19375 0.0609375
0 0.36796875 0.62265625 0.215625 0.071875
0 0.371875 0.4234375 0.196875 0.0625
0 0.37578125 0.3609375 0.190625 0.059375
0 0.58515625 0.68828125 0.2140625 0.071875
0 0.71328125 0.31328125 0.1125 0.1
0 0.16484375 0.559375 0.203125 0.0671875
0 0.56640625 0.3 0.190625 0.05625
0 0.371875 0.5578125 0.20625 0.0671875
0 0.37578125 0.30234375 0.1890625 0.059375
0 0.1421875 0.775 0.2265625 0.0765625
0 0.1625 0.48984375 0.2 0.0625
0 0.36484375 0.778125 0.2234375 0.075
0 0.1875 0.2515625 0.190625 0.059375
0 0.590625 0.76953125 0.21875 0.0734375
0 0.73828125 0.53828125 0.125 0.1125
0 0.5953125 0.85390625 0.225 0.08125
0 0.14453125 0.69609375 0.21875 0.075
0 0.36640625 0.6984375 0.21875 0.075
0 0.7109375 0.21328125 0.10625 0.0921875
0 0.56640625 0.2390625 0.190625 0.05625
0 0.56796875 0.47890625 0.2 0.065625
0 0.15234375 0.6296875 0.2140625 0.071875
0 0.1765625 0.31328125 0.190625 0.0578125
0 0.365625 0.85859375 0.228125 0.0765625
0 0.7484375 0.68125 0.128125 0.125
0 0.72265625 0.42109375 0.1171875 0.10625
0 0.37734375 0.1890625 0.184375 0.05625
0 0.13203125 0.8578125 0.228125 0.08125
0 0.56484375 0.1890625 0.1875 0.0546875
0 0.7625 0.81640625 0.128125 0.1296875
0 0.18984375 0.19296875 0.1859375 0.05625