0 0.31953125 0.175 0.0890625 0.128125
0 0.1421875 0.51953125 0.0984375 0.1171875
0 0.1625 0.746875 0.0953125 0.1125
0 0.23515625 0.40703125 0.09375 0.115625
0 0.25546875 0.83515625 0.0875 0.109375
0 0.4875 0.30546875 0.0796875 0.115625
0 0.3265625 0.4078125 0.084375 0.1140625
0 0.22734375 0.16640625 0.09375 0.134375
0 0.5703125 0.1984375 0.075 0.11875
0 0.48828125 0.1953125 0.0796875 0.121875
0 0.4078125 0.18359375 0.0859375 0.1265625
0 0.24453125 0.62734375 0.0875 0.1125
0 0.5640625 0.603125 0.071875 0.096875
0 0.32890625 0.51484375 0.084375 0.109375
0 0.24921875 0.73359375 0.0875 0.109375
0 0.3234375 0.296875 0.090625 0.1203125
0 0.70625 0.31171875 0.0703125 0.1015625
0 0.42578125 0.8140625 0.075 0.0984375
0 0.328125 0.61953125 0.08125 0.109375
0 0.64609375 0.2015625 0.071875 0.115625
0 0.7109375 0.20703125 0.06875 0.109375
0 0.1359375 0.40703125 0.103125 0.121875
0 0.78359375 0.2125 0.0671875 0.103125
0 0.41484375 0.40859375 0.0828125 0.1125
0 0.4078125 0.61796875 0.0796875 0.103125
0 0.63359375 0.59765625 0.06875 0.0953125
0 0.409375 0.29765625 0.084375 0.11875
0 0.5625 0.5171875 0.075 0.09375
0 0.128125 0.28515625 0.1 0.128125
0 0.4890625 0.41171875 0.075 0.1046875
0 0.1484375 0.634375 0.0984375 0.1125
0 0.7796875 0.3140625 0.0671875 0.0984375
0 0.70546875 0.41171875 0.06875 0.096875
0 0.23515625 0.5234375 0.0875 0.1140625
0 0.2296875 0.28671875 0.0921875 0.1296875
0 0.64140625 0.309375 0.071875 0.10625
0 0.6421875 0.41171875 0.06875 0.1
0 0.48515625 0.51640625 0.075 0.1
0 0.56640625 0.3078125 0.075 0.109375
0 0.40703125 0.515625 0.078125 0.103125
0 0.63125 0.5125 0.071875 0.096875
0 0.77890625 0.41171875 0.0671875 0.0953125
0 0.49375 0.6078125 0.075 0.0984375
0 0.1234375 0.1625 0.103125 0.1390625
0 0.853125 0.21875 0.0609375 0.103125
0 0.8515625 0.3171875 0.0625 0.096875
0 0.48671875 0.70703125 0.06875 0.096875
0 0.34375 0.82578125 0.0796875 0.10625
0 0.703125 0.50390625 0.0671875 0.09375
0 0.7703125 0.5890625 0.0609375 0.090625
0 0.56640625 0.4125 0.075 0.109375
0 0.49609375 0.80078125 0.071875 0.096875
0 0.5625 0.69921875 0.075 0.0984375
0 0.77421875 0.50078125 0.065625 0.09375
0 0.70390625 0.59453125 0.065625 0.0921875
0 0.63125 0.69140625 0.06875 0.09375
0 0.5703125 0.78984375 0.06875 0.096875
0 0.33671875 0.7203125 0.08125 0.10625
0 0.41796875 0.7171875 0.0765625 0.1
0 0.82109375 0.67578125 0.05625 0.084375
0 0.84140625 0.49921875 0.065625 0.090625
0 0.88046875 0.66953125 0.05625 0.0875
0 0.76796875 0.68125 0.05625 0.0828125
0 0.8484375 0.41484375 0.0625 0.09375
0 0.7640625 0.76484375 0.0640625 0.09375
0 0.69765625 0.77421875 0.0625 0.084375
0 0.70078125 0.68671875 0.0671875 0.090625
0 0.90390625 0.4125 0.0546875 0.090625
0 0.6390625 0.784375 0.0625 0.09375
0 0.8203125 0.7609375 0.0578125 0.0875
0 0.8296875 0.5875 0.078125 0.09375
0 0.17109375 0.85 0.090625 0.1078125
0 0.89765625 0.496875 0.05625 0.0875
0 0.87734375 0.7546875 0.053125 0.078125
0 0.9078125 0.3203125 0.0578125 0.09375
0 0.91484375 0.221875 0.06875 0.103125
0 0.88671875 0.58515625 0.071875 0.09375