0 0.50546875 0.5640625 0.096875 0.1234375
0 0.52265625 0.81640625 0.13125 0.134375
0 0.25 0.8296875 0.1375 0.1328125
0 0.403125 0.56953125 0.1 0.125
0 0.38515625 0.81875 0.13125 0.134375
0 0.62109375 0.68515625 0.128125 0.13125
0 0.1109375 0.8296875 0.14375 0.1375
0 0.31015625 0.5703125 0.1 0.121875
0 0.89765625 0.8125 0.1 0.134375
0 0.6515625 0.8203125 0.1328125 0.13125
0 0.20390625 0.57265625 0.103125 0.128125
0 0.7890625 0.55859375 0.08125 0.128125
0 0.13671875 0.47578125 0.171875 0.059375
0 0.47578125 0.42265625 0.1640625 0.059375
0 0.69921875 0.56484375 0.1 0.1265625
0 0.78125 0.8140625 0.1328125 0.1328125
0 0.88125 0.5578125 0.1 0.128125
0 0.79921875 0.33984375 0.1484375 0.0875
0 0.309375 0.42109375 0.165625 0.0609375
0 0.49375 0.68828125 0.1265625 0.13125
0 0.225 0.696875 0.1359375 0.128125
0 0.10078125 0.70078125 0.10625 0.128125
0 0.6421875 0.4703125 0.1640625 0.0609375
0 0.14140625 0.35703125 0.16875 0.059375
0 0.63359375 0.30546875 0.15625 0.059375
0 0.3078125 0.4796875 0.165625 0.0640625
0 0.140625 0.303125 0.16875 0.0609375
0 0.35703125 0.690625 0.13125 0.13125
0 0.13984375 0.4203125 0.16875 0.0625
0 0.63828125 0.35859375 0.15625 0.05625
0 0.09765625 0.56875 0.10625 0.1296875
0 0.87578125 0.68359375 0.128125 0.128125
0 0.475 0.4765625 0.1625 0.059375
0 0.3140625 0.30546875 0.1625 0.059375
0 0.47890625 0.3046875 0.1640625 0.059375
0 0.596875 0.565625 0.096875 0.128125
0 0.4765625 0.240625 0.159375 0.0609375
0 0.6328125 0.41953125 0.1609375 0.059375
0 0.47421875 0.36015625 0.1625 0.0609375
0 0.3140625 0.359375 0.165625 0.059375
0 0.74765625 0.68515625 0.128125 0.13125
0 0.8046875 0.4703125 0.1640625 0.0625
0 0.80078125 0.4125 0.165625 0.0578125
0 0.14453125 0.23984375 0.16875 0.0609375
0 0.31640625 0.24375 0.1578125 0.0625
0 0.63984375 0.2421875 0.1609375 0.0640625