0 0.76875 0.128125 0.24375 0.11875
0 0.75546875 0.24140625 0.234375 0.1109375
0 0.5265625 0.2390625 0.234375 0.1125
0 0.72734375 0.4421875 0.2125 0.096875
0 0.6859375 0.8484375 0.19375 0.075
0 0.496875 0.85078125 0.190625 0.078125
0 0.51171875 0.69609375 0.196875 0.084375
0 0.5109375 0.6203125 0.196875 0.08125
0 0.71171875 0.69296875 0.1953125 0.08125
0 0.70625 0.77421875 0.190625 0.08125
0 0.5203125 0.4453125 0.215625 0.096875
0 0.74375 0.34765625 0.228125 0.103125
0 0.51015625 0.77734375 0.1984375 0.0859375
0 0.72578125 0.53359375 0.2046875 0.090625
0 0.509375 0.53203125 0.2015625 0.0875
0 0.52109375 0.34765625 0.225 0.103125
0 0.53203125 0.1265625 0.253125 0.1234375
0 0.71328125 0.61796875 0.19375 0.0796875