0 0.82421875 0.315625 0.17890625 0.10234375
0 0.82109375 0.509375 0.1703125 0.09453125
0 0.35546875 0.31875 0.09921875 0.10390625
0 0.5296875 0.2078125 0.1421875 0.096875
0 0.68359375 0.2984375 0.10859375 0.1171875
0 0.4578125 0.309375 0.109375 0.11015625
0 0.55 0.5140625 0.11328125 0.10234375
0 0.559375 0.409375 0.1125 0.10859375
0 0.821875 0.41171875 0.1765625 0.1015625
0 0.66796875 0.5171875 0.12421875 0.10859375
0 0.67578125 0.40703125 0.12578125 0.1125
0 0.53515625 0.8015625 0.10703125 0.10859375
0 0.43984375 0.5140625 0.103125 0.10078125
0 0.67734375 0.19140625 0.15625 0.10078125
0 0.26484375 0.321875 0.08671875 0.10390625
0 0.34609375 0.41640625 0.10234375 0.0984375
0 0.6671875 0.6140625 0.11875 0.11015625
0 0.2453125 0.41796875 0.09375 0.0953125
0 0.3421875 0.5109375 0.096875 0.09765625
0 0.4328125 0.78671875 0.09921875 0.10234375
0 0.4390625 0.60390625 0.1046875 0.09921875
0 0.16015625 0.5875 0.0859375 0.09140625
0 0.55390625 0.61484375 0.11484375 0.10390625
0 0.659375 0.72265625 0.11640625 0.115625
0 0.57421875 0.303125 0.115625 0.11484375
0 0.24765625 0.59140625 0.08984375 0.0921875
0 0.81015625 0.5875 0.1640625 0.08984375
0 0.4515625 0.4125 0.109375 0.10234375
0 0.3890625 0.21796875 0.1265625 0.0921875
0 0.34296875 0.5984375 0.09765625 0.09765625
0 0.64765625 0.81953125 0.1171875 0.12578125
0 0.1546875 0.4171875 0.08515625 0.0921875
0 0.16796875 0.67734375 0.0859375 0.08828125
0 0.34296875 0.68828125 0.09296875 0.09765625
0 0.24765625 0.50859375 0.09453125 0.0921875
0 0.2484375 0.765625 0.08828125 0.09765625
0 0.54609375 0.70859375 0.10859375 0.1078125
0 0.440625 0.69609375 0.10078125 0.10625
0 0.821875 0.2125 0.15859375 0.13203125
0 0.25078125 0.684375 0.0890625 0.09453125
0 0.80625 0.67734375 0.165625 0.090625
0 0.33515625 0.77890625 0.0921875 0.10078125
0 0.15859375 0.50234375 0.0890625 0.09140625
0 0.16328125 0.33515625 0.11015625 0.07578125
0 0.79453125 0.76328125 0.165625 0.09453125
0 0.1703125 0.7609375 0.08671875 0.0953125
0 0.2734375 0.2296875 0.1140625 0.08671875
0 0.78828125 0.84453125 0.165625 0.11171875
0 0.1640625 0.2546875 0.10546875 0.08359375