0 0.6046875 0.528125 0.109375 0.078125
0 0.3765625 0.23671875 0.1296875 0.1125
0 0.71484375 0.44765625 0.1046875 0.08125
0 0.25546875 0.33515625 0.1390625 0.103125
0 0.3859375 0.34453125 0.125 0.0984375
0 0.73203125 0.2640625 0.121875 0.1015625
0 0.50703125 0.35546875 0.115625 0.096875
0 0.390625 0.44296875 0.121875 0.0890625
0 0.50234375 0.1375 0.13125 0.121875
0 0.23046875 0.10703125 0.15625 0.1359375
0 0.50546875 0.2546875 0.1234375 0.10625
0 0.37109375 0.125 0.140625 0.13125
0 0.61875 0.25546875 0.121875 0.103125
0 0.265625 0.440625 0.13125 0.0953125
0 0.83828125 0.2671875 0.1203125 0.096875
0 0.24296875 0.2265625 0.14375 0.11875
0 0.8171875 0.36953125 0.1078125 0.090625
0 0.49921875 0.44375 0.1140625 0.090625
0 0.74453125 0.16015625 0.115625 0.1125
0 0.2765625 0.53203125 0.125 0.0828125
0 0.62890625 0.14453125 0.1296875 0.11875
0 0.6125 0.35390625 0.1140625 0.0921875
0 0.6125 0.44140625 0.109375 0.0875
0 0.28359375 0.61328125 0.121875 0.075
0 0.39296875 0.5296875 0.115625 0.078125
0 0.69453125 0.60234375 0.103125 0.071875
0 0.71796875 0.365625 0.1125 0.0890625
0 0.85546875 0.1671875 0.1171875 0.10625
0 0.3921875 0.609375 0.109375 0.075
0 0.5875 0.671875 0.1 0.06875
0 0.80703125 0.45234375 0.1078125 0.0796875
0 0.7875 0.5296875 0.096875 0.075
0 0.49375 0.74609375 0.10625 0.06875
0 0.2875 0.68046875 0.1125 0.071875
0 0.59453125 0.60625 0.10625 0.071875
0 0.5015625 0.60546875 0.1078125 0.075
0 0.50390625 0.53359375 0.1125 0.0796875
0 0.696875 0.52890625 0.103125 0.0765625
0 0.4953125 0.67890625 0.109375 0.075
0 0.58203125 0.7359375 0.09375 0.0625
0 0.40234375 0.80078125 0.096875 0.0625
0 0.153125 0.36875 0.0875 0.171875
0 0.2984375 0.81640625 0.109375 0.08125
0 0.3953125 0.67578125 0.103125 0.06875
0 0.490625 0.80078125 0.103125 0.0640625
0 0.30390625 0.88125 0.109375 0.0796875
0 0.4890625 0.90703125 0.090625 0.06875
0 0.4046875 0.86640625 0.09375 0.065625
0 0.20234375 0.69609375 0.075 0.125
0 0.68046875 0.71875 0.09375 0.075
0 0.75234375 0.721875 0.09375 0.0765625
0 0.4015625 0.91796875 0.0953125 0.075
0 0.4 0.74375 0.1015625 0.06875
0 0.1828125 0.5625 0.0875 0.15
0 0.5828125 0.79296875 0.090625 0.0609375
0 0.48984375 0.84921875 0.090625 0.06875
0 0.2953125 0.75546875 0.1125 0.075
0 0.57578125 0.84375 0.0859375 0.05625
0 0.3109375 0.93984375 0.0984375 0.065625
0 0.684375 0.68515625 0.0984375 0.1015625
0 0.5734375 0.8984375 0.084375 0.05
0 0.10546875 0.14453125 0.1125 0.215625
0 0.74296875 0.77421875 0.09375 0.071875
0 0.73125 0.82890625 0.0890625 0.059375
0 0.725 0.87578125 0.0875 0.06875
0 0.646875 0.89453125 0.0875 0.065625
0 0.65703125 0.8390625 0.0890625 0.06875
0 0.66328125 0.7875 0.096875 0.075
0 0.2140625 0.81484375 0.08125 0.125
0 0.22734375 0.91328125 0.071875 0.115625
0 0.76640625 0.665625 0.103125 0.078125
0 0.778125 0.60078125 0.103125 0.0734375