0 0.775 0.89296875 0.2578125 0.14375
0 0.76640625 0.76875 0.25 0.125
0 0.4875 0.5484375 0.234375 0.1078125
0 0.52578125 0.91015625 0.275 0.1375
0 0.515625 0.77734375 0.259375 0.134375
0 0.5015625 0.66015625 0.246875 0.1203125
0 0.7453125 0.65703125 0.240625 0.115625
0 0.68515625 0.26640625 0.203125 0.084375
0 0.71640625 0.4484375 0.215625 0.1
0 0.7234375 0.546875 0.225 0.1046875
0 0.696875 0.3515625 0.215625 0.090625
0 0.48203125 0.44609375 0.23125 0.0984375
0 0.46875 0.253125 0.209375 0.0984375
0 0.47421875 0.3515625 0.2203125 0.09375
0 0.66640625 0.17421875 0.2 0.084375
0 0.45859375 0.16640625 0.209375 0.078125
0 0.64375 0.1046875 0.1796875 0.078125
0 0.45078125 0.09375 0.20625 0.0765625