0 0.16953125 0.37734375 0.125 0.09375
0 0.29296875 0.278125 0.1234375 0.096875
0 0.4125 0.12578125 0.1203125 0.0953125
0 0.171875 0.125 0.125 0.096875
0 0.64921875 0.34921875 0.11875 0.075
0 0.29296875 0.15390625 0.121875 0.15
0 0.6484375 0.42890625 0.11875 0.075
0 0.41015625 0.4109375 0.11875 0.0953125
0 0.16875 0.253125 0.1265625 0.1578125
0 0.2890625 0.3734375 0.1234375 0.096875
0 0.409375 0.22890625 0.121875 0.0953125
0 0.41015625 0.32265625 0.121875 0.090625
0 0.65 0.27734375 0.11875 0.0765625
0 0.6484375 0.20234375 0.1171875 0.0703125
0 0.528125 0.12890625 0.11875 0.090625
0 0.64921875 0.12421875 0.1171875 0.0765625
0 0.52421875 0.22734375 0.11875 0.0953125
0 0.52734375 0.32109375 0.11875 0.0875
0 0.17421875 0.45546875 0.1203125 0.05625
0 0.5265625 0.42421875 0.11875 0.075
0 0.67578125 0.82109375 0.225 0.1828125
0 0.21328125 0.98828125 0.2578125 0.0234375
0 0.28671875 0.45546875 0.1265625 0.0671875
0 0.734375 0.33125 0.059375 0.1515625
0 0.45390625 0.9359375 0.2265625 0.065625
0 0.73515625 0.16875 0.0625 0.1625
0 0.7328125 0.45390625 0.0625 0.071875