0 0.871875 0.76875 0.11875 0.24296875
0 0.75859375 0.75546875 0.1109375 0.23359375
0 0.7609375 0.5265625 0.11328125 0.23359375
0 0.5578125 0.72734375 0.09609375 0.2125
0 0.1515625 0.6859375 0.075 0.19296875
0 0.14921875 0.496875 0.078125 0.190625
0 0.30390625 0.51171875 0.08515625 0.196875
0 0.3796875 0.5109375 0.08203125 0.19765625
0 0.30703125 0.71171875 0.08125 0.1953125
0 0.22578125 0.70625 0.08203125 0.19140625
0 0.5546875 0.5203125 0.096875 0.21484375
0 0.65234375 0.74375 0.10390625 0.22890625
0 0.22265625 0.51015625 0.0859375 0.1984375
0 0.46640625 0.72578125 0.090625 0.2046875
0 0.46796875 0.509375 0.08828125 0.2015625
0 0.65234375 0.52109375 0.10234375 0.22578125
0 0.8734375 0.53203125 0.1234375 0.25234375
0 0.38203125 0.71328125 0.0796875 0.19453125