0 0.175 0.68046875 0.128125 0.0890625
0 0.51953125 0.8578125 0.1171875 0.0984375
0 0.746875 0.8375 0.1125 0.0953125
0 0.40703125 0.76484375 0.115625 0.09375
0 0.83515625 0.74453125 0.109375 0.0890625
0 0.30546875 0.5125 0.115625 0.0796875
0 0.4078125 0.6734375 0.1140625 0.084375
0 0.16640625 0.77265625 0.134375 0.09375
0 0.1984375 0.4296875 0.11875 0.075
0 0.1953125 0.51171875 0.121875 0.0796875
0 0.18359375 0.5921875 0.1265625 0.0859375
0 0.62734375 0.75546875 0.1125 0.0875
0 0.603125 0.4359375 0.096875 0.071875
0 0.51484375 0.67109375 0.109375 0.084375
0 0.73359375 0.75078125 0.109375 0.0875
0 0.296875 0.6765625 0.1203125 0.090625
0 0.31171875 0.29375 0.1015625 0.0703125
0 0.8140625 0.57421875 0.0984375 0.075
0 0.61953125 0.671875 0.109375 0.08125
0 0.2015625 0.35390625 0.115625 0.071875
0 0.20703125 0.2890625 0.109375 0.06875
0 0.40703125 0.8640625 0.121875 0.103125
0 0.2125 0.21640625 0.103125 0.0671875
0 0.40859375 0.58515625 0.1125 0.0828125
0 0.61796875 0.5921875 0.103125 0.0796875
0 0.59765625 0.36640625 0.0953125 0.06875
0 0.29765625 0.590625 0.11875 0.084375
0 0.5171875 0.4375 0.09375 0.075
0 0.28515625 0.871875 0.128125 0.1
0 0.41171875 0.5109375 0.1046875 0.075
0 0.634375 0.8515625 0.1125 0.0984375
0 0.3140625 0.2203125 0.0984375 0.0671875
0 0.41171875 0.29453125 0.096875 0.06875
0 0.5234375 0.76484375 0.1140625 0.0875
0 0.28671875 0.7703125 0.1296875 0.0921875
0 0.309375 0.35859375 0.10625 0.071875
0 0.41171875 0.3578125 0.1 0.06875
0 0.51640625 0.51484375 0.1 0.075
0 0.3078125 0.43359375 0.109375 0.075
0 0.515625 0.59296875 0.103125 0.078125
0 0.5125 0.36875 0.096875 0.071875
0 0.41171875 0.22109375 0.0953125 0.0671875
0 0.6078125 0.50625 0.0984375 0.075
0 0.1625 0.8765625 0.1390625 0.103125
0 0.21875 0.146875 0.103125 0.0609375
0 0.3171875 0.1484375 0.096875 0.0625
0 0.70703125 0.51328125 0.096875 0.06875
0 0.82578125 0.65625 0.10625 0.0796875
0 0.50390625 0.296875 0.09375 0.0671875
0 0.5890625 0.2296875 0.090625 0.0609375
0 0.4125 0.43359375 0.109375 0.075
0 0.80078125 0.50390625 0.096875 0.071875
0 0.69921875 0.4375 0.0984375 0.075
0 0.50078125 0.22578125 0.09375 0.065625
0 0.59453125 0.29609375 0.0921875 0.065625
0 0.69140625 0.36875 0.09375 0.06875
0 0.78984375 0.4296875 0.096875 0.06875
0 0.7203125 0.66328125 0.10625 0.08125
0 0.7171875 0.58203125 0.1 0.0765625
0 0.67578125 0.17890625 0.084375 0.05625
0 0.49921875 0.15859375 0.090625 0.065625
0 0.66953125 0.11953125 0.0875 0.05625
0 0.68125 0.23203125 0.0828125 0.05625
0 0.41484375 0.1515625 0.09375 0.0625
0 0.76484375 0.2359375 0.09375 0.0640625
0 0.77421875 0.30234375 0.084375 0.0625
0 0.68671875 0.29921875 0.090625 0.0671875
0 0.4125 0.09609375 0.090625 0.0546875
0 0.784375 0.3609375 0.09375 0.0625
0 0.7609375 0.1796875 0.0875 0.0578125
0 0.5875 0.1703125 0.09375 0.078125
0 0.85 0.82890625 0.1078125 0.090625
0 0.496875 0.10234375 0.0875 0.05625
0 0.7546875 0.12265625 0.078125 0.053125
0 0.3203125 0.0921875 0.09375 0.0578125
0 0.221875 0.08515625 0.103125 0.06875
0 0.58515625 0.11328125 0.09375 0.071875