0 0.11640625 0.184375 0.06796875 0.0890625
0 0.32265625 0.171875 0.07265625 0.08828125
0 0.83515625 0.421875 0.0875 0.08828125
0 0.19375 0.64453125 0.06328125 0.06640625
0 0.5109375 0.7484375 0.0703125 0.07734375
0 0.753125 0.4234375 0.0875 0.09140625
0 0.7453125 0.51171875 0.08125 0.08203125
0 0.74453125 0.5984375 0.08046875 0.078125
0 0.725 0.840625 0.078125 0.0734375
0 0.2578125 0.64921875 0.0640625 0.06796875
0 0.19140625 0.57109375 0.06171875 0.0671875
0 0.65234375 0.8328125 0.07421875 0.07265625
0 0.5828125 0.75390625 0.07265625 0.08046875
0 0.3921875 0.16875 0.0703125 0.08828125
0 0.809375 0.77421875 0.08203125 0.078125
0 0.50859375 0.81640625 0.0703125 0.06640625
0 0.584375 0.6703125 0.07265625 0.071875
0 0.1796875 0.18515625 0.0671875 0.10078125
0 0.32109375 0.6546875 0.065625 0.0734375
0 0.44296875 0.809375 0.06875 0.06953125
0 0.59765625 0.421875 0.07578125 0.0875
0 0.67265625 0.42265625 0.08125 0.08984375
0 0.578125 0.82421875 0.07265625 0.0703125
0 0.3828125 0.58359375 0.0671875 0.0734375
0 0.38671875 0.33671875 0.0671875 0.0890625
0 0.66171875 0.67734375 0.07578125 0.084375
0 0.8328125 0.51875 0.084375 0.0828125
0 0.25390625 0.57421875 0.0625 0.071875
0 0.37890625 0.803125 0.06328125 0.06328125
0 0.52109375 0.50390625 0.071875 0.078125
0 0.2515625 0.17734375 0.06796875 0.09296875
0 0.815625 0.6875 0.08359375 0.078125
0 0.44609375 0.73515625 0.06875 0.075
0 0.5359375 0.16328125 0.0765625 0.09375
0 0.3234375 0.33671875 0.06953125 0.08515625
0 0.31875 0.79609375 0.065625 0.0671875
0 0.85234375 0.240625 0.09296875 0.0953125
0 0.3859375 0.41796875 0.065625 0.084375
0 0.6625 0.59296875 0.07734375 0.078125
0 0.14140625 0.775 0.0609375 0.059375
0 0.45546875 0.4203125 0.0703125 0.0875
0 0.13515625 0.64140625 0.059375 0.06640625
0 0.25546875 0.26015625 0.06640625 0.0890625
0 0.80546875 0.84921875 0.0828125 0.075
0 0.3203125 0.57734375 0.065625 0.0765625
0 0.45703125 0.33671875 0.0734375 0.0859375
0 0.90625 0.60546875 0.08671875 0.08828125
0 0.25390625 0.7859375 0.06640625 0.06640625
0 0.3828125 0.73125 0.065625 0.07421875
0 0.196875 0.71484375 0.06328125 0.06875
0 0.19453125 0.49609375 0.0609375 0.06640625
0 0.38125 0.6578125 0.065625 0.0734375
0 0.45234375 0.5 0.06953125 0.07890625
0 0.60234375 0.33515625 0.07734375 0.08828125
0 0.73359375 0.6828125 0.0796875 0.08046875
0 0.771875 0.1484375 0.08984375 0.1
0 0.5234375 0.58515625 0.07109375 0.08046875
0 0.82265625 0.6046875 0.0828125 0.0828125
0 0.5875 0.5875 0.0734375 0.08515625
0 0.678125 0.3359375 0.0796875 0.08984375
0 0.1359375 0.49453125 0.05859375 0.06484375
0 0.896875 0.69453125 0.08828125 0.07890625
0 0.45 0.5828125 0.06953125 0.0765625
0 0.134375 0.70703125 0.06328125 0.06796875
0 0.32265625 0.49921875 0.0671875 0.06953125
0 0.88359375 0.859375 0.08359375 0.07578125
0 0.73203125 0.76328125 0.078125 0.0796875
0 0.51796875 0.6625 0.0703125 0.07734375
0 0.7609375 0.334375 0.090625 0.09296875
0 0.76796875 0.24296875 0.09140625 0.09765625
0 0.321875 0.41484375 0.06953125 0.08203125
0 0.590625 0.5046875 0.075 0.07890625
0 0.94765625 0.14140625 0.09375 0.1015625
0 0.31875 0.728125 0.065625 0.07421875
0 0.9140625 0.525 0.0875 0.0828125
0 0.52734375 0.3375 0.078125 0.0890625
0 0.52578125 0.421875 0.075 0.0875
0 0.66796875 0.51484375 0.078125 0.07890625
0 0.93984375 0.2375 0.1015625 0.096875
0 0.26015625 0.71875 0.06484375 0.06796875
0 0.38203125 0.49921875 0.06640625 0.0734375
0 0.68671875 0.2453125 0.0828125 0.0953125
0 0.459375 0.253125 0.07265625 0.09453125
0 0.25703125 0.50234375 0.0640625 0.07109375
0 0.53515625 0.253125 0.0765625 0.09375
0 0.25703125 0.33828125 0.06328125 0.08359375
0 0.32265625 0.25625 0.06796875 0.08515625
0 0.6078125 0.25078125 0.078125 0.0921875
0 0.13359375 0.5671875 0.05859375 0.0703125
0 0.89296875 0.784375 0.08828125 0.08984375
0 0.196875 0.77890625 0.059375 0.0625
0 0.65703125 0.76171875 0.075 0.08125
0 0.38828125 0.25390625 0.0703125 0.0875
0 0.921875 0.4234375 0.09453125 0.0921875
0 0.85859375 0.14453125 0.09140625 0.10078125
0 0.6109375 0.1578125 0.08046875 0.09765625
0 0.690625 0.153125 0.0875 0.10078125
0 0.44765625 0.6609375 0.06796875 0.078125
0 0.13671875 0.33828125 0.06796875 0.078125
0 0.18203125 0.259375 0.06796875 0.08203125
0 0.25546875 0.41640625 0.06484375 0.08828125
0 0.4609375 0.16953125 0.07265625 0.09921875
0 0.1203125 0.2609375 0.06640625 0.08046875
0 0.19453125 0.33828125 0.07109375 0.07890625
0 0.84609375 0.33203125 0.09453125 0.0921875
0 0.9328125 0.33203125 0.1 0.09375
0 0.19375 0.41328125 0.0671875 0.08046875
0 0.1359375 0.4125 0.0671875 0.07734375