0 0.76796875 0.09765625 0.2734375 0.178125
0 0.52734375 0.63046875 0.1046875 0.1796875
0 0.91484375 0.42890625 0.1578125 0.171875
0 0.91171875 0.6078125 0.16875 0.1640625
0 0.55625 0.284375 0.159375 0.18125
0 0.73125 0.43046875 0.20625 0.1640625
0 0.9078125 0.9265625 0.171875 0.146875
0 0.39765625 0.290625 0.15625 0.1765625
0 0.91171875 0.7671875 0.1625 0.1640625
0 0.95 0.0734375 0.1 0.1453125
0 0.41796875 0.46953125 0.140625 0.165625
0 0.41640625 0.64765625 0.14375 0.1640625
0 0.74140625 0.59609375 0.184375 0.15625
0 0.53515625 0.4578125 0.1 0.1828125
0 0.42265625 0.7984375 0.134375 0.140625
0 0.5390625 0.81171875 0.1 0.1734375
0 0.734375 0.7546875 0.221875 0.1515625
0 0.76484375 0.27734375 0.259375 0.16875
0 0.9390625 0.25234375 0.109375 0.190625
0 0.69453125 0.91328125 0.2625 0.153125
0 0.5078125 0.13828125 0.24375 0.096875
0 0.61953125 0.59765625 0.090625 0.15625
0 0.62578125 0.746875 0.075 0.1546875