0 0.12578125 0.48671875 0.078125 0.0859375
0 0.5140625 0.7296875 0.07734375 0.0921875
0 0.58828125 0.728125 0.07734375 0.090625
0 0.19921875 0.66015625 0.08125 0.0859375
0 0.2046875 0.571875 0.0765625 0.08125
0 0.353125 0.48203125 0.07578125 0.08125
0 0.35390625 0.565625 0.075 0.08046875
0 0.275 0.65703125 0.08125 0.0859375
0 0.66328125 0.72890625 0.084375 0.09609375
0 0.20390625 0.48828125 0.0734375 0.08828125
0 0.2796875 0.48359375 0.08046875 0.084375
0 0.275 0.7484375 0.08125 0.08828125
0 0.58046875 0.64609375 0.0734375 0.0796875
0 0.59296875 0.82265625 0.07734375 0.08828125
0 0.278125 0.56328125 0.078125 0.08125
0 0.51171875 0.65078125 0.075 0.078125
0 0.43984375 0.82890625 0.08125 0.09140625
0 0.1984375 0.75234375 0.08125 0.0875
0 0.96171875 0.80390625 0.0765625 0.090625
0 0.12578125 0.56953125 0.0796875 0.08359375
0 0.42578125 0.48125 0.07890625 0.08125
0 0.671875 0.81953125 0.07734375 0.08828125
0 0.9390625 0.63125 0.0859375 0.08203125
0 0.521875 0.8265625 0.07890625 0.08828125
0 0.04296875 0.57578125 0.0828125 0.08125
0 0.35546875 0.82421875 0.08046875 0.09140625
0 0.4328125 0.56484375 0.075 0.0796875
0 0.0375 0.7484375 0.075 0.0890625
0 0.11796875 0.66328125 0.0828125 0.0859375
0 0.73359375 0.72421875 0.08125 0.096875
0 0.4359375 0.73828125 0.07734375 0.0875
0 0.109375 0.84609375 0.08515625 0.0953125
0 0.11796875 0.75078125 0.084375 0.09296875
0 0.04609375 0.4890625 0.0859375 0.09140625
0 0.49609375 0.4796875 0.07578125 0.0796875
0 0.3578125 0.6375 0.078125 0.0484375
0 0.19296875 0.84453125 0.08984375 0.09296875
0 0.57421875 0.5609375 0.07265625 0.08046875
0 0.7515625 0.8171875 0.08046875 0.08828125
0 0.64921875 0.56171875 0.075 0.078125
0 0.63671875 0.47734375 0.07890625 0.07890625
0 0.43203125 0.6453125 0.08359375 0.08671875
0 0.659375 0.64609375 0.07578125 0.08046875
0 0.56796875 0.478125 0.075 0.078125
0 0.9546875 0.71640625 0.090625 0.08671875
0 0.27734375 0.84140625 0.0828125 0.09296875
0 0.03671875 0.665625 0.07265625 0.0765625
0 0.35625 0.67578125 0.07578125 0.03359375
0 0.7171875 0.55546875 0.08203125 0.078125
0 0.0328125 0.846875 0.065625 0.1046875
0 0.50390625 0.5578125 0.078125 0.0828125
0 0.70546875 0.47578125 0.07890625 0.0765625
0 0.77578125 0.47578125 0.0828125 0.07890625
0 0.84296875 0.475 0.08515625 0.08046875
0 0.9109375 0.4734375 0.0828125 0.0796875
0 0.78671875 0.5546875 0.08203125 0.08046875
0 0.85546875 0.55234375 0.08125 0.08046875
0 0.921875 0.55234375 0.0859375 0.07890625
0 0.72890625 0.6375 0.084375 0.0859375
0 0.7984375 0.63671875 0.08515625 0.084375
0 0.86953125 0.63359375 0.08671875 0.08359375
0 0.35546875 0.73828125 0.0890625 0.09375
0 0.81015625 0.72109375 0.08828125 0.090625
0 0.88125 0.71796875 0.0859375 0.09140625
0 0.825 0.81171875 0.09140625 0.09765625
0 0.89609375 0.8078125 0.08828125 0.09375