0 0.56953125 0.83359375 0.1703125 0.109375
0 0.40234375 0.55859375 0.15234375 0.0875
0 0.72578125 0.8359375 0.165625 0.109375
0 0.11875 0.4046875 0.13203125 0.0828125
0 0.4046875 0.30703125 0.14453125 0.096875
0 0.721875 0.73671875 0.165625 0.103125
0 0.88515625 0.44921875 0.17578125 0.10234375
0 0.40234375 0.64296875 0.153125 0.08984375
0 0.56171875 0.6453125 0.1609375 0.09453125
0 0.55625 0.559375 0.1609375 0.090625
0 0.71875 0.63828125 0.16640625 0.10078125
0 0.9078125 0.346875 0.10390625 0.10625
0 0.88828125 0.54296875 0.17890625 0.10234375
0 0.121875 0.478125 0.1328125 0.08203125
0 0.2625 0.40234375 0.1453125 0.08515625
0 0.2640625 0.47734375 0.1421875 0.08515625
0 0.4015625 0.39609375 0.15234375 0.0875
0 0.40625 0.475 0.15 0.0859375
0 0.4015625 0.8203125 0.15234375 0.1
0 0.89296875 0.64375 0.1828125 0.1015625
0 0.7140625 0.453125 0.16171875 0.0953125
0 0.8140625 0.34921875 0.096875 0.10703125
0 0.56328125 0.7375 0.16640625 0.09765625
0 0.56328125 0.3859375 0.153125 0.09296875
0 0.40625 0.7328125 0.153125 0.0953125
0 0.125 0.3234375 0.134375 0.084375
0 0.26640625 0.31640625 0.1390625 0.08984375
0 0.55703125 0.471875 0.159375 0.08828125
0 0.259375 0.64140625 0.1421875 0.08828125
0 0.26484375 0.56015625 0.14140625 0.0875
0 0.7203125 0.5453125 0.16484375 0.09765625
0 0.71796875 0.35546875 0.096875 0.10078125
0 0.89296875 0.74375 0.17421875 0.11015625
0 0.52890625 0.30546875 0.09140625 0.0890625
0 0.121875 0.5578125 0.13671875 0.0828125
0 0.25625 0.721875 0.14609375 0.090625
0 0.675 0.2859375 0.15625 0.059375
0 0.121875 0.6375 0.13671875 0.08359375
0 0.25625 0.809375 0.1453125 0.09609375
0 0.89296875 0.84765625 0.16484375 0.1125
0 0.11484375 0.71953125 0.13828125 0.08515625
0 0.11875 0.8 0.1359375 0.0921875
0 0.8609375 0.2703125 0.2125 0.07109375