0 0.4671875 0.296875 0.0625 0.115625
0 0.47734375 0.62109375 0.059375 0.103125
0 0.59375 0.5171875 0.0625 0.103125
0 0.5375 0.51640625 0.059375 0.103125
0 0.47265625 0.41015625 0.0625 0.1125
0 0.53828125 0.62109375 0.059375 0.103125
0 0.47890625 0.721875 0.059375 0.1
0 0.5921875 0.4078125 0.065625 0.109375
0 0.35546875 0.528125 0.0625 0.10625
0 0.59296875 0.61953125 0.059375 0.1015625
0 0.4765625 0.52421875 0.0609375 0.1046875
0 0.53203125 0.296875 0.0625 0.115625
0 0.3515625 0.4125 0.0625 0.1125
0 0.5375 0.7234375 0.059375 0.096875
0 0.59296875 0.7203125 0.059375 0.1
0 0.42421875 0.825 0.059375 0.096875
0 0.41796875 0.5203125 0.059375 0.103125
0 0.4203125 0.62890625 0.059375 0.103125
0 0.534375 0.178125 0.0625 0.11875
0 0.2203125 0.3 0.065625 0.11875
0 0.5921875 0.8203125 0.059375 0.096875
0 0.30078125 0.63359375 0.0625 0.103125
0 0.41484375 0.41171875 0.0625 0.1125
0 0.24140625 0.83125 0.0625 0.09375
0 0.534375 0.409375 0.059375 0.1125
0 0.5390625 0.82109375 0.059375 0.096875
0 0.421875 0.73125 0.0609375 0.1
0 0.3046875 0.734375 0.0625 0.103125
0 0.23125 0.53125 0.0625 0.1078125
0 0.3078125 0.8296875 0.0625 0.096875
0 0.22734375 0.41875 0.065625 0.1125
0 0.2921875 0.41328125 0.065625 0.1125
0 0.47890625 0.82109375 0.059375 0.0984375
0 0.36171875 0.83125 0.059375 0.096875
0 0.2953125 0.5234375 0.0625 0.1078125
0 0.359375 0.73046875 0.059375 0.1
0 0.465625 0.18359375 0.0671875 0.11875
0 0.65859375 0.7171875 0.0625 0.1
0 0.23828125 0.7328125 0.0640625 0.1
0 0.234375 0.634375 0.0640625 0.103125
0 0.35625 0.63046875 0.0609375 0.1015625
0 0.40859375 0.29765625 0.0625 0.1171875
0 0.27578125 0.178125 0.0640625 0.1203125
0 0.34453125 0.2984375 0.065625 0.11875
0 0.65546875 0.8171875 0.0609375 0.096875
0 0.659375 0.61640625 0.0625 0.1
0 0.2140625 0.18671875 0.065625 0.121875
0 0.34140625 0.1828125 0.0640625 0.11875
0 0.2859375 0.30390625 0.0625 0.115625
0 0.65859375 0.51484375 0.065625 0.103125
0 0.6046875 0.15859375 0.084375 0.090625
0 0.5984375 0.32109375 0.075 0.071875
0 0.6640625 0.215625 0.053125 0.19375
0 0.65703125 0.39609375 0.0578125 0.14375
0 0.603125 0.23984375 0.084375 0.0875
0 0.4078125 0.18203125 0.0703125 0.128125