0 0.33046875 0.56015625 0.078125 0.1
0 0.22890625 0.2609375 0.090625 0.1109375
0 0.24765625 0.5609375 0.08359375 0.1
0 0.6265625 0.7265625 0.06953125 0.09375
0 0.1375 0.25546875 0.096875 0.1140625
0 0.33359375 0.65703125 0.07890625 0.0984375
0 0.40859375 0.5578125 0.07578125 0.096875
0 0.2421875 0.4609375 0.0875 0.10078125
0 0.340625 0.75546875 0.0796875 0.103125
0 0.31796875 0.36328125 0.0828125 0.1015625
0 0.484375 0.65 0.071875 0.0953125
0 0.2515625 0.6609375 0.08359375 0.1015625
0 0.4015625 0.46015625 0.0765625 0.0984375
0 0.16171875 0.5671875 0.0890625 0.10390625
0 0.3890625 0.26171875 0.0796875 0.10390625
0 0.26953125 0.859375 0.08203125 0.10390625
0 0.609375 0.4609375 0.0671875 0.09296875
0 0.32265625 0.46171875 0.078125 0.09921875
0 0.49296875 0.8296875 0.0734375 0.0953125
0 0.1796875 0.76796875 0.0875 0.10546875
0 0.14609375 0.35546875 0.09453125 0.10859375
0 0.23515625 0.35859375 0.08828125 0.1046875
0 0.3125 0.2671875 0.0828125 0.10625
0 0.60703125 0.27890625 0.06953125 0.1
0 0.69375 0.7234375 0.0640625 0.09296875
0 0.390625 0.36171875 0.07734375 0.103125
0 0.3453125 0.84609375 0.07890625 0.10234375
0 0.25859375 0.75859375 0.08203125 0.1
0 0.16796875 0.66640625 0.090625 0.1046875
0 0.5578125 0.73125 0.06953125 0.09296875
0 0.86796875 0.45234375 0.0578125 0.0859375
0 0.8109375 0.54140625 0.0625 0.08515625
0 0.6203125 0.64140625 0.06953125 0.0921875
0 0.42421875 0.83671875 0.075 0.09921875
0 0.1578125 0.4609375 0.09296875 0.10390625
0 0.55234375 0.646875 0.06953125 0.0953125
0 0.5421875 0.3671875 0.06953125 0.096875
0 0.80546875 0.4546875 0.06328125 0.0890625
0 0.74375 0.45703125 0.0640625 0.0890625
0 0.753125 0.628125 0.06328125 0.08984375
0 0.40625 0.65546875 0.075 0.096875
0 0.61171875 0.55078125 0.06875 0.090625
0 0.46640625 0.3640625 0.07265625 0.1015625
0 0.465625 0.2734375 0.0734375 0.10390625
0 0.471875 0.4609375 0.0703125 0.09609375
0 0.67265625 0.36484375 0.06328125 0.09296875
0 0.478125 0.55703125 0.0703125 0.09609375
0 0.8125 0.625 0.06015625 0.0859375
0 0.684375 0.54609375 0.0671875 0.08984375
0 0.6046875 0.365625 0.06796875 0.0953125
0 0.6859375 0.6296875 0.065625 0.090625
0 0.5421875 0.271875 0.0703125 0.1015625
0 0.6765625 0.459375 0.06484375 0.090625
0 0.76015625 0.71796875 0.06640625 0.090625
0 0.67578125 0.28046875 0.0640625 0.096875
0 0.184375 0.8703125 0.0875 0.10625
0 0.41484375 0.75078125 0.0765625 0.1
0 0.54375 0.55703125 0.071875 0.0921875
0 0.4890625 0.7390625 0.07265625 0.0984375
0 0.54140625 0.46171875 0.06953125 0.09453125
0 0.803125 0.284375 0.0640625 0.090625
0 0.56953125 0.821875 0.08359375 0.10625
0 0.69765625 0.80625 0.06484375 0.08671875
0 0.875 0.61796875 0.0546875 0.0828125
0 0.8703125 0.5359375 0.0578125 0.08515625
0 0.74453125 0.54453125 0.06328125 0.0875
0 0.73359375 0.3671875 0.06484375 0.090625
0 0.74296875 0.28359375 0.06328125 0.0921875
0 0.86171875 0.3640625 0.05703125 0.0875
0 0.8234375 0.703125 0.06171875 0.08984375
0 0.765625 0.80234375 0.06328125 0.08359375
0 0.796875 0.3640625 0.06015625 0.0890625
0 0.86953125 0.28515625 0.05859375 0.08828125
0 0.82734375 0.78984375 0.053125 0.0953125
0 0.87890625 0.78203125 0.05625 0.09140625
0 0.63515625 0.81171875 0.0765625 0.0984375
0 0.875 0.69609375 0.0671875 0.0921875