0 0.58671875 0.46953125 0.0890625 0.09375
0 0.5484375 0.7171875 0.1203125 0.0859375
0 0.58359375 0.38203125 0.0875 0.0953125
0 0.57421875 0.55625 0.115625 0.078125
0 0.5078125 0.44921875 0.078125 0.134375
0 0.86328125 0.58359375 0.1 0.05625
0 0.67578125 0.51796875 0.090625 0.1
0 0.77734375 0.81484375 0.10625 0.075
0 0.3671875 0.6875 0.071875 0.121875
0 0.7625 0.4421875 0.0921875 0.0875
0 0.75703125 0.34765625 0.090625 0.1
0 0.57578125 0.6390625 0.11875 0.08125
0 0.28671875 0.68046875 0.1109375 0.10625
0 0.67421875 0.72578125 0.125 0.08125
0 0.765625 0.53984375 0.0953125 0.103125
0 0.55078125 0.80625 0.121875 0.090625
0 0.42734375 0.3703125 0.084375 0.1015625
0 0.67890625 0.63359375 0.09375 0.109375
0 0.34609375 0.37421875 0.078125 0.10625
0 0.38515625 0.56640625 0.09375 0.1078125
0 0.67109375 0.8078125 0.125 0.0875
0 0.76953125 0.6375 0.0984375 0.09375
0 0.6703125 0.42265625 0.0875 0.096875
0 0.8375 0.24296875 0.096875 0.065625
0 0.8765625 0.76015625 0.10625 0.059375
0 0.265625 0.790625 0.0921875 0.1
0 0.42890625 0.46796875 0.0796875 0.0890625
0 0.42421875 0.1453125 0.065625 0.16875
0 0.778125 0.72734375 0.0953125 0.1
0 0.66640625 0.13046875 0.065625 0.1375
0 0.66640625 0.33515625 0.084375 0.078125
0 0.4484375 0.67421875 0.090625 0.1125
0 0.2765625 0.2703125 0.0796875 0.1375
0 0.3453125 0.47109375 0.0875 0.0890625
0 0.84609375 0.365625 0.0953125 0.0625
0 0.3015625 0.5828125 0.0875 0.096875
0 0.87578125 0.69921875 0.1078125 0.05625
0 0.503125 0.275 0.0796875 0.078125
0 0.43046875 0.27734375 0.0796875 0.0890625
0 0.840625 0.3046875 0.0953125 0.065625
0 0.86171875 0.53359375 0.0984375 0.053125
0 0.6609375 0.25703125 0.0859375 0.0765625
0 0.5796875 0.284375 0.08125 0.0921875
0 0.86796875 0.6453125 0.1046875 0.059375
0 0.34921875 0.2703125 0.0859375 0.096875
0 0.74921875 0.2640625 0.090625 0.084375
0 0.4421875 0.79453125 0.09375 0.11875
0 0.88125 0.81796875 0.103125 0.065625
0 0.859375 0.475 0.1 0.053125
0 0.47109375 0.56953125 0.090625 0.10625
0 0.50234375 0.34765625 0.078125 0.0765625
0 0.853125 0.42578125 0.1 0.053125
0 0.6 0.15078125 0.0625 0.175
0 0.35390625 0.79921875 0.090625 0.090625
0 0.29765625 0.13359375 0.10625 0.1
0 0.36640625 0.14921875 0.04375 0.146875
0 0.4828125 0.146875 0.0609375 0.165625
0 0.7328125 0.14296875 0.0625 0.1546875
0 0.26484375 0.44921875 0.08125 0.146875
0 0.54453125 0.15390625 0.059375 0.171875
0 0.8578125 0.13515625 0.0703125 0.15
0 0.78828125 0.13359375 0.078125 0.140625