0 0.6078125 0.3140625 0.05625 0.0265625
0 0.2109375 0.14453125 0.059375 0.028125
0 0.60859375 0.33671875 0.05625 0.028125
0 0.44296875 0.29296875 0.053125 0.028125
0 0.38515625 0.09453125 0.059375 0.028125
0 0.60859375 0.28671875 0.05625 0.028125
0 0.2109375 0.11640625 0.059375 0.028125
0 0.44375 0.2203125 0.05625 0.025
0 0.3890625 0.23828125 0.0546875 0.028125
0 0.190625 0.60078125 0.271875 0.146875
0 0.21015625 0.09140625 0.0609375 0.028125
0 0.61015625 0.09453125 0.05625 0.028125
0 0.61015625 0.2640625 0.05625 0.025
0 0.159375 0.32890625 0.0484375 0.0265625
0 0.21171875 0.1671875 0.059375 0.0234375
0 0.44453125 0.2421875 0.0546875 0.028125
0 0.6609375 0.3234375 0.053125 0.021875
0 0.328125 0.18984375 0.0578125 0.028125
0 0.66171875 0.28046875 0.053125 0.021875
0 0.44296875 0.26953125 0.05625 0.025
0 0.44375 0.390625 0.0546875 0.028125
0 0.2140625 0.2390625 0.059375 0.025
0 0.66640625 0.11328125 0.05625 0.028125
0 0.27109375 0.1453125 0.0578125 0.028125
0 0.21171875 0.18828125 0.059375 0.0296875
0 0.66328125 0.3671875 0.053125 0.0234375
0 0.159375 0.3515625 0.05 0.028125
0 0.44296875 0.17109375 0.05625 0.0265625
0 0.665625 0.26015625 0.053125 0.0234375
0 0.3890625 0.265625 0.05625 0.028125
0 0.6609375 0.3 0.053125 0.021875
0 0.66171875 0.34296875 0.053125 0.021875
0 0.66875 0.2140625 0.05625 0.0265625
0 0.609375 0.16796875 0.05625 0.028125
0 0.4453125 0.34375 0.0546875 0.025
0 0.61171875 0.23984375 0.05625 0.0265625
0 0.271875 0.16875 0.059375 0.028125
0 0.328125 0.16640625 0.05625 0.0265625
0 0.44296875 0.19453125 0.05625 0.0265625
0 0.609375 0.21640625 0.0578125 0.028125
0 0.55546875 0.2375 0.05625 0.028125
0 0.66484375 0.1421875 0.05625 0.028125
0 0.159375 0.303125 0.05 0.028125
0 0.27265625 0.19296875 0.0578125 0.028125
0 0.38671875 0.2890625 0.05625 0.028125
0 0.665625 0.165625 0.0546875 0.025
0 0.27421875 0.28984375 0.059375 0.028125
0 0.60859375 0.3828125 0.053125 0.0265625
0 0.496875 0.3203125 0.0546875 0.025
0 0.609375 0.36171875 0.0546875 0.025
0 0.496875 0.21953125 0.05625 0.028125
0 0.5546875 0.26484375 0.0546875 0.028125
0 0.33125 0.215625 0.059375 0.025
0 0.159375 0.259375 0.05625 0.025
0 0.44140625 0.0953125 0.05625 0.028125
0 0.26953125 0.11796875 0.05625 0.0265625
0 0.21328125 0.2640625 0.059375 0.025
0 0.384375 0.1453125 0.05625 0.028125
0 0.32734375 0.1421875 0.059375 0.0265625
0 0.609375 0.4109375 0.053125 0.028125
0 0.2734375 0.2203125 0.0578125 0.028125
0 0.55703125 0.121875 0.05625 0.028125
0 0.15703125 0.18671875 0.059375 0.028125
0 0.27265625 0.24296875 0.0578125 0.0265625
0 0.44296875 0.1203125 0.05625 0.028125
0 0.3921875 0.3578125 0.05625 0.028125
0 0.50078125 0.271875 0.053125 0.0265625
0 0.33046875 0.2375 0.0578125 0.028125
0 0.61015625 0.190625 0.0578125 0.025
0 0.49765625 0.24375 0.05625 0.028125
0 0.49609375 0.19375 0.05625 0.025
0 0.496875 0.14921875 0.05625 0.028125
0 0.21328125 0.2859375 0.0578125 0.0265625
0 0.66796875 0.23671875 0.05625 0.021875
0 0.66875 0.08671875 0.05625 0.025
0 0.609375 0.1453125 0.05625 0.025
0 0.3328125 0.2640625 0.059375 0.025
0 0.5546875 0.19609375 0.05625 0.025
0 0.64375 0.5875 0.2109375 0.140625
0 0.27109375 0.3578125 0.0609375 0.028125
0 0.44609375 0.36796875 0.05625 0.025
0 0.55546875 0.21796875 0.05625 0.025
0 0.38984375 0.31484375 0.05625 0.025
0 0.38828125 0.11953125 0.0578125 0.028125
0 0.49609375 0.17265625 0.05625 0.025
0 0.33203125 0.36796875 0.05625 0.0421875
0 0.44296875 0.1484375 0.05625 0.0265625
0 0.3921875 0.33671875 0.05625 0.025
0 0.553125 0.72734375 0.38125 0.146875
0 0.33046875 0.31328125 0.059375 0.025
0 0.5 0.3421875 0.05625 0.025
0 0.32734375 0.11640625 0.059375 0.025
0 0.21328125 0.21640625 0.059375 0.028125
0 0.5 0.29453125 0.053125 0.0265625
0 0.6640625 0.1859375 0.053125 0.028125
0 0.38671875 0.16875 0.0578125 0.028125
0 0.33125 0.334375 0.059375 0.025
0 0.3890625 0.1984375 0.05625 0.028125
0 0.36953125 0.40546875 0.1 0.0296875
0 0.55390625 0.315625 0.05625 0.028125
0 0.61015625 0.11875 0.0578125 0.0265625
0 0.55625 0.096875 0.05625 0.028125
0 0.21484375 0.31171875 0.059375 0.0265625
0 0.553125 0.2875 0.053125 0.0296875
0 0.4984375 0.09609375 0.05625 0.028125
0 0.44453125 0.32109375 0.05625 0.0265625
0 0.1578125 0.21328125 0.0578125 0.0265625
0 0.15859375 0.28046875 0.053125 0.025
0 0.33046875 0.29140625 0.059375 0.028125
0 0.49765625 0.12109375 0.0578125 0.028125
0 0.44375 0.41875 0.053125 0.028125
0 0.27109375 0.33359375 0.0609375 0.028125
0 0.2140625 0.35625 0.059375 0.0265625
0 0.5546875 0.3390625 0.05625 0.028125
0 0.2140625 0.33359375 0.059375 0.028125
0 0.15859375 0.37890625 0.05 0.028125
0 0.27265625 0.26796875 0.059375 0.025
0 0.15859375 0.23359375 0.0578125 0.021875
0 0.215625 0.39453125 0.059375 0.0484375
0 0.55234375 0.14765625 0.0546875 0.028125
0 0.30859375 0.09296875 0.1 0.03125
0 0.3890625 0.21875 0.05625 0.025