0 0.69296875 0.625 0.065625 0.28671875
0 0.5984375 0.94453125 0.26484375 0.0515625
0 0.8390625 0.8171875 0.05078125 0.30234375
0 0.80546875 0.2625 0.05234375 0.259375
0 0.571875 0.98125 0.09453125 0.03671875
0 0.809375 0.81640625 0.05390625 0.29921875
0 0.78046875 0.81484375 0.05859375 0.296875
0 0.74921875 0.8140625 0.0546875 0.29453125
0 0.81953125 0.52421875 0.04765625 0.27734375
0 0.790625 0.5296875 0.0453125 0.275
0 0.76484375 0.528125 0.0390625 0.275
0 0.73828125 0.5296875 0.0390625 0.27734375
0 0.146875 0.2640625 0.184375 0.02734375
0 0.1421875 0.290625 0.1890625 0.0328125
0 0.1421875 0.3140625 0.1875 0.03515625
0 0.1421875 0.34140625 0.1890625 0.03125
0 0.1421875 0.365625 0.18671875 0.03125
0 0.14140625 0.38984375 0.18359375 0.0375
0 0.14140625 0.415625 0.190625 0.03515625
0 0.1375 0.43984375 0.1921875 0.03671875
0 0.1390625 0.46640625 0.19453125 0.03125
0 0.1375 0.49296875 0.19453125 0.0375
0 0.1375 0.51796875 0.2 0.03671875
0 0.13359375 0.54765625 0.20390625 0.0375
0 0.134375 0.57265625 0.21015625 0.04140625
0 0.13515625 0.59921875 0.2078125 0.04140625
0 0.13125 0.62578125 0.2046875 0.04296875
0 0.1296875 0.6546875 0.2078125 0.040625
0 0.13828125 0.67734375 0.20390625 0.04140625
0 0.13671875 0.7046875 0.2046875 0.04453125
0 0.13515625 0.734375 0.2078125 0.04453125
0 0.1359375 0.76015625 0.209375 0.046875
0 0.13828125 0.784375 0.2078125 0.040625
0 0.1359375 0.8140625 0.20703125 0.04921875
0 0.1328125 0.83984375 0.209375 0.04921875
0 0.3265625 0.259375 0.17578125 0.0484375
0 0.32421875 0.28671875 0.17578125 0.04921875
0 0.3265625 0.3109375 0.18046875 0.03515625
0 0.32734375 0.34609375 0.18125 0.046875
0 0.328125 0.3765625 0.18125 0.0390625
0 0.32734375 0.4078125 0.1765625 0.0390625
0 0.3296875 0.43203125 0.1765625 0.04453125
0 0.3296875 0.4609375 0.178125 0.04453125
0 0.32734375 0.484375 0.18125 0.03359375
0 0.3296875 0.52109375 0.184375 0.04453125
0 0.32890625 0.5484375 0.19140625 0.04453125
0 0.33203125 0.57734375 0.18125 0.0375
0 0.33515625 0.6078125 0.19140625 0.040625
0 0.33359375 0.6375 0.18828125 0.040625
0 0.32890625 0.66796875 0.184375 0.04140625
0 0.35234375 0.696875 0.22734375 0.04296875
0 0.35234375 0.725 0.225 0.0375
0 0.353125 0.75234375 0.225 0.0390625
0 0.35078125 0.78359375 0.225 0.0390625
0 0.35 0.8125 0.22734375 0.03359375
0 0.3484375 0.84375 0.2296875 0.04140625
0 0.51171875 0.2359375 0.1890625 0.0546875
0 0.50859375 0.2671875 0.18828125 0.05703125
0 0.61953125 0.2828125 0.03984375 0.26015625
0 0.528125 0.50625 0.20703125 0.05078125
0 0.521875 0.534375 0.20390625 0.0484375
0 0.525 0.628125 0.2046875 0.0453125
0 0.565625 0.6859375 0.20625 0.04140625
0 0.5921875 0.78046875 0.25625 0.04296875
0 0.59296875 0.8109375 0.2640625 0.0390625
0 0.59375 0.8453125 0.2640625 0.0390625
0 0.5953125 0.878125 0.26875 0.040625
0 0.59453125 0.91171875 0.271875 0.04921875
0 0.3484375 0.940625 0.228125 0.05078125
0 0.3484375 0.90625 0.23046875 0.04921875
0 0.51171875 0.29609375 0.19375 0.0609375
0 0.51015625 0.3265625 0.19453125 0.06640625
0 0.5109375 0.3578125 0.19921875 0.0609375
0 0.51484375 0.3875 0.1984375 0.05625
0 0.5125 0.415625 0.1953125 0.05234375
0 0.70234375 0.35390625 0.0453125 0.2578125
0 0.6765625 0.3578125 0.04375 0.26328125
0 0.65078125 0.3609375 0.0421875 0.25625
0 0.77578125 0.2625 0.04765625 0.26171875
0 0.74921875 0.26484375 0.0484375 0.26171875
0 0.721875 0.26875 0.04296875 0.259375
0 0.70859375 0.6234375 0.05546875 0.27578125
0 0.67890625 0.625 0.05 0.2734375