0 0.584375 0.52578125 0.215625 0.1140625
0 0.58359375 0.721875 0.2140625 0.1171875
0 0.5828125 0.63125 0.215625 0.09375
0 0.8203125 0.2953125 0.2375 0.1328125
0 0.58671875 0.32890625 0.21875 0.121875
0 0.3703125 0.72109375 0.2078125 0.1140625
0 0.36640625 0.52578125 0.2140625 0.115625
0 0.1578125 0.83515625 0.2125 0.11875
0 0.36484375 0.63203125 0.215625 0.09375
0 0.37109375 0.83671875 0.20625 0.115625
0 0.78125 0.7234375 0.221875 0.115625
0 0.36640625 0.32734375 0.215625 0.121875
0 0.78828125 0.528125 0.2359375 0.11875
0 0.803125 0.4234375 0.23125 0.121875
0 0.35546875 0.434375 0.225 0.090625
0 0.15078125 0.659375 0.1984375 0.0703125
0 0.79609375 0.634375 0.23125 0.09375
0 0.5890625 0.215625 0.221875 0.13125
0 0.828125 0.1953125 0.2375 0.1
0 0.19765625 0.41640625 0.109375 0.084375
0 0.09140625 0.3734375 0.0921875 0.171875
0 0.09140625 0.54609375 0.0921875 0.165625
0 0.35859375 0.21640625 0.221875 0.125
0 0.77734375 0.840625 0.21875 0.1234375
0 0.57734375 0.43671875 0.2234375 0.0921875
0 0.5703125 0.83359375 0.2171875 0.1171875
0 0.19921875 0.49453125 0.1109375 0.084375
0 0.19765625 0.3328125 0.1125 0.090625
0 0.19375 0.58046875 0.1171875 0.0859375
0 0.1578125 0.7296875 0.209375 0.0921875
0 0.17265625 0.2484375 0.15 0.0859375