0 0.665625 0.60703125 0.071875 0.0765625
0 0.46328125 0.84609375 0.06875 0.078125
0 0.39140625 0.62265625 0.0703125 0.078125
0 0.25 0.47890625 0.071875 0.078125
0 0.26484375 0.21875 0.059375 0.096875
0 0.728125 0.53125 0.0703125 0.075
0 0.7375 0.6796875 0.071875 0.078125
0 0.7375 0.7578125 0.0703125 0.075
0 0.2515625 0.39921875 0.071875 0.078125
0 0.6953125 0.11875 0.053125 0.09375
0 0.4625 0.771875 0.0703125 0.078125
0 0.66796875 0.759375 0.071875 0.0765625
0 0.6484375 0.21796875 0.05625 0.0953125
0 0.38984375 0.39609375 0.071875 0.0765625
0 0.3796875 0.30859375 0.05625 0.090625
0 0.39296875 0.70078125 0.071875 0.078125
0 0.14609375 0.55703125 0.1375 0.0765625
0 0.43359375 0.21953125 0.05625 0.096875
0 0.25234375 0.5546875 0.071875 0.078125
0 0.696875 0.215625 0.0546875 0.09375
0 0.5328125 0.69296875 0.06875 0.075
0 0.19140625 0.86484375 0.0671875 0.0765625
0 0.390625 0.54921875 0.06875 0.078125
0 0.390625 0.47109375 0.071875 0.078125
0 0.66796875 0.68515625 0.0703125 0.078125
0 0.528125 0.46484375 0.06875 0.071875
0 0.6609375 0.53515625 0.071875 0.075
0 0.325 0.3171875 0.059375 0.09375
0 0.646875 0.31015625 0.05625 0.09375
0 0.321875 0.22109375 0.059375 0.096875
0 0.6984375 0.309375 0.0578125 0.090625
0 0.4609375 0.69453125 0.0703125 0.078125
0 0.37578125 0.21953125 0.059375 0.096875
0 0.53046875 0.540625 0.06875 0.075
0 0.7203125 0.3828125 0.06875 0.071875
0 0.253125 0.784375 0.06875 0.0765625
0 0.32265625 0.5515625 0.071875 0.078125
0 0.3203125 0.396875 0.071875 0.0765625
0 0.53671875 0.8421875 0.06875 0.078125
0 0.32265625 0.6234375 0.071875 0.0796875
0 0.39453125 0.775 0.071875 0.078125
0 0.5875 0.3890625 0.065625 0.071875
0 0.459375 0.46640625 0.06875 0.075
0 0.4578125 0.54140625 0.06875 0.0734375
0 0.32265625 0.475 0.0703125 0.0765625
0 0.32421875 0.7046875 0.071875 0.078125
0 0.2515625 0.70625 0.071875 0.078125
0 0.6578125 0.3859375 0.0671875 0.0734375
0 0.325 0.78203125 0.071875 0.0796875
0 0.5890625 0.315625 0.05625 0.09375
0 0.3265625 0.85546875 0.0703125 0.0796875
0 0.24921875 0.628125 0.071875 0.0796875
0 0.67109375 0.83125 0.06875 0.0765625
0 0.4359375 0.31640625 0.05625 0.0921875
0 0.58984375 0.221875 0.05625 0.096875
0 0.5390625 0.91875 0.06875 0.075
0 0.25546875 0.8640625 0.06875 0.0765625
0 0.734375 0.6046875 0.071875 0.075
0 0.528125 0.39296875 0.071875 0.071875
0 0.67109375 0.90546875 0.065625 0.0734375
0 0.3296875 0.93203125 0.071875 0.075
0 0.59375 0.1234375 0.053125 0.096875
0 0.25625 0.93203125 0.06875 0.0765625
0 0.60078125 0.84140625 0.06875 0.078125
0 0.4 0.85546875 0.071875 0.078125
0 0.1953125 0.9328125 0.06875 0.075
0 0.59453125 0.60859375 0.06875 0.0796875
0 0.740625 0.82890625 0.0703125 0.075
0 0.403125 0.9234375 0.0703125 0.078125
0 0.59921875 0.76328125 0.06875 0.078125
0 0.4890625 0.31640625 0.053125 0.090625
0 0.4578125 0.39453125 0.065625 0.071875
0 0.7203125 0.45859375 0.071875 0.071875
0 0.18515625 0.62890625 0.065625 0.078125
0 0.59765625 0.68515625 0.0703125 0.078125
0 0.5328125 0.6109375 0.06875 0.078125
0 0.46796875 0.9203125 0.071875 0.075
0 0.53515625 0.7671875 0.06875 0.078125
0 0.18671875 0.709375 0.0671875 0.0796875
0 0.6578125 0.46015625 0.065625 0.071875
0 0.178125 0.4078125 0.065625 0.078125
0 0.18515625 0.4796875 0.065625 0.078125
0 0.31796875 0.121875 0.05625 0.09375
0 0.540625 0.31796875 0.0546875 0.090625
0 0.12265625 0.8640625 0.06875 0.075
0 0.60390625 0.9109375 0.065625 0.0765625
0 0.590625 0.53828125 0.06875 0.0765625
0 0.45859375 0.61953125 0.06875 0.08125
0 0.12578125 0.9359375 0.071875 0.078125
0 0.43046875 0.12578125 0.05625 0.09375
0 0.1859375 0.709375 0.075 0.08125
0 0.1140625 0.48203125 0.075 0.0765625
0 0.26171875 0.31875 0.059375 0.09375
0 0.10546875 0.23203125 0.0578125 0.096875
0 0.11796875 0.7078125 0.071875 0.0765625
0 0.37734375 0.12265625 0.059375 0.09375
0 0.11328125 0.40390625 0.071875 0.0765625
0 0.10078125 0.134375 0.059375 0.096875
0 0.4828125 0.22421875 0.05625 0.096875
0 0.1546875 0.23046875 0.05625 0.096875
0 0.26484375 0.12421875 0.05625 0.09375
0 0.11796875 0.78671875 0.0703125 0.0765625
0 0.18671875 0.78671875 0.075 0.08125
0 0.540625 0.2203125 0.0546875 0.09375
0 0.5875 0.4625 0.0640625 0.0703125
0 0.79921875 0.59609375 0.059375 0.09375
0 0.11484375 0.63203125 0.071875 0.078125
0 0.53984375 0.12578125 0.053125 0.096875
0 0.209375 0.128125 0.05625 0.096875
0 0.48125 0.12734375 0.05625 0.096875
0 0.1046875 0.3234375 0.0578125 0.09375
0 0.64609375 0.12109375 0.0546875 0.09375
0 0.740625 0.90234375 0.071875 0.06875
0 0.1609375 0.3203125 0.065625 0.09375
0 0.784375 0.4140625 0.05625 0.0921875
0 0.209375 0.2265625 0.05625 0.0984375
0 0.76171875 0.315625 0.06875 0.078125
0 0.803125 0.69296875 0.059375 0.09375
0 0.153125 0.134375 0.05625 0.096875
0 0.790625 0.50859375 0.059375 0.0875
0 0.21484375 0.3203125 0.059375 0.096875
0 0.8 0.78671875 0.0578125 0.0921875
0 0.76171875 0.23671875 0.06875 0.0734375
0 0.75703125 0.14765625 0.059375 0.1
0 0.8046875 0.88515625 0.0625 0.090625