0 0.1515625 0.5796875 0.190625 0.05625
0 0.665625 0.5796875 0.103125 0.096875
0 0.5390625 0.265625 0.2 0.06875
0 0.1359375 0.46015625 0.2 0.0609375
0 0.6984375 0.2453125 0.128125 0.1203125
0 0.14765625 0.5234375 0.1984375 0.0609375
0 0.3390625 0.74765625 0.1765625 0.0515625
0 0.1625 0.75234375 0.1875 0.0546875
0 0.5203125 0.690625 0.1765625 0.05625
0 0.53125 0.3984375 0.190625 0.0625
0 0.54140625 0.1953125 0.209375 0.06875
0 0.3375 0.4609375 0.1953125 0.059375
0 0.1546875 0.640625 0.1859375 0.059375
0 0.15859375 0.69296875 0.1875 0.0546875
0 0.33203125 0.18359375 0.209375 0.071875
0 0.33359375 0.33359375 0.2015625 0.065625
0 0.67734375 0.47421875 0.109375 0.1
0 0.65625 0.6828125 0.103125 0.09375
0 0.334375 0.2609375 0.203125 0.06875
0 0.33828125 0.3921875 0.1984375 0.0625
0 0.5296875 0.4625 0.1828125 0.059375
0 0.33671875 0.68984375 0.18125 0.053125
0 0.16484375 0.80390625 0.184375 0.0546875
0 0.53515625 0.33828125 0.19375 0.0640625
0 0.1359375 0.396875 0.209375 0.065625
0 0.68046875 0.36484375 0.1171875 0.1078125
0 0.521875 0.5796875 0.178125 0.0546875
0 0.340625 0.52421875 0.190625 0.059375
0 0.51875 0.74921875 0.175 0.053125
0 0.11796875 0.25546875 0.221875 0.06875
0 0.34296875 0.79921875 0.175 0.0546875
0 0.12421875 0.32890625 0.2109375 0.0671875
0 0.1171875 0.1765625 0.2171875 0.075
0 0.52578125 0.525 0.18125 0.05625
0 0.51796875 0.7984375 0.1734375 0.053125
0 0.5171875 0.63984375 0.18125 0.0578125
0 0.3421875 0.5796875 0.1875 0.05
0 0.33828125 0.6390625 0.184375 0.05625
0 0.6546875 0.77734375 0.1046875 0.090625