0 0.3390625 0.47578125 0.0375 0.153125
0 0.33671875 0.628125 0.0421875 0.14375
0 0.45 0.33671875 0.040625 0.146875
0 0.3390625 0.328125 0.040625 0.15625
0 0.3734375 0.62734375 0.0421875 0.140625
0 0.4796875 0.62265625 0.040625 0.140625
0 0.37578125 0.475 0.040625 0.1515625
0 0.44921875 0.48046875 0.040625 0.146875
0 0.4453125 0.62265625 0.040625 0.1390625
0 0.34140625 0.1734375 0.04375 0.1640625
0 0.51875 0.484375 0.040625 0.14375
0 0.553125 0.4859375 0.0421875 0.14375
0 0.53125 0.890625 0.1 0.046875
0 0.41484375 0.48046875 0.0421875 0.14375
0 0.48828125 0.184375 0.046875 0.1578125
0 0.41875 0.184375 0.040625 0.159375
0 0.41328125 0.33515625 0.0421875 0.15
0 0.434375 0.8890625 0.1015625 0.05
0 0.48359375 0.33984375 0.04375 0.14375
0 0.4546875 0.1828125 0.040625 0.1640625
0 0.4109375 0.6265625 0.040625 0.140625
0 0.33359375 0.88984375 0.1078125 0.05
0 0.33203125 0.84765625 0.1125 0.05
0 0.340625 0.75859375 0.040625 0.134375
0 0.3765625 0.3296875 0.040625 0.1546875
0 0.38046875 0.1796875 0.04375 0.1625
0 0.484375 0.48359375 0.0421875 0.14375
0 0.52109375 0.34296875 0.0375 0.1484375
0 0.52890625 0.19609375 0.0390625 0.159375
0 0.43515625 0.84453125 0.103125 0.05
0 0.53203125 0.85078125 0.0984375 0.0453125
0 0.50859375 0.765625 0.0390625 0.1296875
0 0.3765625 0.759375 0.0390625 0.13125
0 0.409375 0.7578125 0.0375 0.13125
0 0.44453125 0.75546875 0.040625 0.1328125
0 0.4765625 0.753125 0.0375 0.13125
0 0.51328125 0.625 0.0375 0.1375
0 0.5453125 0.6265625 0.0375 0.134375
0 0.540625 0.76484375 0.0390625 0.128125
0 0.571875 0.75234375 0.0390625 0.1265625
0 0.57734375 0.62109375 0.0375 0.134375
0 0.55390625 0.34765625 0.0359375 0.146875
0 0.5625 0.19921875 0.040625 0.15625
0 0.58828125 0.34921875 0.0375 0.1453125
0 0.58359375 0.4890625 0.040625 0.1375
0 0.62265625 0.890625 0.0921875 0.05
0 0.62421875 0.84375 0.090625 0.0546875
0 0.71015625 0.87890625 0.0875 0.0515625
0 0.7109375 0.8375 0.0875 0.0515625
0 0.6015625 0.753125 0.0375 0.128125
0 0.63203125 0.75234375 0.0375 0.125
0 0.659375 0.74609375 0.0375 0.121875
0 0.6890625 0.74453125 0.0359375 0.121875
0 0.71796875 0.74375 0.0359375 0.1203125
0 0.74140625 0.7453125 0.0390625 0.121875
0 0.61015625 0.62109375 0.0375 0.13125
0 0.640625 0.62265625 0.040625 0.134375
0 0.6703125 0.62265625 0.0390625 0.1265625
0 0.69765625 0.6234375 0.040625 0.1265625
0 0.7265625 0.62734375 0.040625 0.125
0 0.7546875 0.62890625 0.0390625 0.125
0 0.61640625 0.4890625 0.040625 0.134375
0 0.64765625 0.4921875 0.0375 0.134375
0 0.67890625 0.49609375 0.0375 0.134375
0 0.70703125 0.49609375 0.0390625 0.134375
0 0.73671875 0.50078125 0.0375 0.134375
0 0.76640625 0.50546875 0.040625 0.13125
0 0.62265625 0.35234375 0.0375 0.14375
0 0.653125 0.3578125 0.0375 0.140625
0 0.68515625 0.3609375 0.0375 0.140625
0 0.715625 0.3640625 0.0375 0.1375
0 0.746875 0.36640625 0.0421875 0.1359375
0 0.77578125 0.37265625 0.04375 0.134375
0 0.59609375 0.20625 0.040625 0.153125
0 0.6296875 0.21015625 0.0375 0.15
0 0.66015625 0.21640625 0.0390625 0.1484375
0 0.6921875 0.22109375 0.0421875 0.1484375
0 0.72421875 0.22578125 0.04375 0.146875
0 0.7546875 0.2296875 0.040625 0.146875
0 0.78828125 0.23359375 0.0453125 0.146875