0 0.62734375 0.77890625 0.090625 0.14375
0 0.81484375 0.63203125 0.0921875 0.146875
0 0.81953125 0.78125 0.1 0.1546875
0 0.4640625 0.6390625 0.0796875 0.13125
0 0.6234375 0.63515625 0.0875 0.140625
0 0.39140625 0.64296875 0.071875 0.128125
0 0.39296875 0.771875 0.0703125 0.1328125
0 0.7203125 0.6359375 0.09375 0.14375
0 0.73046875 0.78046875 0.08125 0.1453125
0 0.54140625 0.77734375 0.084375 0.140625
0 0.8125 0.92734375 0.115625 0.115625
0 0.46328125 0.77109375 0.078125 0.1359375
0 0.6984375 0.9171875 0.109375 0.1171875
0 0.54453125 0.63828125 0.075 0.1359375
0 0.409375 0.9015625 0.0921875 0.1125
0 0.71015625 0.52578125 0.090625 0.08125
0 0.5015625 0.90078125 0.0984375 0.115625
0 0.384375 0.54453125 0.0640625 0.071875
0 0.54296875 0.53515625 0.071875 0.0765625
0 0.59609375 0.91328125 0.1015625 0.115625
0 0.80625 0.51875 0.09375 0.084375
0 0.62578125 0.5296875 0.078125 0.078125
0 0.45859375 0.53828125 0.078125 0.075
0 0.3125 0.8921875 0.090625 0.125