0 0.23125 0.871875 0.24375 0.11875
0 0.24453125 0.75859375 0.234375 0.1109375
0 0.4734375 0.7609375 0.234375 0.1125
0 0.27265625 0.5578125 0.2125 0.096875
0 0.3140625 0.1515625 0.19375 0.075
0 0.503125 0.14921875 0.190625 0.078125
0 0.48828125 0.30390625 0.196875 0.084375
0 0.4890625 0.3796875 0.196875 0.08125
0 0.28828125 0.30703125 0.1953125 0.08125
0 0.29375 0.22578125 0.190625 0.08125
0 0.4796875 0.5546875 0.215625 0.096875
0 0.25625 0.65234375 0.228125 0.103125
0 0.48984375 0.22265625 0.1984375 0.0859375
0 0.27421875 0.46640625 0.2046875 0.090625
0 0.490625 0.46796875 0.2015625 0.0875
0 0.47890625 0.65234375 0.225 0.103125
0 0.46796875 0.8734375 0.253125 0.1234375
0 0.28671875 0.38203125 0.19375 0.0796875