0 0.375 0.328125 0.09375 0.0796875
0 0.3765625 0.40546875 0.0921875 0.075
0 0.38203125 0.5546875 0.0875 0.0703125
0 0.45703125 0.14609375 0.096875 0.084375
0 0.65078125 0.14375 0.0984375 0.0875
0 0.55390625 0.14609375 0.096875 0.0875
0 0.64921875 0.2296875 0.096875 0.08125
0 0.646875 0.31328125 0.0953125 0.0828125
0 0.4625 0.23203125 0.096875 0.08125
0 0.29765625 0.625 0.0875 0.06875
0 0.2796875 0.234375 0.09375 0.084375
0 0.28359375 0.4078125 0.0921875 0.078125
0 0.6359375 0.81640625 0.08125 0.0609375
0 0.21640625 0.634375 0.0875 0.06875
0 0.365625 0.23359375 0.09375 0.0859375
0 0.634375 0.88203125 0.0796875 0.0625
0 0.46328125 0.31640625 0.0921875 0.08125
0 0.36484375 0.1453125 0.096875 0.084375
0 0.38125 0.62890625 0.0859375 0.06875
0 0.553125 0.69140625 0.08125 0.0625
0 0.29375 0.55390625 0.0875 0.071875
0 0.4625 0.47265625 0.0890625 0.075
0 0.2203125 0.70078125 0.084375 0.065625
0 0.29296875 0.478125 0.090625 0.071875
0 0.3765625 0.48203125 0.0890625 0.0734375
0 0.47421875 0.8859375 0.084375 0.059375
0 0.553125 0.5546875 0.0859375 0.071875
0 0.55390625 0.23203125 0.09375 0.08125
0 0.46953125 0.82421875 0.08125 0.0625
0 0.28125 0.32421875 0.090625 0.08125
0 0.30625 0.69453125 0.084375 0.065625
0 0.46875 0.7640625 0.084375 0.065625
0 0.553125 0.3171875 0.090625 0.08125
0 0.553125 0.48203125 0.0859375 0.071875
0 0.2046875 0.4921875 0.09375 0.075
0 0.309375 0.765625 0.08125 0.065625
0 0.2109375 0.56171875 0.090625 0.0703125
0 0.55234375 0.3890625 0.090625 0.075
0 0.38359375 0.69453125 0.084375 0.065625
0 0.55234375 0.62265625 0.084375 0.06875
0 0.63828125 0.68515625 0.084375 0.065625
0 0.4609375 0.39140625 0.090625 0.0734375
0 0.465625 0.6921875 0.084375 0.065625
0 0.64375 0.40234375 0.0921875 0.0765625
0 0.4640625 0.55703125 0.0859375 0.0703125
0 0.46484375 0.62109375 0.0859375 0.06875
0 0.55234375 0.88671875 0.078125 0.059375
0 0.18671875 0.2375 0.096875 0.08125
0 0.55234375 0.8203125 0.08125 0.0609375
0 0.17265625 0.146875 0.1 0.0875
0 0.396875 0.890625 0.0828125 0.059375
0 0.19921875 0.41171875 0.09375 0.078125
0 0.190625 0.3234375 0.0953125 0.084375
0 0.63984375 0.61640625 0.0875 0.065625
0 0.2234375 0.76640625 0.0828125 0.0625
0 0.27421875 0.146875 0.09375 0.084375
0 0.55234375 0.76171875 0.08125 0.065625
0 0.3921875 0.76484375 0.084375 0.065625
0 0.6359375 0.7546875 0.0828125 0.0625
0 0.39140625 0.82734375 0.0828125 0.065625
0 0.23359375 0.8890625 0.0859375 0.0578125
0 0.2296875 0.82734375 0.084375 0.0640625
0 0.31171875 0.8265625 0.0828125 0.0640625
0 0.6359375 0.54921875 0.0890625 0.071875
0 0.64140625 0.47421875 0.090625 0.0703125
0 0.31328125 0.8890625 0.08125 0.059375