0 0.63671875 0.5609375 0.08125 0.0703125
0 0.72109375 0.6296875 0.0875 0.071875
0 0.4109375 0.41484375 0.053125 0.071875
0 0.7171875 0.6984375 0.0875 0.0703125
0 0.63125 0.6265625 0.084375 0.06875
0 0.3578125 0.41640625 0.053125 0.071875
0 0.36015625 0.48359375 0.053125 0.06875
0 0.4125 0.484375 0.053125 0.06875
0 0.47734375 0.55546875 0.078125 0.06875
0 0.628125 0.4921875 0.059375 0.071875
0 0.57265625 0.49140625 0.053125 0.0703125
0 0.55859375 0.55859375 0.08125 0.071875
0 0.7234375 0.5609375 0.0875 0.071875
0 0.45 0.34453125 0.05625 0.0734375
0 0.63046875 0.69375 0.0828125 0.0671875
0 0.571875 0.42109375 0.0546875 0.075
0 0.303125 0.4140625 0.05625 0.075
0 0.6296875 0.4203125 0.0609375 0.0734375
0 0.28515625 0.34296875 0.053125 0.071875
0 0.6859375 0.49296875 0.05625 0.0734375
0 0.21953125 0.5734375 0.0859375 0.0578125
0 0.23125 0.34375 0.05 0.071875
0 0.5515625 0.62265625 0.08125 0.06875
0 0.6765625 0.34375 0.0625 0.0765625
0 0.30625 0.4828125 0.0546875 0.06875
0 0.22578125 0.67578125 0.0828125 0.0546875
0 0.39453125 0.68203125 0.0921875 0.0578125
0 0.521875 0.4875 0.053125 0.0703125
0 0.309375 0.62890625 0.0859375 0.053125
0 0.74609375 0.48984375 0.059375 0.075
0 0.3375 0.34296875 0.053125 0.0703125
0 0.39375 0.63125 0.0875 0.05625
0 0.30625 0.67890625 0.084375 0.05625
0 0.303125 0.5765625 0.0875 0.053125
0 0.39296875 0.34375 0.05625 0.0734375
0 0.68828125 0.4203125 0.0578125 0.075
0 0.30234375 0.53203125 0.090625 0.040625
0 0.221875 0.62421875 0.0875 0.053125
0 0.46484375 0.41640625 0.0625 0.075
0 0.47890625 0.6828125 0.084375 0.06875
0 0.23515625 0.41171875 0.053125 0.06875
0 0.2140625 0.5296875 0.0875 0.040625
0 0.38984375 0.53515625 0.0875 0.04375
0 0.1875 0.41171875 0.053125 0.0703125
0 0.5046875 0.34609375 0.05625 0.075
0 0.46796875 0.48671875 0.05625 0.071875
0 0.75078125 0.41953125 0.059375 0.078125
0 0.18359375 0.34375 0.053125 0.071875
0 0.20625 0.47734375 0.05625 0.0703125
0 0.5171875 0.41875 0.0625 0.0765625
0 0.390625 0.578125 0.0921875 0.059375
0 0.5609375 0.34375 0.06875 0.0765625
0 0.61953125 0.34453125 0.071875 0.08125
0 0.7515625 0.33984375 0.0671875 0.084375
0 0.2546875 0.47890625 0.0578125 0.071875
0 0.55546875 0.6875 0.0859375 0.06875
0 0.475 0.61953125 0.084375 0.06875