0 0.8109375 0.23359375 0.184375 0.1578125
0 0.4796875 0.41015625 0.1125 0.1
0 0.46171875 0.8046875 0.10625 0.115625
0 0.7484375 0.871875 0.178125 0.1203125
0 0.48046875 0.31171875 0.1453125 0.0984375
0 0.37265625 0.40859375 0.103125 0.096875
0 0.478125 0.5109375 0.1171875 0.103125
0 0.4640625 0.709375 0.10625 0.1171875
0 0.36796875 0.59765625 0.1 0.109375
0 0.2734375 0.5859375 0.09375 0.1
0 0.609375 0.49609375 0.146875 0.09375
0 0.6203125 0.3953125 0.171875 0.103125
0 0.80703125 0.384375 0.1625 0.140625
0 0.46796875 0.6046875 0.109375 0.1125
0 0.4734375 0.2171875 0.1125 0.1046875
0 0.365625 0.22109375 0.1 0.1078125
0 0.10859375 0.4953125 0.075 0.090625
0 0.78046875 0.5 0.1734375 0.1078125
0 0.3671875 0.6953125 0.096875 0.109375
0 0.1875 0.4078125 0.0890625 0.0875
0 0.18203125 0.49609375 0.084375 0.09375
0 0.80859375 0.09765625 0.184375 0.159375
0 0.26796875 0.315625 0.0984375 0.096875
0 0.60078125 0.671875 0.1578125 0.1046875
0 0.28125 0.67890625 0.0875 0.1
0 0.36640625 0.5015625 0.103125 0.096875
0 0.634375 0.303125 0.171875 0.103125
0 0.7703125 0.5953125 0.171875 0.109375
0 0.178125 0.31875 0.0859375 0.090625
0 0.26953125 0.49296875 0.0921875 0.1
0 0.26796875 0.22109375 0.09375 0.103125
0 0.36484375 0.78984375 0.096875 0.109375
0 0.27421875 0.4 0.0953125 0.090625
0 0.59453125 0.76015625 0.153125 0.1046875
0 0.60234375 0.584375 0.146875 0.1
0 0.10703125 0.40390625 0.075 0.084375
0 0.10390625 0.3265625 0.071875 0.0875
0 0.1859375 0.5828125 0.0875 0.09375
0 0.17578125 0.23125 0.0875 0.096875
0 0.3609375 0.31875 0.0953125 0.1
0 0.76640625 0.690625 0.1828125 0.1125
0 0.76640625 0.78515625 0.184375 0.1125
0 0.5875 0.84375 0.146875 0.1125
0 0.28046875 0.77265625 0.084375 0.1046875
0 0.11328125 0.578125 0.06875 0.0890625
0 0.10078125 0.2375 0.0703125 0.090625
0 0.19453125 0.6734375 0.0875 0.090625
0 0.62578125 0.175 0.203125 0.171875
0 0.121875 0.659375 0.08125 0.0953125
0 0.1265625 0.7390625 0.0765625 0.09375
0 0.20078125 0.7546875 0.084375 0.1