0 0.60703125 0.334375 0.0765625 0.071875
0 0.84609375 0.53671875 0.078125 0.06875
0 0.62265625 0.60859375 0.07890625 0.0703125
0 0.47890625 0.75 0.07734375 0.07265625
0 0.21875 0.73515625 0.09765625 0.05859375
0 0.53125 0.271875 0.07421875 0.0703125
0 0.6796875 0.2625 0.07734375 0.07265625
0 0.7578125 0.2625 0.075 0.0703125
0 0.39921875 0.7484375 0.07890625 0.071875
0 0.11875 0.3046875 0.09296875 0.05390625
0 0.771875 0.5375 0.07734375 0.0703125
0 0.759375 0.33203125 0.0765625 0.07109375
0 0.21796875 0.3515625 0.0953125 0.05703125
0 0.39609375 0.61015625 0.0765625 0.07109375
0 0.30859375 0.6203125 0.09140625 0.05625
0 0.70078125 0.60703125 0.07890625 0.07109375
0 0.55703125 0.85390625 0.0765625 0.1375
0 0.21953125 0.56640625 0.09609375 0.05546875
0 0.5546875 0.74765625 0.078125 0.07265625
0 0.215625 0.303125 0.09375 0.0546875
0 0.69296875 0.4671875 0.07578125 0.06953125
0 0.86484375 0.80859375 0.0765625 0.0671875
0 0.54921875 0.609375 0.07734375 0.06953125
0 0.47109375 0.609375 0.078125 0.07109375
0 0.68515625 0.33203125 0.07890625 0.0703125
0 0.46484375 0.471875 0.07265625 0.06875
0 0.53515625 0.3390625 0.075 0.071875
0 0.3171875 0.675 0.09453125 0.06015625
0 0.31015625 0.353125 0.09375 0.05546875
0 0.22109375 0.678125 0.096875 0.059375
0 0.309375 0.3015625 0.08984375 0.0578125
0 0.69453125 0.5390625 0.07734375 0.0703125
0 0.21953125 0.62421875 0.09609375 0.05859375
0 0.540625 0.46953125 0.07578125 0.06796875
0 0.3828125 0.2796875 0.07265625 0.06953125
0 0.784375 0.746875 0.07734375 0.06953125
0 0.5515625 0.67734375 0.078125 0.07109375
0 0.396875 0.6796875 0.0765625 0.07109375
0 0.8421875 0.46328125 0.07734375 0.06875
0 0.6234375 0.67734375 0.0796875 0.07265625
0 0.775 0.60546875 0.078125 0.07109375
0 0.3890625 0.4125 0.071875 0.065625
0 0.46640625 0.540625 0.07578125 0.06875
0 0.54140625 0.5421875 0.0734375 0.06875
0 0.475 0.67734375 0.0765625 0.0703125
0 0.7046875 0.67578125 0.07734375 0.07265625
0 0.70625 0.7484375 0.07890625 0.07109375
0 0.3859375 0.3421875 0.0734375 0.0671875
0 0.78203125 0.675 0.0796875 0.071875
0 0.315625 0.4109375 0.09296875 0.05546875
0 0.85546875 0.6734375 0.07890625 0.0703125
0 0.628125 0.75078125 0.0796875 0.071875
0 0.83125 0.32890625 0.0765625 0.06953125
0 0.31640625 0.5640625 0.0921875 0.05625
0 0.221875 0.41015625 0.09609375 0.05625
0 0.91875 0.4609375 0.075 0.06796875
0 0.8640625 0.74453125 0.07578125 0.06953125
0 0.6046875 0.265625 0.07578125 0.071875
0 0.39296875 0.471875 0.07109375 0.071875
0 0.90546875 0.32890625 0.0734375 0.06484375
0 0.93203125 0.6703125 0.075 0.071875
0 0.1234375 0.40625 0.09609375 0.05390625
0 0.93203125 0.74375 0.07578125 0.06875
0 0.84140625 0.39921875 0.07734375 0.06875
0 0.85546875 0.6 0.078125 0.07109375
0 0.9328125 0.8046875 0.07578125 0.06796875
0 0.60859375 0.40546875 0.0796875 0.06796875
0 0.82890625 0.259375 0.075 0.0703125
0 0.9234375 0.596875 0.07734375 0.0703125
0 0.76328125 0.40078125 0.078125 0.06875
0 0.31640625 0.5109375 0.09140625 0.05234375
0 0.39453125 0.5421875 0.07265625 0.065625
0 0.45859375 0.2796875 0.07265625 0.071875
0 0.62890625 0.81484375 0.078125 0.06640625
0 0.68515625 0.40234375 0.078125 0.0703125
0 0.6109375 0.4671875 0.07890625 0.06796875
0 0.9203125 0.53203125 0.075 0.07109375
0 0.7671875 0.46484375 0.07734375 0.06953125
0 0.709375 0.81328125 0.0796875 0.0671875
0 0.46015625 0.3421875 0.071875 0.06640625
0 0.4078125 0.821875 0.07734375 0.06484375
0 0.4796875 0.81484375 0.07734375 0.06640625
0 0.121875 0.68203125 0.09296875 0.05703125
0 0.31796875 0.459375 0.09140625 0.0546875
0 0.8640625 0.87734375 0.07421875 0.06953125
0 0.9109375 0.39609375 0.0765625 0.065625
0 0.53828125 0.409375 0.0765625 0.06953125
0 0.61953125 0.54140625 0.08125 0.06875
0 0.9359375 0.87421875 0.07734375 0.07109375
0 0.12578125 0.56953125 0.09375 0.05625
0 0.709375 0.8140625 0.08125 0.07421875
0 0.48203125 0.8859375 0.0765625 0.075
0 0.31875 0.73828125 0.09375 0.059375
0 0.23203125 0.89453125 0.096875 0.0578125
0 0.7078125 0.88203125 0.0765625 0.07265625
0 0.12265625 0.62265625 0.09296875 0.05859375
0 0.40390625 0.88671875 0.0765625 0.071875
0 0.134375 0.89921875 0.09765625 0.059375
0 0.22421875 0.5171875 0.096875 0.05703125
0 0.23046875 0.8453125 0.096875 0.05625
0 0.12421875 0.73515625 0.09296875 0.05625
0 0.78671875 0.88203125 0.0765625 0.0703125
0 0.78671875 0.81328125 0.08125 0.075
0 0.2203125 0.459375 0.09375 0.0546875
0 0.4625 0.4125 0.0703125 0.0640625
0 0.59609375 0.20078125 0.09453125 0.06015625
0 0.63203125 0.88515625 0.07734375 0.071875
0 0.12578125 0.46015625 0.09609375 0.05390625
0 0.128125 0.790625 0.096875 0.05625
0 0.12734375 0.51875 0.09609375 0.05703125
0 0.3234375 0.8953125 0.09296875 0.0578125
0 0.12109375 0.35390625 0.09375 0.0546875
0 0.90234375 0.259375 0.06875 0.07109375
0 0.3203125 0.8390625 0.09296875 0.06640625
0 0.4140625 0.215625 0.0921875 0.05546875
0 0.2265625 0.790625 0.0984375 0.05703125
0 0.315625 0.23828125 0.07734375 0.06953125
0 0.69296875 0.196875 0.09453125 0.059375
0 0.134375 0.846875 0.09765625 0.05546875
0 0.50859375 0.209375 0.0875 0.05859375
0 0.3203125 0.78515625 0.096875 0.059375
0 0.78671875 0.2 0.09140625 0.0578125
0 0.23671875 0.23828125 0.0734375 0.06796875
0 0.14765625 0.24296875 0.1 0.06015625
0 0.88515625 0.1953125 0.09140625 0.06171875