0 0.6109375 0.35234375 0.221875 0.15625
0 0.85390625 0.33984375 0.2796875 0.1765625
0 0.86484375 0.5125 0.265625 0.1578125
0 0.86640625 0.659375 0.265625 0.1515625
0 0.89140625 0.790625 0.190625 0.10625
0 0.63203125 0.64921875 0.203125 0.1390625
0 0.62578125 0.509375 0.2296875 0.140625
0 0.8890625 0.91171875 0.1890625 0.15
0 0.84921875 0.153125 0.2890625 0.203125
0 0.7546875 0.82578125 0.090625 0.084375
0 0.75390625 0.75546875 0.096875 0.0640625
0 0.6296875 0.778125 0.1640625 0.14375
0 0.609375 0.20234375 0.21875 0.178125
0 0.6671875 0.878125 0.084375 0.0703125
0 0.753125 0.89453125 0.096875 0.078125