0 0.7984375 0.71484375 0.03203125 0.26015625
0 0.64296875 0.71640625 0.03046875 0.26953125
0 0.3640625 0.7171875 0.03671875 0.26796875
0 0.503125 0.7140625 0.02890625 0.26328125
0 0.46171875 0.7171875 0.02734375 0.2671875
0 0.65390625 0.71171875 0.0328125 0.2625
0 0.87890625 0.71015625 0.03984375 0.265625
0 0.6046875 0.71015625 0.03515625 0.26015625
0 0.1125 0.4453125 0.046875 0.29609375
0 0.4203125 0.71640625 0.02421875 0.26953125
0 0.32734375 0.7171875 0.046875 0.26640625
0 0.26484375 0.44765625 0.0328125 0.29921875
0 0.575 0.44296875 0.025 0.29140625
0 0.13125 0.721875 0.04296875 0.27109375
0 0.57265625 0.44375 0.0234375 0.28359375
0 0.23359375 0.721875 0.0390625 0.26640625
0 0.42265625 0.4484375 0.03125 0.2953125
0 0.47890625 0.44609375 0.03515625 0.29453125
0 0.51875 0.446875 0.0390625 0.29140625
0 0.43828125 0.446875 0.03125 0.29375
0 0.7375 0.71484375 0.03359375 0.26484375
0 0.17578125 0.45 0.0390625 0.296875
0 0.37109375 0.44609375 0.02890625 0.296875
0 0.859375 0.71171875 0.03359375 0.2625
0 0.596875 0.43984375 0.03359375 0.28984375
0 0.190625 0.721875 0.04140625 0.26328125
0 0.21796875 0.44453125 0.04453125 0.28828125
0 0.15 0.725 0.04296875 0.26484375
0 0.5671875 0.71171875 0.028125 0.2625
0 0.63828125 0.4390625 0.0359375 0.2875
0 0.13359375 0.4484375 0.04453125 0.29453125
0 0.4671875 0.446875 0.03203125 0.2921875
0 0.68359375 0.4421875 0.0359375 0.28359375