0 0.77734375 0.36640625 0.1125 0.078125
0 0.69921875 0.53203125 0.1 0.0875
0 0.2203125 0.35546875 0.09375 0.0734375
0 0.80078125 0.53203125 0.1046875 0.090625
0 0.78125 0.29296875 0.1125 0.0828125
0 0.596875 0.61015625 0.0953125 0.0875
0 0.59921875 0.784375 0.096875 0.0921875
0 0.90234375 0.5328125 0.109375 0.090625
0 0.5984375 0.53203125 0.0953125 0.0875
0 0.2484375 0.484375 0.1359375 0.0515625
0 0.8015625 0.61328125 0.10625 0.090625
0 0.903125 0.6171875 0.10625 0.096875
0 0.90703125 0.7140625 0.10625 0.0921875
0 0.50234375 0.5296875 0.0921875 0.084375
0 0.89296875 0.44609375 0.115625 0.078125
0 0.7796875 0.446875 0.1125 0.075
0 0.3125 0.42578125 0.09375 0.071875
0 0.221875 0.4296875 0.090625 0.071875
0 0.6984375 0.7890625 0.0984375 0.09375
0 0.40078125 0.35078125 0.096875 0.075
0 0.25078125 0.584375 0.1359375 0.05
0 0.69609375 0.61796875 0.1 0.090625
0 0.24609375 0.63359375 0.146875 0.05625
0 0.1109375 0.553125 0.13125 0.075
0 0.31484375 0.35078125 0.0921875 0.075
0 0.80234375 0.703125 0.1046875 0.0921875
0 0.51015625 0.78046875 0.09375 0.09375
0 0.11484375 0.34140625 0.115625 0.05625
0 0.51640625 0.2890625 0.128125 0.0640625
0 0.5109375 0.69453125 0.09375 0.090625
0 0.38359375 0.5359375 0.1453125 0.05625
0 0.7 0.7015625 0.0984375 0.0921875
0 0.6015625 0.6984375 0.096875 0.09375
0 0.8921875 0.2890625 0.1125 0.084375
0 0.5015625 0.6078125 0.09375 0.0875
0 0.8953125 0.36484375 0.115625 0.0796875
0 0.11171875 0.446875 0.1296875 0.053125
0 0.3828125 0.48359375 0.14375 0.053125
0 0.38984375 0.284375 0.125 0.065625
0 0.40390625 0.4265625 0.096875 0.071875
0 0.65078125 0.28828125 0.1375 0.0625
0 0.38359375 0.584375 0.14375 0.053125
0 0.9078125 0.80078125 0.1046875 0.0984375
0 0.80234375 0.7953125 0.1 0.096875
0 0.259375 0.28828125 0.121875 0.0609375
0 0.11484375 0.39140625 0.11875 0.05625
0 0.1109375 0.69453125 0.13125 0.075
0 0.52265625 0.34375 0.1296875 0.059375
0 0.38828125 0.63671875 0.1421875 0.059375
0 0.521875 0.4578125 0.128125 0.0578125
0 0.10859375 0.625 0.1375 0.08125
0 0.653125 0.45625 0.134375 0.059375
0 0.2453125 0.7875 0.14375 0.05625
0 0.38671875 0.7671875 0.1453125 0.1125
0 0.24453125 0.53515625 0.140625 0.053125
0 0.1390625 0.28671875 0.128125 0.059375
0 0.11171875 0.7703125 0.128125 0.08125
0 0.246875 0.73828125 0.1375 0.159375
0 0.38984375 0.68671875 0.14375 0.053125
0 0.24609375 0.73671875 0.140625 0.075
0 0.52265625 0.4046875 0.128125 0.05625
0 0.2453125 0.68515625 0.1390625 0.05625
0 0.11015625 0.49140625 0.13125 0.053125
0 0.65546875 0.34140625 0.146875 0.065625
0 0.65390625 0.4 0.1390625 0.059375