0 0.834375 0.16328125 0.25 0.128125
0 0.79296875 0.39765625 0.2421875 0.1078125
0 0.10390625 0.6265625 0.20625 0.0671875
0 0.0890625 0.32578125 0.178125 0.0796875
0 0.55703125 0.4 0.240625 0.1078125
0 0.0953125 0.4796875 0.190625 0.071875
0 0.09921875 0.55390625 0.1984375 0.071875
0 0.10390625 0.68515625 0.2078125 0.0625
0 0.07890625 0.1453125 0.1578125 0.090625
0 0.09296875 0.409375 0.184375 0.075
0 0.11015625 0.7484375 0.2078125 0.059375
0 0.3171875 0.671875 0.203125 0.059375
0 0.715625 0.80625 0.196875 0.075
0 0.809375 0.2890625 0.25 0.11875
0 0.315625 0.61484375 0.2046875 0.0625
0 0.1125 0.80234375 0.20625 0.053125
0 0.77421875 0.496875 0.228125 0.096875
0 0.7234375 0.74140625 0.2 0.08125
0 0.54921875 0.49921875 0.23125 0.1
0 0.5671875 0.28984375 0.25625 0.1171875
0 0.30703125 0.47890625 0.228125 0.06875
0 0.31875 0.84296875 0.19375 0.059375
0 0.53203125 0.74921875 0.20625 0.084375
0 0.575 0.15625 0.265625 0.1265625
0 0.31796875 0.72578125 0.2015625 0.0578125
0 0.7578125 0.57890625 0.215625 0.090625
0 0.51796875 0.88671875 0.19375 0.071875
0 0.084375 0.23828125 0.16875 0.0859375
0 0.31484375 0.5484375 0.2125 0.065625
0 0.31640625 0.78203125 0.196875 0.0609375
0 0.74375 0.66171875 0.2109375 0.0875
0 0.70234375 0.87890625 0.1828125 0.0734375
0 0.5453125 0.5890625 0.215625 0.09375
0 0.5375 0.6734375 0.2125 0.090625
0 0.5171875 0.82265625 0.2015625 0.078125
0 0.11953125 0.859375 0.1984375 0.0515625
0 0.30078125 0.24609375 0.246875 0.084375
0 0.2984375 0.15390625 0.26875 0.09375
0 0.30625 0.41171875 0.23125 0.071875
0 0.30703125 0.33203125 0.2375 0.078125