0 0.2890625 0.53125 0.0859375 0.08046875
0 0.2078125 0.53203125 0.09140625 0.08359375
0 0.215625 0.77421875 0.084375 0.0734375
0 0.61328125 0.6015625 0.07734375 0.07265625
0 0.1 0.35859375 0.09609375 0.0890625
0 0.29921875 0.84609375 0.08203125 0.0703125
0 0.83203125 0.671875 0.07265625 0.071875
0 0.68828125 0.44453125 0.07734375 0.075
0 0.2109375 0.609375 0.090625 0.0796875
0 0.83203125 0.7453125 0.071875 0.071875
0 0.76328125 0.5984375 0.07578125 0.06953125
0 0.68828125 0.52109375 0.07734375 0.07265625
0 0.7609375 0.75078125 0.07421875 0.0703125
0 0.6125 0.52109375 0.078125 0.07421875
0 0.29765625 0.3671875 0.0765625 0.07109375
0 0.20390625 0.44453125 0.0890625 0.08359375
0 0.38046875 0.76640625 0.08203125 0.07421875
0 0.5375 0.525 0.078125 0.078125
0 0.296875 0.60703125 0.08515625 0.0796875
0 0.11484375 0.5328125 0.09140625 0.08515625
0 0.29453125 0.44375 0.0859375 0.08203125
0 0.29921875 0.6890625 0.08515625 0.08046875
0 0.7625 0.67265625 0.0734375 0.06640625
0 0.53671875 0.6796875 0.07734375 0.07578125
0 0.6859375 0.753125 0.07578125 0.071875
0 0.375 0.52421875 0.084375 0.0765625
0 0.3015625 0.77265625 0.0828125 0.0765625
0 0.29453125 0.28984375 0.078125 0.07578125
0 0.834375 0.596875 0.071875 0.0734375
0 0.21171875 0.690625 0.0859375 0.078125
0 0.73046875 0.37109375 0.06953125 0.065625
0 0.13203125 0.77890625 0.0890625 0.07578125
0 0.68515625 0.82578125 0.075 0.06796875
0 0.37578125 0.36796875 0.07734375 0.07421875
0 0.68671875 0.6 0.07578125 0.0734375
0 0.9046875 0.59609375 0.07421875 0.0734375
0 0.090625 0.26640625 0.0984375 0.090625
0 0.91171875 0.44375 0.07421875 0.07421875
0 0.45625 0.5265625 0.08046875 0.08125
0 0.3734375 0.290625 0.07578125 0.07421875
0 0.8375 0.44140625 0.07421875 0.0734375
0 0.37890625 0.68828125 0.08203125 0.07890625
0 0.45703125 0.6046875 0.08046875 0.075
0 0.1203125 0.6125 0.090625 0.08046875
0 0.11796875 0.44453125 0.0921875 0.08359375
0 0.19296875 0.3609375 0.10078125 0.084375
0 0.6078125 0.67890625 0.07578125 0.07578125
0 0.76640625 0.5203125 0.07578125 0.07265625
0 0.37890625 0.60546875 0.08125 0.078125
0 0.1328125 0.8625 0.0875 0.08046875
0 0.37578125 0.44375 0.0828125 0.0796875
0 0.90234375 0.74609375 0.071875 0.06875
0 0.53984375 0.5984375 0.0765625 0.07578125
0 0.6109375 0.75625 0.0765625 0.07265625
0 0.5375 0.759375 0.0765625 0.07421875
0 0.12578125 0.6953125 0.090625 0.08046875
0 0.37890625 0.84609375 0.07890625 0.071875
0 0.68828125 0.6765625 0.07578125 0.075
0 0.90859375 0.52265625 0.07265625 0.0765625
0 0.609375 0.44296875 0.07734375 0.08203125
0 0.9140625 0.36328125 0.07421875 0.0765625
0 0.83046875 0.82109375 0.07421875 0.06953125
0 0.76796875 0.44453125 0.0765625 0.075
0 0.44921875 0.36875 0.075 0.0703125
0 0.21953125 0.85625 0.0859375 0.075
0 0.6609375 0.36796875 0.06953125 0.06640625
0 0.4546875 0.44140625 0.08125 0.0859375
0 0.5359375 0.44296875 0.078125 0.08359375
0 0.59375 0.3703125 0.0703125 0.06484375
0 0.9046875 0.67109375 0.07265625 0.0734375
0 0.45546875 0.68515625 0.0796875 0.078125
0 0.4609375 0.76484375 0.07890625 0.07734375
0 0.59453125 0.2953125 0.0703125 0.07265625
0 0.61171875 0.8296875 0.0765625 0.07109375
0 0.459375 0.83828125 0.08046875 0.07109375
0 0.90078125 0.81875 0.071875 0.06953125
0 0.53828125 0.8328125 0.07734375 0.0703125
0 0.83984375 0.52265625 0.07109375 0.0734375
0 0.7609375 0.8234375 0.0734375 0.065625
0 0.52109375 0.3671875 0.071875 0.06796875
0 0.5203125 0.29296875 0.07265625 0.07578125
0 0.83203125 0.36640625 0.09453125 0.0734375
0 0.18203125 0.26875 0.08984375 0.0890625
0 0.446875 0.290625 0.07421875 0.075
0 0.73359375 0.29609375 0.06875 0.0703125
0 0.6640625 0.3 0.06953125 0.07109375
0 0.80234375 0.2921875 0.065625 0.07578125
0 0.8703125 0.2890625 0.06484375 0.06953125