0 0.60703125 0.3234375 0.08125 0.075
0 0.43984375 0.75 0.090625 0.096875
0 0.35546875 0.73671875 0.090625 0.0953125
0 0.43515625 0.8515625 0.09375 0.10625
0 0.6171875 0.7515625 0.0984375 0.10625
0 0.52890625 0.85234375 0.096875 0.109375
0 0.5296875 0.4859375 0.084375 0.0796875
0 0.8140625 0.66875 0.10625 0.1
0 0.5296875 0.56640625 0.0890625 0.0875
0 0.34765625 0.8375 0.090625 0.10625
0 0.6953125 0.40234375 0.090625 0.0796875
0 0.69609375 0.48671875 0.090625 0.084375
0 0.3625 0.64921875 0.084375 0.0875
0 0.3640625 0.5640625 0.08125 0.084375
0 0.53046875 0.6546875 0.0921875 0.09375
0 0.53046875 0.75078125 0.0921875 0.1
0 0.44375 0.65859375 0.084375 0.090625
0 0.375 0.4859375 0.075 0.078125
0 0.70859375 0.66484375 0.0984375 0.1
0 0.61796875 0.5609375 0.090625 0.0875
0 0.6140625 0.653125 0.0921875 0.09375
0 0.725 0.878125 0.10625 0.1203125
0 0.784375 0.403125 0.096875 0.08125
0 0.76328125 0.246875 0.0875 0.075
0 0.62734375 0.8640625 0.10625 0.115625
0 0.44765625 0.4796875 0.078125 0.078125
0 0.4515625 0.4109375 0.078125 0.071875
0 0.44609375 0.56171875 0.0828125 0.0859375
0 0.53203125 0.409375 0.0828125 0.075
0 0.70625 0.56875 0.09375 0.090625
0 0.453125 0.33515625 0.078125 0.0703125
0 0.8203125 0.76875 0.1140625 0.109375
0 0.79140625 0.48046875 0.1015625 0.084375
0 0.79921875 0.57265625 0.10625 0.0921875
0 0.3734375 0.4109375 0.078125 0.071875
0 0.675 0.18515625 0.0796875 0.065625
0 0.68046875 0.2515625 0.084375 0.071875
0 0.4578125 0.2078125 0.071875 0.0640625
0 0.71796875 0.76171875 0.103125 0.10625
0 0.5296875 0.334375 0.08125 0.06875
0 0.45546875 0.27265625 0.075 0.06875
0 0.609375 0.40078125 0.084375 0.0796875
0 0.6140625 0.4765625 0.0875 0.08125
0 0.39765625 0.1578125 0.065625 0.05625
0 0.46015625 0.1484375 0.065625 0.0578125
0 0.384375 0.33984375 0.071875 0.065625
0 0.60078125 0.25 0.078125 0.0640625
0 0.8375 0.88359375 0.121875 0.13125
0 0.5296875 0.26953125 0.0765625 0.06875
0 0.68671875 0.3265625 0.0875 0.075
0 0.59609375 0.128125 0.071875 0.05625
0 0.5296875 0.20234375 0.071875 0.0609375
0 0.596875 0.1921875 0.075 0.0625
0 0.53046875 0.08828125 0.06875 0.059375
0 0.77265625 0.32265625 0.090625 0.075
0 0.3921875 0.215625 0.065625 0.0625
0 0.384375 0.278125 0.071875 0.059375
0 0.46328125 0.0953125 0.0625 0.053125
0 0.7578125 0.18125 0.084375 0.0625
0 0.75 0.11796875 0.08125 0.059375
0 0.671875 0.12421875 0.0703125 0.059375
0 0.40234375 0.103125 0.065625 0.053125
0 0.59453125 0.078125 0.06875 0.0546875
0 0.5296875 0.14296875 0.0703125 0.05625
0 0.6703125 0.07265625 0.075 0.059375
0 0.7375 0.06015625 0.08125 0.071875
0 0.28203125 0.809375 0.071875 0.1734375
0 0.296875 0.65 0.065625 0.1515625
0 0.31484375 0.47265625 0.053125 0.134375
0 0.32421875 0.33203125 0.053125 0.1125
0 0.3375 0.2296875 0.046875 0.1015625
0 0.34609375 0.128125 0.0484375 0.1