0 0.4171875 0.7125 0.16953125 0.103125
0 0.55390625 0.45703125 0.14375 0.09296875
0 0.43046875 0.8703125 0.15859375 0.12578125
0 0.2140625 0.46640625 0.2 0.1140625
0 0.41328125 0.6359375 0.1640625 0.09375
0 0.675 0.28515625 0.13359375 0.09296875
0 0.325 0.1359375 0.15 0.1484375
0 0.221875 0.57265625 0.2 0.09921875
0 0.3828125 0.26640625 0.1734375 0.109375
0 0.559375 0.546875 0.14765625 0.08203125
0 0.6796875 0.1890625 0.10546875 0.1203125
0 0.20078125 0.3671875 0.2109375 0.11484375
0 0.7953125 0.36875 0.11640625 0.08125
0 0.68046875 0.453125 0.13125 0.08671875
0 0.4046875 0.553125 0.16796875 0.0890625
0 0.45859375 0.16328125 0.1265625 0.13828125
0 0.3953125 0.459375 0.16953125 0.10078125
0 0.68671875 0.53515625 0.128125 0.07890625
0 0.54921875 0.3640625 0.14765625 0.096875
0 0.38828125 0.36015625 0.171875 0.103125
0 0.81171875 0.525 0.1171875 0.07109375
0 0.5375 0.28203125 0.146875 0.09765625
0 0.80390625 0.4515625 0.1265625 0.0828125
0 0.6796875 0.36640625 0.1296875 0.08828125
0 0.57265625 0.1796875 0.1140625 0.1265625
0 0.57578125 0.8453125 0.13984375 0.10390625
0 0.78359375 0.1984375 0.09609375 0.11484375
0 0.56171875 0.615625 0.140625 0.09140625
0 0.69453125 0.59921875 0.12578125 0.07734375
0 0.6953125 0.675 0.12421875 0.0796875
0 0.575 0.7703125 0.1390625 0.0953125
0 0.79453125 0.29375 0.115625 0.0859375
0 0.9046875 0.38046875 0.103125 0.0640625
0 0.56953125 0.69140625 0.1390625 0.09140625
0 0.81328125 0.65546875 0.1078125 0.06953125
0 0.81015625 0.59140625 0.1109375 0.0703125
0 0.22890625 0.65625 0.20078125 0.1
0 0.6953125 0.74609375 0.11953125 0.090625
0 0.4265625 0.7953125 0.1609375 0.1015625
0 0.91015625 0.45078125 0.0984375 0.06796875
0 0.90390625 0.315625 0.10625 0.07890625
0 0.91328125 0.5203125 0.09765625 0.06796875
0 0.809375 0.71796875 0.109375 0.071875
0 0.23828125 0.74765625 0.20234375 0.11171875
0 0.196875 0.25 0.21484375 0.1265625
0 0.7015625 0.809375 0.1171875 0.09296875
0 0.17265625 0.11875 0.1890625 0.1703125
0 0.8578125 0.1890625 0.05859375 0.1234375
0 0.91171875 0.22578125 0.09140625 0.11015625
0 0.24453125 0.83359375 0.20234375 0.1203125
0 0.253125 0.91484375 0.2046875 0.12421875
0 0.8109375 0.7828125 0.11484375 0.090625
0 0.91171875 0.7609375 0.1015625 0.08125
0 0.9109375 0.57734375 0.096875 0.078125
0 0.9078125 0.6390625 0.09375 0.08203125
0 0.91015625 0.7 0.09765625 0.08359375