0 0.753125 0.27265625 0.259375 0.096875
0 0.73984375 0.35859375 0.246875 0.090625
0 0.696875 0.67734375 0.2265625 0.08125
0 0.6953125 0.7515625 0.23125 0.0796875
0 0.70234375 0.59765625 0.234375 0.08125
0 0.68359375 0.8265625 0.225 0.0828125
0 0.4921875 0.26875 0.2625 0.096875
0 0.71484375 0.440625 0.2421875 0.084375
0 0.48515625 0.35546875 0.24375 0.090625
0 0.49765625 0.16171875 0.2796875 0.1046875
0 0.7140625 0.525 0.2375 0.08125
0 0.46171875 0.7578125 0.2296875 0.0828125
0 0.48125 0.440625 0.2453125 0.084375
0 0.759375 0.1703125 0.2625 0.0984375
0 0.47265625 0.52265625 0.234375 0.078125
0 0.4671875 0.6765625 0.23125 0.0828125
0 0.47109375 0.6046875 0.225 0.0796875
0 0.45859375 0.83046875 0.23125 0.0828125