0 0.7515625 0.4875 0.078125 0.1640625
0 0.82578125 0.65703125 0.08125 0.1765625
0 0.19375 0.81875 0.0625 0.1625
0 0.82421875 0.8390625 0.08125 0.184375
0 0.59140625 0.8296875 0.071875 0.1765625
0 0.75234375 0.35703125 0.134375 0.096875
0 0.75 0.83515625 0.075 0.18125
0 0.82578125 0.48984375 0.078125 0.171875
0 0.6640625 0.490625 0.075 0.1625
0 0.26796875 0.38203125 0.103125 0.0859375
0 0.38515625 0.6609375 0.0625 0.15625
0 0.3875 0.49921875 0.0625 0.153125
0 0.58828125 0.4921875 0.065625 0.159375
0 0.19921875 0.6625 0.0625 0.153125
0 0.26015625 0.6609375 0.0625 0.15625
0 0.525 0.828125 0.06875 0.1734375
0 0.53203125 0.65546875 0.06875 0.165625
0 0.6734375 0.65546875 0.071875 0.16875
0 0.3828125 0.8234375 0.065625 0.16875
0 0.45234375 0.82734375 0.06875 0.175
0 0.75234375 0.65625 0.0765625 0.175
0 0.2609375 0.5015625 0.0609375 0.15
0 0.20078125 0.503125 0.059375 0.15
0 0.5234375 0.49453125 0.065625 0.1578125
0 0.25390625 0.82421875 0.065625 0.1609375
0 0.1609375 0.3875 0.103125 0.0828125
0 0.5984375 0.65546875 0.071875 0.165625
0 0.66796875 0.82890625 0.071875 0.175
0 0.453125 0.5015625 0.065625 0.15625
0 0.3265625 0.66015625 0.0625 0.15625
0 0.32265625 0.82109375 0.0625 0.16875
0 0.32578125 0.5015625 0.0609375 0.153125
0 0.609375 0.3625 0.11875 0.09375
0 0.45703125 0.6609375 0.06875 0.159375
0 0.38125 0.3765625 0.1125 0.0859375
0 0.13671875 0.51015625 0.059375 0.1484375
0 0.1328125 0.66171875 0.0625 0.153125
0 0.4921875 0.371875 0.1140625 0.090625
0 0.128125 0.81953125 0.0609375 0.1640625