0 0.2703125 0.43515625 0.14765625 0.0921875
0 0.4578125 0.53125 0.115625 0.109375
0 0.5109375 0.42734375 0.11640625 0.11328125
0 0.86484375 0.4296875 0.1203125 0.1140625
0 0.696875 0.603125 0.14609375 0.08984375
0 0.51171875 0.3171875 0.11796875 0.11640625
0 0.6921875 0.859375 0.14609375 0.090625
0 0.5671875 0.63984375 0.11640625 0.1109375
0 0.84375 0.60546875 0.146875 0.08984375
0 0.340625 0.5328125 0.1171875 0.1125
0 0.45625 0.6390625 0.11484375 0.10859375
0 0.7515625 0.3234375 0.1203125 0.1171875
0 0.51875 0.20078125 0.1171875 0.1234375
0 0.7046875 0.5265625 0.14453125 0.08515625
0 0.26328125 0.3453125 0.15234375 0.08984375
0 0.634375 0.32109375 0.1171875 0.11796875
0 0.571875 0.53125 0.11875 0.11015625
0 0.84375 0.52734375 0.146875 0.08515625
0 0.3390625 0.63984375 0.11875 0.1078125
0 0.69609375 0.68828125 0.14609375 0.08828125
0 0.6265625 0.428125 0.11640625 0.1140625
0 0.39375 0.4265625 0.11796875 0.1140625
0 0.2265625 0.5296875 0.11875 0.1109375
0 0.221875 0.6328125 0.11875 0.10859375
0 0.6953125 0.7734375 0.14609375 0.08515625
0 0.5640625 0.74609375 0.11640625 0.1109375
0 0.39921875 0.3203125 0.11953125 0.11640625
0 0.22578125 0.74140625 0.11640625 0.10859375
0 0.45234375 0.74453125 0.103125 0.1078125
0 0.746875 0.42890625 0.11953125 0.1140625
0 0.11953125 0.3421875 0.15078125 0.0890625
0 0.34140625 0.74453125 0.115625 0.11015625
0 0.3234375 0.84921875 0.11875 0.11328125
0 0.440625 0.85 0.11484375 0.11171875
0 0.8359375 0.86015625 0.14375 0.08671875
0 0.5609375 0.85 0.11484375 0.11171875
0 0.1078125 0.63125 0.11875 0.109375
0 0.215625 0.8484375 0.10078125 0.1109375
0 0.11875 0.43203125 0.15078125 0.0921875
0 0.10703125 0.52890625 0.1203125 0.1140625
0 0.83828125 0.6921875 0.14375 0.0875
0 0.86640625 0.31953125 0.11953125 0.11484375
0 0.8421875 0.7765625 0.14375 0.08671875
0 0.278125 0.24453125 0.11875 0.11875
0 0.4 0.2015625 0.11875 0.12265625
0 0.6375 0.20546875 0.12265625 0.11796875
0 0.1390625 0.253125 0.1515625 0.0953125
0 0.75390625 0.20625 0.1125 0.11640625
0 0.86171875 0.215625 0.10859375 0.10234375
0 0.11171875 0.7375 0.11875 0.11328125
0 0.11015625 0.840625 0.11953125 0.11171875