0 0.353125 0.3625 0.134375 0.10625
0 0.09921875 0.39375 0.1390625 0.13125
0 0.47265625 0.1109375 0.1375 0.1203125
0 0.15 0.8921875 0.128125 0.1125
0 0.0859375 0.24765625 0.1375 0.14375
0 0.340625 0.12734375 0.1390625 0.15
0 0.6140625 0.35 0.134375 0.1125
0 0.73125 0.484375 0.10625 0.09375
0 0.49140625 0.565625 0.128125 0.1
0 0.61171875 0.10859375 0.1421875 0.125
0 0.61484375 0.5640625 0.128125 0.103125
0 0.48203125 0.23125 0.134375 0.1171875
0 0.6109375 0.22734375 0.140625 0.1171875
0 0.35390625 0.2578125 0.134375 0.096875
0 0.6140625 0.46015625 0.13125 0.103125
0 0.38203125 0.89140625 0.11875 0.090625
0 0.2515625 0.65078125 0.125 0.121875
0 0.37109375 0.65 0.121875 0.06875
0 0.11484375 0.534375 0.1359375 0.125
0 0.48515625 0.34921875 0.13125 0.1109375
0 0.37734375 0.7265625 0.121875 0.09375
0 0.2015625 0.1359375 0.140625 0.14375
0 0.2375 0.52734375 0.134375 0.125
0 0.12578125 0.653125 0.128125 0.115625
0 0.225 0.384375 0.134375 0.1375
0 0.48359375 0.4578125 0.128125 0.103125
0 0.7296875 0.57421875 0.10625 0.090625
0 0.46484375 0.69765625 0.0734375 0.159375
0 0.140625 0.7703125 0.1265625 0.1171875
0 0.73359375 0.28515625 0.109375 0.096875
0 0.38203125 0.809375 0.115625 0.06875
0 0.359375 0.46875 0.1296875 0.1
0 0.73203125 0.3796875 0.1125 0.1015625
0 0.68046875 0.85625 0.071875 0.153125
0 0.21953125 0.27265625 0.1359375 0.090625
0 0.3703125 0.565625 0.125 0.0953125
0 0.26640625 0.88046875 0.1203125 0.109375
0 0.2609375 0.7703125 0.125 0.11875
0 0.5390625 0.86328125 0.075 0.1546875
0 0.73828125 0.1875 0.1109375 0.1
0 0.61171875 0.8546875 0.071875 0.15625
0 0.4640625 0.86171875 0.0703125 0.153125
0 0.6796875 0.7015625 0.075 0.159375
0 0.61171875 0.69453125 0.0765625 0.159375
0 0.0765625 0.1203125 0.1375 0.0921875
0 0.7390625 0.084375 0.115625 0.1
0 0.53671875 0.69609375 0.06875 0.1578125
0 0.74921875 0.875 0.0625 0.1125
0 0.74765625 0.7140625 0.0609375 0.19375