0 0.37734375 0.83046875 0.09296875 0.125
0 0.278125 0.70703125 0.096875 0.1234375
0 0.12578125 0.5875 0.0953125 0.1203125
0 0.125 0.828125 0.09765625 0.12421875
0 0.34921875 0.35078125 0.07421875 0.11796875
0 0.15390625 0.70703125 0.15 0.12265625
0 0.42890625 0.3515625 0.075 0.11875
0 0.4109375 0.58984375 0.0953125 0.11796875
0 0.253125 0.83125 0.1578125 0.1265625
0 0.3734375 0.7109375 0.096875 0.1234375
0 0.22890625 0.590625 0.0953125 0.121875
0 0.32265625 0.58984375 0.090625 0.12265625
0 0.27734375 0.35 0.0765625 0.11875
0 0.20234375 0.3515625 0.0703125 0.1171875
0 0.12890625 0.471875 0.090625 0.11875
0 0.12421875 0.35078125 0.0765625 0.1171875
0 0.22734375 0.47578125 0.0953125 0.11953125
0 0.32109375 0.47265625 0.08828125 0.11875
0 0.45546875 0.82578125 0.05703125 0.1203125
0 0.42421875 0.4734375 0.07421875 0.11953125
0 0.82109375 0.32421875 0.18203125 0.22421875
0 0.98828125 0.78671875 0.0234375 0.2578125
0 0.45546875 0.71328125 0.0671875 0.1265625
0 0.33125 0.265625 0.1515625 0.05859375
0 0.9359375 0.54609375 0.06484375 0.2265625
0 0.16875 0.26484375 0.1625 0.06328125
0 0.45390625 0.2671875 0.071875 0.06171875