0 0.5953125 0.82734375 0.115625 0.0984375
0 0.821875 0.8328125 0.115625 0.0953125
0 0.81484375 0.5578125 0.121875 0.096875
0 0.82734375 0.7421875 0.11875 0.096875
0 0.7078125 0.83125 0.1125 0.0984375
0 0.309375 0.70625 0.09375 0.08125
0 0.48359375 0.82265625 0.109375 0.0953125
0 0.81953125 0.6515625 0.1234375 0.0953125
0 0.70546875 0.73984375 0.115625 0.096875
0 0.5921875 0.55 0.1015625 0.08125
0 0.49296875 0.55 0.1 0.08125
0 0.303125 0.465625 0.096875 0.08125
0 0.59296875 0.46640625 0.1015625 0.0859375
0 0.2921875 0.784375 0.096875 0.08125
0 0.69609375 0.46640625 0.103125 0.084375
0 0.21015625 0.62265625 0.0984375 0.078125
0 0.59296875 0.38515625 0.1015625 0.0875
0 0.79921875 0.4640625 0.10625 0.0875
0 0.4921875 0.4671875 0.0984375 0.084375
0 0.396875 0.54921875 0.096875 0.0796875
0 0.3109375 0.62109375 0.0984375 0.0796875
0 0.7015625 0.63515625 0.1078125 0.0875
0 0.59609375 0.6328125 0.1015625 0.0859375
0 0.19921875 0.78046875 0.096875 0.08125
0 0.303125 0.5453125 0.096875 0.0796875
0 0.39296875 0.70703125 0.0796875 0.08125
0 0.309375 0.384375 0.096875 0.0828125
0 0.69453125 0.55078125 0.1046875 0.08125
0 0.4953125 0.625 0.096875 0.0828125
0 0.20859375 0.5453125 0.1 0.0796875
0 0.21171875 0.703125 0.096875 0.0796875
0 0.5921875 0.7359375 0.1125 0.096875
0 0.39609375 0.46796875 0.096875 0.08125
0 0.69765625 0.38046875 0.103125 0.0875
0 0.80078125 0.38515625 0.1046875 0.0859375
0 0.40234375 0.38984375 0.0953125 0.084375
0 0.39921875 0.62265625 0.096875 0.08125
0 0.49296875 0.3875 0.096875 0.0875
0 0.38828125 0.78671875 0.0875 0.0875
0 0.48203125 0.73515625 0.109375 0.09375
0 0.20546875 0.38515625 0.1 0.08125
0 0.20859375 0.46640625 0.0984375 0.08125