0 0.36484375 0.22578125 0.1390625 0.115625
0 0.23828125 0.33203125 0.14375 0.10625
0 0.6296875 0.22890625 0.1328125 0.1125
0 0.49765625 0.228125 0.13125 0.1171875
0 0.63359375 0.1140625 0.140625 0.128125
0 0.38359375 0.5234375 0.1203125 0.0875
0 0.75078125 0.23359375 0.134375 0.115625
0 0.49453125 0.10703125 0.1390625 0.128125
0 0.35703125 0.10703125 0.15 0.1328125
0 0.384375 0.60546875 0.115625 0.08125
0 0.275 0.62109375 0.11875 0.078125
0 0.7359375 0.34453125 0.128125 0.103125
0 0.49765625 0.434375 0.121875 0.09375
0 0.25859375 0.53203125 0.128125 0.09375
0 0.37578125 0.43046875 0.125 0.09375
0 0.253125 0.44140625 0.13125 0.0953125
0 0.36875 0.33359375 0.1296875 0.103125
0 0.8703125 0.240625 0.128125 0.10625
0 0.38671875 0.68515625 0.109375 0.0765625
0 0.4953125 0.334375 0.128125 0.1015625
0 0.76171875 0.121875 0.140625 0.125
0 0.61015625 0.52890625 0.1125 0.0859375
0 0.81171875 0.5921875 0.1140625 0.08125
0 0.62265625 0.33359375 0.125 0.1
0 0.6046875 0.6125 0.1125 0.0796875
0 0.2125 0.103125 0.159375 0.1328125
0 0.725 0.440625 0.125 0.0875
0 0.61171875 0.43125 0.11875 0.09375
0 0.2265625 0.22265625 0.146875 0.1171875
0 0.28359375 0.690625 0.1140625 0.075
0 0.7078125 0.603125 0.1125 0.08125
0 0.71796875 0.52890625 0.1125 0.084375
0 0.309375 0.8859375 0.1015625 0.065625
0 0.85078125 0.3375 0.125 0.0953125
0 0.49609375 0.528125 0.1171875 0.084375
0 0.39765625 0.7609375 0.1078125 0.06875
0 0.83125 0.4328125 0.1171875 0.0890625
0 0.78203125 0.73203125 0.103125 0.06875
0 0.81875 0.515625 0.1125 0.084375
0 0.49453125 0.61328125 0.1125 0.08125
0 0.29296875 0.76015625 0.109375 0.0640625
0 0.7953125 0.66484375 0.10625 0.0734375
0 0.190625 0.70546875 0.0859375 0.134375
0 0.396875 0.825 0.1015625 0.0625
0 0.3109375 0.94609375 0.096875 0.0625
0 0.40703125 0.87890625 0.0953125 0.05625
0 0.30234375 0.8265625 0.103125 0.0625
0 0.88515625 0.1296875 0.1328125 0.1203125
0 0.50078125 0.75390625 0.1 0.065625
0 0.49375 0.6859375 0.109375 0.071875
0 0.5953125 0.68125 0.109375 0.071875
0 0.6953125 0.67890625 0.109375 0.08125
0 0.13828125 0.3671875 0.103125 0.178125
0 0.16640625 0.56171875 0.0890625 0.146875
0 0.21171875 0.8234375 0.08125 0.121875
0 0.4984375 0.92421875 0.0890625 0.05625
0 0.49375 0.8734375 0.0921875 0.059375
0 0.50078125 0.8125 0.096875 0.059375
0 0.4015625 0.93828125 0.09375 0.05625
0 0.59375 0.75078125 0.103125 0.059375
0 0.58671875 0.80390625 0.0953125 0.0625
0 0.58359375 0.91953125 0.090625 0.0703125
0 0.6890625 0.7484375 0.1015625 0.0625
0 0.103125 0.16015625 0.128125 0.228125
0 0.2296875 0.92578125 0.075 0.1140625
0 0.58515625 0.86640625 0.103125 0.071875
0 0.67890625 0.80625 0.1015625 0.075
0 0.6734375 0.86015625 0.096875 0.0640625
0 0.66796875 0.9125 0.09375 0.0671875
0 0.76875 0.79921875 0.1015625 0.0765625
0 0.75703125 0.85546875 0.0953125 0.0625
0 0.75 0.90625 0.09375 0.0671875