0 0.6125 0.87421875 0.109375 0.1484375
0 0.54375 0.73359375 0.128125 0.14375
0 0.8421875 0.75390625 0.1640625 0.159375
0 0.84921875 0.3171875 0.159375 0.1546875
0 0.546875 0.6 0.1296875 0.13125
0 0.834375 0.61015625 0.165625 0.153125
0 0.84140625 0.4609375 0.1671875 0.15
0 0.72265625 0.89140625 0.1125 0.1484375
0 0.68046875 0.4671875 0.1484375 0.140625
0 0.4265625 0.590625 0.115625 0.13125
0 0.85234375 0.9046875 0.13125 0.1578125
0 0.3125 0.46640625 0.10625 0.121875
0 0.2390625 0.57734375 0.084375 0.121875
0 0.39453125 0.21484375 0.09375 0.134375
0 0.55234375 0.33359375 0.134375 0.1375
0 0.678125 0.7484375 0.14375 0.1546875
0 0.30078125 0.22265625 0.0875 0.128125
0 0.86015625 0.1625 0.125 0.15625
0 0.43515625 0.34140625 0.1 0.1328125
0 0.3265625 0.8265625 0.090625 0.13125
0 0.2328125 0.8140625 0.08125 0.13125
0 0.60859375 0.19609375 0.1375 0.140625
0 0.49296875 0.209375 0.096875 0.134375
0 0.68203125 0.6078125 0.146875 0.146875
0 0.3234375 0.58203125 0.0828125 0.125
0 0.734375 0.18828125 0.115625 0.1484375
0 0.4234375 0.71484375 0.1203125 0.1375
0 0.6890625 0.32890625 0.1484375 0.146875
0 0.23046875 0.34765625 0.10625 0.1203125
0 0.509375 0.859375 0.1 0.14375
0 0.33125 0.346875 0.0953125 0.125
0 0.21484375 0.2296875 0.078125 0.1234375
0 0.23515625 0.70234375 0.084375 0.125
0 0.215625 0.46328125 0.08125 0.115625
0 0.54453125 0.4671875 0.125 0.134375
0 0.12578125 0.34765625 0.096875 0.11875
0 0.128125 0.46640625 0.0953125 0.115625
0 0.321875 0.70859375 0.084375 0.134375
0 0.12421875 0.2328125 0.096875 0.1234375
0 0.41328125 0.84375 0.090625 0.134375
0 0.1296875 0.5625 0.13125 0.0875
0 0.1328125 0.65 0.128125 0.0828125
0 0.42109375 0.4640625 0.11875 0.1265625
0 0.13359375 0.73515625 0.125 0.090625
0 0.1328125 0.815625 0.11875 0.1