0 0.4609375 0.31015625 0.109375 0.246875
0 0.35390625 0.30546875 0.115625 0.253125
0 0.56015625 0.315625 0.1015625 0.234375
0 0.6609375 0.31953125 0.0984375 0.228125
0 0.34921875 0.5484375 0.1078125 0.228125
0 0.121875 0.5390625 0.13125 0.2484375
0 0.1125 0.27421875 0.1375 0.29375
0 0.2375 0.3 0.125 0.259375
0 0.9328125 0.32890625 0.1109375 0.225
0 0.23671875 0.55 0.115625 0.2375
0 0.8484375 0.3234375 0.0875 0.23125
0 0.65 0.54375 0.090625 0.215625
0 0.553125 0.54453125 0.09375 0.21875
0 0.45234375 0.5453125 0.1 0.221875
0 0.8359375 0.54453125 0.084375 0.20625
0 0.75859375 0.3234375 0.09375 0.225
0 0.746875 0.54453125 0.09375 0.209375
0 0.91953125 0.54140625 0.0859375 0.20625