0 0.08671875 0.42265625 0.1734375 0.0546875
0 0.26953125 0.421875 0.1859375 0.053125
0 0.56796875 0.8765625 0.240625 0.1328125
0 0.27734375 0.4734375 0.190625 0.053125
0 0.0890625 0.4765625 0.178125 0.059375
0 0.33203125 0.9125 0.28125 0.1125
0 0.30625 0.63984375 0.2421875 0.0796875
0 0.73515625 0.65234375 0.2 0.0984375
0 0.2640625 0.371875 0.1828125 0.053125
0 0.08984375 0.53828125 0.1796875 0.0640625
0 0.55234375 0.76796875 0.221875 0.11875
0 0.29609375 0.55078125 0.2359375 0.0953125
0 0.53671875 0.65703125 0.215625 0.1015625
0 0.6625 0.4109375 0.175 0.071875
0 0.265625 0.30625 0.1984375 0.0625
0 0.0890625 0.6 0.178125 0.065625
0 0.2625 0.24296875 0.2 0.05
0 0.71015625 0.56015625 0.190625 0.0859375
0 0.09375 0.81953125 0.18125 0.0859375
0 0.09140625 0.6671875 0.178125 0.071875
0 0.6828125 0.47890625 0.1921875 0.0796875
0 0.31796875 0.80859375 0.26875 0.1
0 0.76484375 0.7515625 0.215625 0.1109375
0 0.3109375 0.725 0.25625 0.09375
0 0.6421875 0.3359375 0.16875 0.06875
0 0.09296875 0.7453125 0.18125 0.078125
0 0.253125 0.1953125 0.196875 0.0484375
0 0.4734375 0.41015625 0.1828125 0.075
0 0.7921875 0.85859375 0.23125 0.1234375
0 0.45078125 0.2625 0.1828125 0.0640625
0 0.621875 0.271875 0.1734375 0.0625
0 0.46015625 0.33359375 0.184375 0.071875
0 0.08359375 0.36875 0.1671875 0.05625
0 0.090625 0.90703125 0.18125 0.0890625
0 0.5125 0.56875 0.2 0.0921875
0 0.43359375 0.2046875 0.16875 0.059375
0 0.60234375 0.21015625 0.159375 0.059375
0 0.08046875 0.30859375 0.1609375 0.05625
0 0.4921875 0.4890625 0.203125 0.08125
0 0.084375 0.26171875 0.1625 0.04375