0 0.7015625 0.85 0.103125 0.125
0 0.8875 0.60859375 0.103125 0.11875
0 0.509375 0.5546875 0.0828125 0.0984375
0 0.50703125 0.65625 0.084375 0.10625
0 0.8671875 0.26953125 0.1 0.109375
0 0.88125 0.49375 0.103125 0.115625
0 0.603125 0.84921875 0.1 0.125
0 0.90390625 0.84921875 0.109375 0.128125
0 0.79296875 0.72734375 0.1046875 0.121875
0 0.80234375 0.8484375 0.1046875 0.1265625
0 0.6 0.725 0.096875 0.11875
0 0.7015625 0.72890625 0.1 0.121875
0 0.8734375 0.37578125 0.103125 0.1109375
0 0.76875 0.26953125 0.1 0.10625
0 0.50859375 0.7671875 0.0875 0.1109375
0 0.8609375 0.159375 0.1 0.10625
0 0.58203125 0.45078125 0.084375 0.096875
0 0.503125 0.45546875 0.08125 0.0984375
0 0.58046875 0.25703125 0.08125 0.096875
0 0.8953125 0.71953125 0.1078125 0.121875
0 0.57890625 0.35390625 0.0828125 0.09375
0 0.784375 0.60390625 0.1015625 0.1171875
0 0.66015625 0.1578125 0.0828125 0.096875
0 0.5 0.3578125 0.08125 0.096875
0 0.77265625 0.3796875 0.1 0.1125
0 0.58828125 0.55078125 0.084375 0.1
0 0.42421875 0.27109375 0.078125 0.0921875
0 0.49765625 0.1734375 0.0796875 0.096875
0 0.7828125 0.49609375 0.103125 0.1125
0 0.50078125 0.26796875 0.0796875 0.09375
0 0.578125 0.165625 0.08125 0.09375
0 0.42890625 0.55546875 0.0828125 0.1
0 0.42578125 0.36640625 0.078125 0.09375
0 0.7640625 0.16796875 0.0953125 0.109375
0 0.42421875 0.1765625 0.078125 0.0921875
0 0.4296875 0.6578125 0.084375 0.103125
0 0.42734375 0.45703125 0.08125 0.096875
0 0.66953125 0.44765625 0.0875 0.103125
0 0.6640625 0.3515625 0.0859375 0.096875
0 0.4296875 0.76484375 0.084375 0.109375
0 0.66328125 0.25390625 0.084375 0.0953125
0 0.67421875 0.559375 0.0875 0.10625
0 0.5890625 0.63515625 0.0875 0.065625
0 0.67734375 0.640625 0.0875 0.046875