0 0.63515625 0.29140625 0.071875 0.175
0 0.81171875 0.609375 0.075 0.15625
0 0.7171875 0.28125 0.0921875 0.1828125
0 0.6390625 0.45078125 0.06875 0.1609375
0 0.79609375 0.1171875 0.153125 0.14375
0 0.82109375 0.4421875 0.078125 0.1671875
0 0.6375 0.61015625 0.0671875 0.146875
0 0.8234375 0.27265625 0.0875 0.1875
0 0.7265625 0.453125 0.071875 0.1640625
0 0.5578125 0.290625 0.06875 0.15625
0 0.809375 0.7625 0.0734375 0.146875
0 0.365625 0.43359375 0.05625 0.13125
0 0.65390625 0.12890625 0.140625 0.140625
0 0.39375 0.79375 0.05 0.1125
0 0.56484375 0.80703125 0.065625 0.2671875
0 0.79140625 0.89921875 0.08125 0.1328125
0 0.4890625 0.56875 0.0546875 0.1296875
0 0.42890625 0.434375 0.059375 0.134375
0 0.31796875 0.5609375 0.053125 0.121875
0 0.496875 0.4328125 0.065625 0.1375
0 0.37265625 0.5625 0.05625 0.121875
0 0.328125 0.67734375 0.053125 0.1125
0 0.49140625 0.29375 0.065625 0.1515625
0 0.340625 0.7859375 0.053125 0.10625
0 0.6421875 0.81640625 0.065625 0.2703125
0 0.5625 0.43671875 0.0625 0.140625
0 0.4359375 0.5625 0.0546875 0.125
0 0.3109375 0.4375 0.059375 0.128125
0 0.5578125 0.596875 0.0625 0.15
0 0.44296875 0.68828125 0.053125 0.11875
0 0.71953125 0.7546875 0.0796875 0.140625
0 0.2984375 0.30390625 0.059375 0.134375
0 0.42109375 0.28984375 0.0625 0.1453125
0 0.5375 0.153125 0.109375 0.11875
0 0.35390625 0.29296875 0.0578125 0.140625
0 0.72421875 0.89296875 0.0640625 0.1328125
0 0.38125 0.6796875 0.05625 0.1171875
0 0.721875 0.6125 0.078125 0.153125
0 0.45 0.80078125 0.05625 0.115625
0 0.4953125 0.8078125 0.05 0.11875
0 0.48984375 0.69140625 0.053125 0.121875
0 0.3296875 0.17578125 0.10625 0.1125
0 0.43046875 0.16328125 0.1109375 0.121875