0 0.3984375 0.484375 0.17265625 0.103125
0 0.3859375 0.3875 0.1671875 0.1078125
0 0.40625 0.58203125 0.171875 0.1015625
0 0.20078125 0.41640625 0.209375 0.12421875
0 0.5578125 0.384375 0.15078125 0.1015625
0 0.40078125 0.6796875 0.17109375 0.10234375
0 0.40625 0.77578125 0.1671875 0.1
0 0.20625 0.52109375 0.20859375 0.1109375
0 0.56640625 0.7515625 0.14609375 0.096875
0 0.565625 0.48203125 0.153125 0.0984375
0 0.5625 0.66171875 0.1515625 0.09375
0 0.225 0.7953125 0.19921875 0.115625
0 0.6859375 0.40625 0.11484375 0.115625
0 0.69140625 0.5203125 0.103125 0.1125
0 0.5625 0.57109375 0.15078125 0.09296875
0 0.77265625 0.5578125 0.059375 0.08203125
0 0.20859375 0.62734375 0.209375 0.1328125
0 0.22265625 0.71796875 0.20625 0.084375
0 0.771875 0.45546875 0.05078125 0.12734375
0 0.69140625 0.61875 0.11015625 0.109375
0 0.6921875 0.71953125 0.11484375 0.1125
0 0.77734375 0.63515625 0.07109375 0.0859375
0 0.77578125 0.7125 0.06640625 0.08515625