0 0.8328125 0.31953125 0.0921875 0.13125
0 0.6859375 0.7078125 0.13125 0.134375
0 0.22734375 0.26171875 0.071875 0.10625
0 0.6953125 0.83671875 0.134375 0.1390625
0 0.35234375 0.5703125 0.1 0.1109375
0 0.8140625 0.71015625 0.1140625 0.134375
0 0.63515625 0.33671875 0.0984375 0.128125
0 0.7390625 0.19453125 0.0859375 0.1296875
0 0.825 0.184375 0.090625 0.1390625
0 0.553125 0.45703125 0.0828125 0.115625
0 0.25859375 0.671875 0.096875 0.109375
0 0.35078125 0.6734375 0.0984375 0.115625
0 0.63828125 0.58046875 0.1015625 0.125
0 0.38125 0.3515625 0.08125 0.109375
0 0.30625 0.25625 0.0765625 0.1109375
0 0.1546875 0.26640625 0.06875 0.1
0 0.4671875 0.34765625 0.084375 0.1140625
0 0.56875 0.8171875 0.11875 0.13125
0 0.2375 0.46484375 0.075 0.1015625
0 0.56640625 0.221875 0.071875 0.128125
0 0.74375 0.325 0.0890625 0.13125
0 0.2328125 0.359375 0.075 0.1015625
0 0.3109375 0.35625 0.0765625 0.1046875
0 0.55078125 0.5765625 0.0875 0.121875
0 0.25390625 0.5640625 0.0984375 0.10625
0 0.825 0.453125 0.09375 0.1296875
0 0.54921875 0.34453125 0.08125 0.115625
0 0.3171875 0.46484375 0.0765625 0.103125
0 0.15703125 0.36015625 0.071875 0.1015625
0 0.46640625 0.46171875 0.078125 0.1109375
0 0.64375 0.45625 0.1 0.125
0 0.496875 0.23359375 0.059375 0.1203125
0 0.25859375 0.77734375 0.09375 0.115625
0 0.734375 0.5796875 0.084375 0.128125
0 0.4515625 0.6828125 0.103125 0.121875
0 0.46015625 0.7984375 0.10625 0.125
0 0.646875 0.209375 0.08125 0.128125
0 0.7375 0.45078125 0.084375 0.128125
0 0.55859375 0.69921875 0.11875 0.1265625
0 0.1640625 0.66640625 0.090625 0.10625
0 0.3546875 0.790625 0.1 0.11875
0 0.8234375 0.5765625 0.0890625 0.13125
0 0.16015625 0.56171875 0.090625 0.103125
0 0.43828125 0.24375 0.059375 0.11875
0 0.390625 0.4609375 0.0765625 0.10625
0 0.15859375 0.46484375 0.071875 0.1015625
0 0.453125 0.56953125 0.1078125 0.115625
0 0.3703125 0.24375 0.0625 0.115625
0 0.16953125 0.76875 0.0921875 0.1109375
0 0.8234375 0.8390625 0.09375 0.1359375