0 0.7125 0.35234375 0.06015625 0.175
0 0.71484375 0.17265625 0.06015625 0.17578125
0 0.7890625 0.540625 0.09375 0.1984375
0 0.53671875 0.53203125 0.07578125 0.175
0 0.321875 0.52734375 0.06796875 0.16953125
0 0.6578125 0.1765625 0.05703125 0.17734375
0 0.6109375 0.5359375 0.08046875 0.184375
0 0.459375 0.70625 0.07265625 0.17109375
0 0.38515625 0.52890625 0.0703125 0.16875
0 0.46015625 0.5265625 0.07265625 0.171875
0 0.69296875 0.5359375 0.0875 0.19375
0 0.59609375 0.18203125 0.0546875 0.17265625
0 0.69609375 0.721875 0.08671875 0.18359375
0 0.54375 0.1875 0.05390625 0.1703125
0 0.61484375 0.7140625 0.08125 0.18359375
0 0.7875 0.7359375 0.0921875 0.19140625
0 0.5953125 0.35703125 0.05390625 0.16484375
0 0.546875 0.0515625 0.05390625 0.10234375
0 0.25390625 0.525 0.06796875 0.16875
0 0.2578125 0.684375 0.0671875 0.16171875
0 0.78125 0.35078125 0.06640625 0.1765625
0 0.54375 0.3578125 0.05234375 0.16171875
0 0.6578125 0.353125 0.0578125 0.16953125
0 0.19375 0.52421875 0.06171875 0.165625
0 0.3859375 0.70234375 0.0703125 0.17109375
0 0.5375 0.70703125 0.0765625 0.178125
0 0.28671875 0.20390625 0.04765625 0.15703125
0 0.78125 0.16796875 0.0625 0.17890625
0 0.48828125 0.1921875 0.05078125 0.16640625
0 0.32421875 0.69375 0.06640625 0.165625
0 0.1953125 0.67890625 0.06640625 0.16015625
0 0.7828125 0.0390625 0.065625 0.078125
0 0.38671875 0.06171875 0.0484375 0.11953125
0 0.5984375 0.0484375 0.05546875 0.096875
0 0.44140625 0.1984375 0.05078125 0.16796875
0 0.24375 0.36171875 0.0453125 0.15078125
0 0.43984375 0.0546875 0.05078125 0.109375
0 0.48984375 0.35859375 0.0515625 0.1625
0 0.34140625 0.06484375 0.04765625 0.125
0 0.7234375 0.04140625 0.0578125 0.08203125
0 0.3859375 0.20234375 0.05078125 0.1640625
0 0.29453125 0.06796875 0.0484375 0.13125
0 0.6609375 0.0453125 0.0578125 0.0890625
0 0.48984375 0.05546875 0.053125 0.11015625
0 0.4390625 0.3609375 0.04921875 0.159375
0 0.33828125 0.2046875 0.04921875 0.1609375
0 0.34296875 0.3625 0.05 0.153125
0 0.29609375 0.359375 0.0484375 0.153125
0 0.24296875 0.20703125 0.04453125 0.15390625
0 0.3875 0.3640625 0.0484375 0.153125
0 0.24140625 0.06484375 0.0453125 0.1296875