0 0.8 0.596875 0.1015625 0.07265625
0 0.340625 0.77734375 0.14296875 0.09140625
0 0.34453125 0.3578125 0.13125 0.08515625
0 0.79140625 0.4578125 0.096875 0.0703125
0 0.6953125 0.38359375 0.1 0.0734375
0 0.58828125 0.37421875 0.1109375 0.07734375
0 0.696875 0.45625 0.10390625 0.0703125
0 0.88359375 0.396875 0.084375 0.06640625
0 0.5921875 0.596875 0.115625 0.07890625
0 0.340625 0.60078125 0.1359375 0.0859375
0 0.5921875 0.67734375 0.1140625 0.08125
0 0.79921875 0.66640625 0.0953125 0.071875
0 0.58203125 0.45078125 0.1140625 0.07578125
0 0.33984375 0.68828125 0.1421875 0.0890625
0 0.584375 0.528125 0.1125 0.075
0 0.47265625 0.36796875 0.11953125 0.07890625
0 0.69765625 0.67109375 0.1078125 0.075
0 0.4703125 0.68125 0.12578125 0.0859375
0 0.475 0.5984375 0.128125 0.0828125
0 0.3453125 0.4421875 0.1296875 0.0828125
0 0.88203125 0.46171875 0.0875 0.06640625
0 0.34609375 0.5234375 0.1359375 0.0828125
0 0.7953125 0.528125 0.09765625 0.071875
0 0.89296875 0.59140625 0.0890625 0.0671875
0 0.7890625 0.3953125 0.096875 0.06875
0 0.4671875 0.446875 0.11875 0.07734375
0 0.4734375 0.765625 0.12734375 0.08828125
0 0.46953125 0.52578125 0.1234375 0.078125
0 0.696875 0.59453125 0.10234375 0.0734375
0 0.59453125 0.75859375 0.115625 0.08515625
0 0.89453125 0.6640625 0.090625 0.07109375
0 0.88984375 0.5296875 0.0875 0.06875
0 0.6953125 0.5296875 0.10390625 0.0734375
0 0.70390625 0.7484375 0.103125 0.07734375
0 0.79609375 0.74296875 0.07421875 0.07421875