0 0.440625 0.51875 0.20625 0.0625
0 0.64921875 0.5671875 0.19375 0.059375
0 0.44921875 0.5765625 0.2 0.059375
0 0.64921875 0.621875 0.1921875 0.05625
0 0.65 0.6828125 0.1875 0.05625
0 0.81640625 0.4328125 0.134375 0.1171875
0 0.4296875 0.45234375 0.215625 0.0625
0 0.83125 0.30703125 0.14375 0.1328125
0 0.64609375 0.44296875 0.2125 0.0625
0 0.1953125 0.3125 0.2359375 0.075
0 0.80546875 0.646875 0.11875 0.096875
0 0.809375 0.54375 0.121875 0.10625
0 0.43125 0.38125 0.215625 0.06875
0 0.64765625 0.503125 0.20625 0.065625
0 0.1859375 0.2296875 0.24375 0.078125
0 0.6625 0.13203125 0.25 0.09375
0 0.65390625 0.37265625 0.21875 0.0703125
0 0.2546875 0.58203125 0.209375 0.0625
0 0.21171875 0.38203125 0.228125 0.071875
0 0.41953125 0.2296875 0.2375 0.0828125
0 0.84609375 0.16640625 0.15 0.1453125
0 0.6515625 0.30390625 0.2265625 0.078125
0 0.65546875 0.740625 0.1875 0.0546875
0 0.22421875 0.45234375 0.2203125 0.0625
0 0.165625 0.140625 0.246875 0.0875
0 0.6578125 0.221875 0.2359375 0.0828125
0 0.23984375 0.521875 0.2171875 0.0625
0 0.79609375 0.734375 0.109375 0.0875
0 0.428125 0.31015625 0.234375 0.075
0 0.45546875 0.640625 0.1921875 0.059375
0 0.46640625 0.74453125 0.1875 0.053125
0 0.4171875 0.13671875 0.259375 0.0984375
0 0.265625 0.64453125 0.2046875 0.06875
0 0.459375 0.68984375 0.1921875 0.0484375
0 0.65625 0.78984375 0.1875 0.0546875
0 0.284375 0.75390625 0.1921875 0.0515625
0 0.4734375 0.7984375 0.1734375 0.0625
0 0.27890625 0.6953125 0.2 0.065625
0 0.29921875 0.8 0.203125 0.065625