0 0.4921875 0.49375 0.13125 0.078125
0 0.534375 0.32109375 0.0859375 0.096875
0 0.63828125 0.3 0.12734375 0.07109375
0 0.78046875 0.35859375 0.1453125 0.08671875
0 0.49453125 0.6390625 0.12421875 0.078125
0 0.42734375 0.2375 0.078125 0.0921875
0 0.7671875 0.83203125 0.1640625 0.11328125
0 0.453125 0.32734375 0.078125 0.0890625
0 0.778125 0.28203125 0.1453125 0.09296875
0 0.36640625 0.3265625 0.10078125 0.07421875
0 0.49375 0.5640625 0.1265625 0.075
0 0.50859375 0.78515625 0.09921875 0.10234375
0 0.496875 0.23671875 0.06796875 0.0953125
0 0.78203125 0.5265625 0.16328125 0.07578125
0 0.6453125 0.36171875 0.12578125 0.06875
0 0.19609375 0.3953125 0.06328125 0.10703125
0 0.28671875 0.509375 0.09140625 0.1046875
0 0.646875 0.434375 0.12734375 0.07890625
0 0.64296875 0.50703125 0.13125 0.084375
0 0.6546875 0.21171875 0.09375 0.1015625
0 0.296875 0.59765625 0.09140625 0.08671875
0 0.36171875 0.39296875 0.10390625 0.06640625
0 0.628125 0.665625 0.14140625 0.0859375
0 0.56796875 0.2265625 0.07421875 0.096875
0 0.784375 0.6046875 0.16328125 0.0953125
0 0.3484375 0.24296875 0.071875 0.0890625
0 0.62890625 0.5859375 0.1421875 0.08359375
0 0.38671875 0.68828125 0.09296875 0.090625
0 0.7859375 0.44609375 0.14765625 0.08984375
0 0.7734375 0.20546875 0.1390625 0.06953125
0 0.2609375 0.29296875 0.10234375 0.11953125
0 0.6203125 0.8140625 0.13515625 0.09296875
0 0.49453125 0.7078125 0.12265625 0.0828125
0 0.1296875 0.39453125 0.06640625 0.1015625
0 0.46875 0.41171875 0.0984375 0.084375
0 0.37734375 0.49765625 0.10078125 0.13515625
0 0.2046875 0.4984375 0.06875 0.10234375
0 0.17578125 0.29140625 0.0609375 0.1125
0 0.13203125 0.49921875 0.07421875 0.10078125
0 0.26640625 0.4 0.08515625 0.1078125
0 0.2234375 0.58671875 0.06171875 0.0953125
0 0.14296875 0.58828125 0.0734375 0.09609375
0 0.6234375 0.74296875 0.1390625 0.0859375
0 0.30625 0.684375 0.08515625 0.084375
0 0.384375 0.6125 0.09453125 0.08359375
0 0.5453125 0.4046875 0.084375 0.08984375
0 0.11796875 0.28984375 0.059375 0.11484375
0 0.78125 0.7609375 0.159375 0.078125
0 0.2265625 0.67890625 0.06640625 0.08046875
0 0.33515625 0.765625 0.0796875 0.09609375
0 0.2484375 0.7625 0.08671875 0.08671875
0 0.3828125 0.58828125 0.09609375 0.0640625
0 0.1640625 0.67265625 0.071875 0.08359375
0 0.17578125 0.75 0.0859375 0.084375
0 0.41484375 0.775 0.0953125 0.10078125
0 0.78359375 0.6859375 0.159375 0.09609375