0 0.45078125 0.34765625 0.1171875 0.103125
0 0.4546875 0.2484375 0.109375 0.0953125
0 0.8078125 0.4234375 0.215625 0.0609375
0 0.8109375 0.3578125 0.2140625 0.059375
0 0.60703125 0.303125 0.1953125 0.059375
0 0.60625 0.2390625 0.19375 0.0578125
0 0.44140625 0.453125 0.1140625 0.10625
0 0.80859375 0.2375 0.20625 0.0578125
0 0.803125 0.18671875 0.196875 0.053125
0 0.5984375 0.425 0.20625 0.0625
0 0.8125 0.3015625 0.215625 0.05625
0 0.58515625 0.6265625 0.209375 0.071875
0 0.8078125 0.48359375 0.215625 0.0625
0 0.45625 0.15234375 0.1125 0.090625
0 0.4125 0.6890625 0.128125 0.128125
0 0.59296875 0.490625 0.2046875 0.059375
0 0.60625 0.36171875 0.19375 0.0625
0 0.590625 0.55234375 0.20625 0.065625
0 0.4265625 0.56953125 0.11875 0.1171875
0 0.58984375 0.69375 0.221875 0.071875
0 0.61015625 0.1296875 0.184375 0.053125
0 0.58515625 0.7734375 0.2203125 0.078125
0 0.81015625 0.553125 0.2265625 0.065625
0 0.81171875 0.70078125 0.23125 0.071875
0 0.6078125 0.1875 0.190625 0.053125
0 0.8078125 0.6296875 0.228125 0.0703125
0 0.79921875 0.12734375 0.190625 0.0546875
0 0.81640625 0.78359375 0.2359375 0.0765625