0 0.89296875 0.4515625 0.12109375 0.246875
0 0.66875 0.66875 0.0984375 0.21171875
0 0.76796875 0.67734375 0.10625 0.2265625
0 0.390625 0.640625 0.08984375 0.2
0 0.2140625 0.4265625 0.0921875 0.20703125
0 0.88125 0.209375 0.08125 0.23203125
0 0.50390625 0.2109375 0.0671875 0.21875
0 0.64921875 0.2109375 0.07265625 0.21796875
0 0.440625 0.21171875 0.06484375 0.2140625
0 0.37421875 0.21328125 0.0625 0.20859375
0 0.12421875 0.415625 0.090625 0.21171875
0 0.5671875 0.66015625 0.09453125 0.20859375
0 0.44140625 0.0515625 0.06875 0.103125
0 0.30859375 0.053125 0.06484375 0.10546875
0 0.71875 0.20546875 0.071875 0.23203125
0 0.728125 0.0453125 0.0765625 0.090625
0 0.57421875 0.21171875 0.06484375 0.21640625
0 0.88125 0.6875 0.11328125 0.2296875
0 0.7796875 0.44765625 0.109375 0.234375
0 0.64921875 0.0484375 0.075 0.09609375
0 0.21953125 0.62890625 0.08828125 0.19140625
0 0.7984375 0.2078125 0.07578125 0.228125
0 0.50390625 0.05078125 0.06796875 0.1015625
0 0.30390625 0.6359375 0.08984375 0.1953125
0 0.3671875 0.053125 0.06640625 0.10546875
0 0.575 0.05078125 0.06875 0.1015625
0 0.18203125 0.0546875 0.06328125 0.10859375
0 0.2390625 0.053125 0.0625 0.10625
0 0.19140625 0.21328125 0.06171875 0.19921875
0 0.80078125 0.0453125 0.0765625 0.0890625
0 0.8875 0.04375 0.0828125 0.0875
0 0.2515625 0.21171875 0.06171875 0.203125
0 0.31640625 0.21484375 0.0625 0.2015625
0 0.3046875 0.43203125 0.0921875 0.20546875
0 0.4734375 0.65078125 0.08984375 0.20625
0 0.4765625 0.4390625 0.09296875 0.21171875
0 0.5703125 0.44296875 0.096875 0.21953125
0 0.13203125 0.621875 0.08984375 0.1984375
0 0.6703125 0.44453125 0.1046875 0.225
0 0.38515625 0.43515625 0.090625 0.209375