0 0.1640625 0.31484375 0.0546875 0.065625
0 0.1609375 0.25 0.0546875 0.0671875
0 0.58046875 0.3375 0.090625 0.05859375
0 0.775 0.55390625 0.10859375 0.053125
0 0.115625 0.4421875 0.05546875 0.0625
0 0.67265625 0.38515625 0.09453125 0.0546875
0 0.58046875 0.3875 0.08828125 0.0546875
0 0.10234375 0.25390625 0.05703125 0.065625
0 0.57578125 0.76640625 0.0953125 0.0515625
0 0.671875 0.4359375 0.09296875 0.05625
0 0.76796875 0.43515625 0.09921875 0.06328125
0 0.4875 0.28984375 0.0921875 0.05625
0 0.5765625 0.440625 0.0953125 0.05
0 0.88515625 0.49296875 0.115625 0.06328125
0 0.7765625 0.66171875 0.10703125 0.0625
0 0.7671875 0.3828125 0.10234375 0.06015625
0 0.16328125 0.38125 0.0546875 0.06328125
0 0.7640625 0.1625 0.10078125 0.0703125
0 0.57890625 0.28671875 0.09140625 0.05859375
0 0.10078125 0.7609375 0.059375 0.0625
0 0.76640625 0.21953125 0.10078125 0.0640625
0 0.6734375 0.334375 0.09375 0.05859375
0 0.1625 0.82421875 0.0546875 0.06171875
0 0.39140625 0.65078125 0.0890625 0.059375
0 0.765625 0.4921875 0.11015625 0.0640625
0 0.77734375 0.6078125 0.1078125 0.05625
0 0.5734375 0.8640625 0.09453125 0.05078125
0 0.3109375 0.24765625 0.08515625 0.0546875
0 0.675 0.71171875 0.10078125 0.0625
0 0.77109375 0.32890625 0.1 0.0625
0 0.3125 0.196875 0.08515625 0.05078125
0 0.6703125 0.23359375 0.0953125 0.05546875
0 0.4953125 0.33984375 0.09375 0.05859375
0 0.88359375 0.61328125 0.11328125 0.0546875
0 0.67109375 0.55234375 0.1015625 0.05078125
0 0.8875 0.559375 0.11171875 0.059375
0 0.6671875 0.171875 0.09609375 0.06796875
0 0.884375 0.66484375 0.1125 0.065625
0 0.77734375 0.71640625 0.10546875 0.059375
0 0.07734375 0.6328125 0.0578125 0.065625
0 0.4890625 0.24140625 0.08984375 0.04921875
0 0.12109375 0.50234375 0.05234375 0.059375
0 0.1078125 0.31796875 0.05390625 0.0640625
0 0.496875 0.38828125 0.090625 0.05078125
0 0.671875 0.82265625 0.09921875 0.05390625
0 0.7671875 0.275 0.103125 0.06171875
0 0.67265625 0.28359375 0.09453125 0.0671875
0 0.10390625 0.8203125 0.06015625 0.0609375
0 0.6734375 0.65625 0.10078125 0.06015625
0 0.5765625 0.23671875 0.0890625 0.0546875
0 0.7765625 0.775 0.10546875 0.05703125
0 0.671875 0.4921875 0.09296875 0.0609375
0 0.40859375 0.39296875 0.0859375 0.05390625
0 0.421875 0.53828125 0.08515625 0.0578125
0 0.8703125 0.14921875 0.1078125 0.071875
0 0.28828125 0.603125 0.0890625 0.04921875
0 0.28828125 0.6546875 0.08984375 0.05
0 0.87265625 0.32578125 0.1046875 0.06640625
0 0.48515625 0.184375 0.084375 0.05625
0 0.57578125 0.71015625 0.09453125 0.06328125
0 0.1703125 0.4421875 0.053125 0.06171875
0 0.67578125 0.771875 0.1015625 0.0515625
0 0.87265625 0.26796875 0.10625 0.0640625
0 0.8703125 0.37734375 0.10625 0.0609375
0 0.884375 0.721875 0.109375 0.0640625
0 0.48203125 0.65390625 0.09375 0.06015625
0 0.5734375 0.81875 0.0953125 0.0484375
0 0.11015625 0.38203125 0.053125 0.06328125
0 0.87109375 0.2109375 0.103125 0.071875
0 0.66953125 0.875 0.09765625 0.05234375
0 0.4953125 0.5390625 0.07109375 0.04453125
0 0.6734375 0.60546875 0.10078125 0.0546875
0 0.4765625 0.44140625 0.0890625 0.053125
0 0.77265625 0.82890625 0.10546875 0.053125
0 0.13515625 0.6328125 0.05234375 0.06796875
0 0.871875 0.43359375 0.109375 0.06171875
0 0.2359375 0.44453125 0.0796875 0.0546875
0 0.77109375 0.8828125 0.10390625 0.0515625
0 0.409375 0.34453125 0.0859375 0.05546875
0 0.4 0.29609375 0.08828125 0.05859375
0 0.403125 0.24765625 0.08828125 0.05234375
0 0.17578125 0.50234375 0.0515625 0.059375
0 0.3375 0.53515625 0.0828125 0.0484375
0 0.30625 0.75234375 0.08671875 0.0484375
0 0.57734375 0.48828125 0.090625 0.05703125
0 0.57578125 0.653125 0.09921875 0.05703125
0 0.3046875 0.80078125 0.08671875 0.05078125
0 0.3953125 0.75 0.0890625 0.05
0 0.3171875 0.48984375 0.0859375 0.0484375
0 0.39375 0.79921875 0.0890625 0.059375
0 0.39296875 0.69921875 0.08984375 0.05546875
0 0.40234375 0.2015625 0.0875 0.05078125
0 0.23125 0.30390625 0.08671875 0.06015625
0 0.3125 0.3015625 0.0875 0.06015625
0 0.48359375 0.7046875 0.09375 0.0609375
0 0.315625 0.34921875 0.0875 0.05625
0 0.3078125 0.840625 0.08359375 0.053125
0 0.08125 0.69609375 0.05703125 0.0640625
0 0.48046875 0.48828125 0.0859375 0.05390625
0 0.39609375 0.84765625 0.09140625 0.06328125
0 0.3203125 0.39453125 0.08671875 0.04921875
0 0.315625 0.446875 0.08046875 0.0453125
0 0.2296875 0.2546875 0.08515625 0.05234375
0 0.4828125 0.76171875 0.09140625 0.05078125
0 0.4828125 0.803125 0.09453125 0.06015625
0 0.8734375 0.890625 0.10625 0.05859375
0 0.4203125 0.58515625 0.08359375 0.04140625
0 0.22734375 0.83671875 0.084375 0.0484375
0 0.31171875 0.44375 0.0828125 0.05078125
0 0.2890625 0.696875 0.08828125 0.05234375
0 0.23828125 0.49296875 0.07734375 0.04375
0 0.234375 0.35 0.084375 0.05703125
0 0.571875 0.60234375 0.0984375 0.05703125
0 0.1609375 0.1828125 0.05390625 0.0703125
0 0.25859375 0.5375 0.08203125 0.053125
0 0.5734375 0.17578125 0.096875 0.0625
0 0.2390625 0.3953125 0.08125 0.04921875
0 0.8828125 0.77421875 0.1125 0.0609375
0 0.15703125 0.76015625 0.059375 0.065625
0 0.203125 0.64609375 0.08984375 0.0546875
0 0.20390625 0.60234375 0.08515625 0.04921875
0 0.221875 0.74375 0.08671875 0.05703125
0 0.3921875 0.44296875 0.09140625 0.053125
0 0.090625 0.184375 0.05390625 0.071875
0 0.22578125 0.20078125 0.0921875 0.05703125
0 0.396875 0.490625 0.0921875 0.0484375
0 0.571875 0.54609375 0.0984375 0.05703125
0 0.1375 0.69765625 0.06328125 0.07109375
0 0.2046875 0.6921875 0.08828125 0.053125
0 0.225 0.78671875 0.08984375 0.05546875
0 0.48359375 0.85234375 0.09140625 0.05859375
0 0.87890625 0.8296875 0.1109375 0.0625