0 0.8203125 0.625 0.184375 0.134375
0 0.8265625 0.3875 0.190625 0.10625
0 0.825 0.48828125 0.1875 0.134375
0 0.3609375 0.3796875 0.128125 0.1109375
0 0.3671875 0.29296875 0.1265625 0.0875
0 0.65 0.371875 0.159375 0.125
0 0.503125 0.28203125 0.14375 0.09375
0 0.503125 0.3765625 0.140625 0.11875
0 0.8234375 0.18046875 0.1953125 0.11875
0 0.49765625 0.490625 0.140625 0.115625
0 0.24609375 0.38984375 0.115625 0.103125
0 0.25 0.48984375 0.115625 0.1
0 0.36484375 0.48828125 0.125 0.109375
0 0.4953125 0.596875 0.1359375 0.1125
0 0.365625 0.59140625 0.11875 0.10625
0 0.2484375 0.29921875 0.1125 0.0828125
0 0.1390625 0.484375 0.103125 0.096875
0 0.49375 0.8046875 0.13125 0.128125
0 0.81015625 0.7359375 0.178125 0.1375
0 0.640625 0.60625 0.15625 0.125
0 0.36875 0.68984375 0.121875 0.103125
0 0.65 0.49609375 0.15625 0.121875
0 0.13828125 0.38671875 0.103125 0.1
0 0.14375 0.578125 0.10625 0.09375
0 0.65234375 0.27109375 0.1625 0.1015625
0 0.3671875 0.7875 0.11875 0.115625
0 0.49453125 0.70234375 0.13125 0.109375
0 0.63125 0.72421875 0.15 0.125
0 0.2578125 0.5828125 0.1140625 0.1
0 0.13828125 0.3078125 0.1046875 0.075
0 0.6328125 0.83046875 0.15 0.1359375
0 0.79921875 0.8578125 0.165625 0.134375
0 0.2640625 0.77265625 0.10625 0.10625
0 0.615625 0.190625 0.209375 0.078125
0 0.25078125 0.6765625 0.109375 0.1
0 0.32421875 0.22421875 0.1078125 0.065625
0 0.16328125 0.75703125 0.096875 0.1
0 0.2140625 0.2234375 0.0921875 0.075
0 0.440625 0.2125 0.121875 0.065625
0 0.12734375 0.2296875 0.08125 0.0828125
0 0.153125 0.66328125 0.1 0.0921875
0 0.82421875 0.278125 0.190625 0.115625