0 0.6984375 0.55625 0.0640625 0.09609375
0 0.6859375 0.6453125 0.0609375 0.09140625
0 0.47890625 0.54375 0.0546875 0.0890625
0 0.640625 0.5546875 0.059375 0.09375
0 0.43515625 0.45 0.0515625 0.09140625
0 0.53984375 0.45546875 0.0546875 0.09375
0 0.6515625 0.46015625 0.059375 0.0984375
0 0.46484375 0.7109375 0.05 0.08515625
0 0.38046875 0.53515625 0.04921875 0.0859375
0 0.51484375 0.71484375 0.05234375 0.084375
0 0.33203125 0.61328125 0.04921875 0.0828125
0 0.41640625 0.7046875 0.04765625 0.08515625
0 0.52265625 0.63125 0.053125 0.08828125
0 0.625 0.72734375 0.059375 0.0875
0 0.47265625 0.6265625 0.05078125 0.08828125
0 0.42734375 0.6203125 0.05 0.0859375
0 0.33359375 0.53203125 0.04765625 0.08515625
0 0.290625 0.44453125 0.04453125 0.0859375
0 0.503125 0.79765625 0.0515625 0.0859375
0 0.625 0.6375 0.05625 0.0921875
0 0.42890625 0.53828125 0.0515625 0.0859375
0 0.53125 0.54765625 0.05390625 0.09140625
0 0.79375 0.74765625 0.0703125 0.09453125
0 0.4421875 0.36015625 0.0515625 0.09453125
0 0.74375 0.65390625 0.0671875 0.09453125
0 0.55 0.36015625 0.05546875 0.10078125
0 0.4828125 0.4515625 0.053125 0.09296875
0 0.56953125 0.7171875 0.05625 0.08515625
0 0.3796875 0.61640625 0.0484375 0.08515625
0 0.4953125 0.359375 0.05390625 0.096875
0 0.24140625 0.52578125 0.04453125 0.0828125
0 0.58125 0.5515625 0.05546875 0.09296875
0 0.37265625 0.69921875 0.04765625 0.08203125
0 0.59375 0.4578125 0.05703125 0.096875
0 0.32578125 0.69453125 0.0453125 0.08046875
0 0.2 0.43984375 0.0453125 0.08203125
0 0.57421875 0.63359375 0.0546875 0.0890625
0 0.89609375 0.47109375 0.08671875 0.10625
0 0.4546875 0.7890625 0.05 0.08359375
0 0.60546875 0.36171875 0.06015625 0.1
0 0.28515625 0.60859375 0.0453125 0.0828125
0 0.2859375 0.5265625 0.0453125 0.084375
0 0.3625 0.775 0.046875 0.08203125
0 0.6640625 0.3625 0.0609375 0.1015625
0 0.1953125 0.5203125 0.04609375 0.08125
0 0.75625 0.5609375 0.06484375 0.096875
0 0.6578125 0.81796875 0.06171875 0.090625
0 0.38515625 0.44765625 0.04921875 0.090625
0 0.2390625 0.60390625 0.04375 0.08125
0 0.55390625 0.80390625 0.0546875 0.08671875
0 0.15703125 0.51640625 0.040625 0.08046875
0 0.88046875 0.5703125 0.08125 0.10234375
0 0.23671875 0.68046875 0.04453125 0.078125
0 0.34140625 0.35546875 0.04765625 0.0921875
0 0.2328125 0.759375 0.046875 0.07890625
0 0.67890625 0.73125 0.06171875 0.08828125
0 0.39140625 0.35546875 0.0546875 0.09296875
0 0.71875 0.3640625 0.06328125 0.10234375
0 0.2484375 0.4421875 0.0453125 0.08359375
0 0.7890625 0.14140625 0.16015625 0.0578125
0 0.19453125 0.67734375 0.0453125 0.078125
0 0.28203125 0.6890625 0.04453125 0.07890625
0 0.3359375 0.44609375 0.04609375 0.0890625
0 0.153125 0.59609375 0.04921875 0.08203125
0 0.60546875 0.80859375 0.05625 0.0890625
0 0.1984375 0.60078125 0.04296875 0.08125
0 0.2765625 0.7640625 0.0453125 0.08046875
0 0.1140625 0.51328125 0.0453125 0.0796875
0 0.85390625 0.75625 0.08125 0.09609375
0 0.31796875 0.7703125 0.04609375 0.08203125
0 0.29140625 0.35546875 0.0515625 0.090625
0 0.834375 0.47109375 0.075 0.10234375
0 0.18828125 0.75546875 0.0421875 0.07578125
0 0.15859375 0.35234375 0.04453125 0.08515625
0 0.1984375 0.35390625 0.04765625 0.0875
0 0.63046875 0.24296875 0.14140625 0.04921875
0 0.40859375 0.78203125 0.04765625 0.08359375
0 0.62890625 0.2953125 0.13984375 0.04765625
0 0.85234375 0.3640625 0.08046875 0.109375
0 0.76640625 0.29453125 0.1453125 0.05234375
0 0.78671875 0.36484375 0.07265625 0.10546875
0 0.8 0.65703125 0.06796875 0.09765625
0 0.159375 0.4375 0.0453125 0.0828125
0 0.48671875 0.2890625 0.12734375 0.04609375
0 0.6390625 0.14609375 0.1453125 0.0546875
0 0.77265625 0.2421875 0.15078125 0.05078125
0 0.8171875 0.56640625 0.0703125 0.1
0 0.71484375 0.82578125 0.0640625 0.0953125
0 0.11328125 0.3515625 0.0453125 0.0828125
0 0.8671875 0.66484375 0.07890625 0.09921875
0 0.63515625 0.20078125 0.14375 0.05234375
0 0.9140625 0.36484375 0.0859375 0.1109375
0 0.73359375 0.73984375 0.065625 0.09140625
0 0.1078125 0.590625 0.04609375 0.0828125
0 0.77734375 0.19765625 0.1546875 0.053125
0 0.7078125 0.4609375 0.06484375 0.09921875
0 0.15078125 0.67109375 0.0453125 0.078125
0 0.14921875 0.7484375 0.04453125 0.078125
0 0.76953125 0.8328125 0.0828125 0.09609375
0 0.9359375 0.1359375 0.128125 0.059375
0 0.359375 0.2875 0.115625 0.04609375
0 0.24453125 0.3578125 0.04609375 0.0890625
0 0.48671875 0.24375 0.13125 0.04765625
0 0.11875 0.43515625 0.04375 0.08359375
0 0.1078125 0.74375 0.04453125 0.0765625
0 0.91484375 0.29453125 0.16171875 0.05546875
0 0.92734375 0.19296875 0.1453125 0.0578125
0 0.1078125 0.66796875 0.0453125 0.0796875
0 0.24609375 0.1609375 0.12109375 0.05234375
0 0.13515625 0.165625 0.1109375 0.04921875
0 0.3609375 0.24453125 0.11796875 0.04609375
0 0.76875 0.46796875 0.07109375 0.103125
0 0.91875 0.23984375 0.15546875 0.05703125
0 0.50078125 0.15078125 0.134375 0.05
0 0.36328125 0.1578125 0.12734375 0.053125
0 0.24453125 0.29296875 0.11484375 0.0453125
0 0.4921875 0.2015625 0.13125 0.05
0 0.14140625 0.2484375 0.103125 0.04453125
0 0.24609375 0.24609375 0.115625 0.046875
0 0.1390625 0.20859375 0.10546875 0.04375
0 0.140625 0.28984375 0.1046875 0.0421875
0 0.2453125 0.20390625 0.115625 0.04921875
0 0.36484375 0.2 0.12109375 0.04453125
0 0.82421875 0.83828125 0.0765625 0.09609375