0 0.45078125 0.7 0.1390625 0.175
0 0.45546875 0.88828125 0.140625 0.1875
0 0.58359375 0.52265625 0.13125 0.165625
0 0.4515625 0.34296875 0.1359375 0.1703125
0 0.57890625 0.34765625 0.13125 0.1671875
0 0.31328125 0.709375 0.1515625 0.1828125
0 0.4515625 0.15546875 0.140625 0.178125
0 0.453125 0.525 0.134375 0.175
0 0.315625 0.5234375 0.153125 0.178125
0 0.3109375 0.14609375 0.15 0.184375
0 0.31484375 0.903125 0.15 0.1921875
0 0.58046875 0.16640625 0.1328125 0.175
0 0.5828125 0.69765625 0.134375 0.16875
0 0.5890625 0.875 0.13125 0.18125
0 0.3125 0.334375 0.153125 0.178125