0 0.58828125 0.32109375 0.034375 0.0875
0 0.47265625 0.32265625 0.0390625 0.090625
0 0.43984375 0.32421875 0.0375 0.090625
0 0.50234375 0.32265625 0.0359375 0.090625
0 0.2375 0.32734375 0.046875 0.1
0 0.56015625 0.321875 0.0328125 0.0890625
0 0.13515625 0.6296875 0.046875 0.0984375
0 0.3109375 0.6109375 0.040625 0.090625
0 0.53203125 0.321875 0.0375 0.090625
0 0.23203125 0.52421875 0.04375 0.096875
0 0.5296875 0.5 0.0375 0.0875
0 0.409375 0.3234375 0.040625 0.09375
0 0.49140625 0.684375 0.0375 0.0875
0 0.45078125 0.41875 0.0375 0.090625
0 0.33671875 0.51484375 0.040625 0.0921875
0 0.353125 0.421875 0.04375 0.0921875
0 0.36171875 0.7 0.040625 0.09375
0 0.27890625 0.61484375 0.0390625 0.09375
0 0.7359375 0.40234375 0.03125 0.08125
0 0.31953125 0.4234375 0.04375 0.09375
0 0.33125 0.7046875 0.040625 0.0921875
0 0.30234375 0.51640625 0.040625 0.090625
0 0.671875 0.49140625 0.03125 0.084375
0 0.196875 0.52734375 0.046875 0.096875
0 0.21015625 0.62265625 0.04375 0.096875
0 0.503125 0.59296875 0.0359375 0.0875
0 0.6015625 0.41015625 0.034375 0.0859375
0 0.56328125 0.5875 0.0359375 0.084375
0 0.7109375 0.403125 0.028125 0.08125
0 0.628125 0.40625 0.034375 0.084375
0 0.70234375 0.48984375 0.0296875 0.084375
0 0.55859375 0.5 0.034375 0.0875
0 0.765625 0.4015625 0.0328125 0.0828125
0 0.6734375 0.5734375 0.03125 0.084375
0 0.41796875 0.41953125 0.040625 0.09375
0 0.25 0.42578125 0.046875 0.096875
0 0.19921875 0.328125 0.05 0.1
0 0.175 0.62421875 0.046875 0.0984375
0 0.09765625 0.6296875 0.053125 0.1
0 0.275 0.32734375 0.04375 0.1
0 0.24296875 0.61875 0.040625 0.0953125
0 0.534375 0.58671875 0.034375 0.084375
0 0.28359375 0.42578125 0.04375 0.09375
0 0.43046875 0.69296875 0.0375 0.0890625
0 0.78515625 0.5640625 0.034375 0.08125
0 0.4578125 0.6859375 0.0375 0.0875
0 0.3421875 0.32578125 0.040625 0.0953125
0 0.7265625 0.4875 0.028125 0.0828125
0 0.61875 0.31796875 0.034375 0.0890625
0 0.3453125 0.609375 0.0375 0.0921875
0 0.37265625 0.51171875 0.040625 0.090625
0 0.1875 0.721875 0.046875 0.096875
0 0.39609375 0.6921875 0.0390625 0.0890625
0 0.484375 0.415625 0.0375 0.090625
0 0.75078125 0.4859375 0.03125 0.08125
0 0.37734375 0.325 0.040625 0.09375
0 0.38125 0.60546875 0.040625 0.09375
0 0.153125 0.72578125 0.053125 0.0984375
0 0.4109375 0.6015625 0.0375 0.090625
0 0.5875 0.496875 0.0328125 0.0875
0 0.38671875 0.42109375 0.040625 0.09375
0 0.703125 0.571875 0.03125 0.084375
0 0.68359375 0.40390625 0.03125 0.084375
0 0.15859375 0.5296875 0.05 0.1
0 0.2921875 0.70703125 0.04375 0.090625
0 0.64609375 0.49296875 0.03125 0.0875
0 0.496875 0.503125 0.034375 0.090625
0 0.44453125 0.5984375 0.0390625 0.0890625
0 0.471875 0.5953125 0.0375 0.0875
0 0.309375 0.328125 0.0390625 0.096875
0 0.5515625 0.6734375 0.034375 0.0890625
0 0.578125 0.6703125 0.034375 0.0875
0 0.16484375 0.32890625 0.0515625 0.1
0 0.5203125 0.67890625 0.0359375 0.0890625
0 0.5125 0.41484375 0.034375 0.0890625
0 0.12734375 0.32890625 0.053125 0.103125
0 0.11953125 0.534375 0.053125 0.1
0 0.265625 0.52421875 0.0453125 0.0953125
0 0.6578125 0.40546875 0.0328125 0.084375
0 0.40234375 0.50859375 0.040625 0.09375
0 0.75703125 0.56484375 0.0328125 0.084375
0 0.728125 0.56875 0.0296875 0.0828125
0 0.56953125 0.4078125 0.0359375 0.0859375
0 0.58984375 0.5828125 0.034375 0.0859375
0 0.08046875 0.5328125 0.0578125 0.1015625
0 0.1125 0.72890625 0.05 0.1
0 0.215625 0.42734375 0.046875 0.0984375
0 0.7796875 0.48515625 0.0296875 0.08125
0 0.54375 0.41015625 0.034375 0.0890625
0 0.059375 0.4359375 0.053125 0.103125
0 0.22578125 0.7171875 0.04375 0.0953125
0 0.6625 0.66015625 0.03125 0.084375
0 0.646875 0.57578125 0.0328125 0.0828125
0 0.43515625 0.50625 0.04375 0.090625
0 0.5859375 0.75703125 0.0390625 0.0875
0 0.25546875 0.7140625 0.040625 0.1
0 0.08984375 0.33203125 0.046875 0.10625
0 0.67265625 0.3171875 0.0375 0.0875
0 0.13828125 0.43125 0.0484375 0.1
0 0.6171875 0.49453125 0.03125 0.0875
0 0.68828125 0.6578125 0.034375 0.0875
0 0.89453125 0.47109375 0.0265625 0.0796875
0 0.7875 0.4 0.03125 0.0828125
0 0.65 0.32109375 0.034375 0.0875
0 0.18125 0.428125 0.0484375 0.1
0 0.634375 0.66171875 0.03125 0.0859375
0 0.75546875 0.3203125 0.0296875 0.0875
0 0.0453125 0.32890625 0.0546875 0.10625
0 0.7046875 0.3203125 0.03125 0.0875
0 0.7796875 0.31953125 0.03125 0.0859375
0 0.8140625 0.39765625 0.03125 0.084375
0 0.60390625 0.66640625 0.034375 0.0875
0 0.52734375 0.76796875 0.0359375 0.0875
0 0.8140625 0.5609375 0.03125 0.0828125
0 0.5578125 0.7609375 0.0390625 0.084375
0 0.1015625 0.42890625 0.05625 0.103125
0 0.73046875 0.3171875 0.0328125 0.084375
0 0.8046875 0.3140625 0.028125 0.0859375
0 0.82890625 0.315625 0.025 0.0828125
0 0.8515625 0.31484375 0.028125 0.08125
0 0.87421875 0.3140625 0.028125 0.0828125
0 0.89765625 0.31484375 0.0234375 0.0796875
0 0.83671875 0.39609375 0.0265625 0.08125
0 0.8578125 0.3953125 0.0265625 0.078125
0 0.88203125 0.39453125 0.028125 0.078125
0 0.90625 0.39140625 0.025 0.078125
0 0.8046875 0.47890625 0.03125 0.08125
0 0.82734375 0.4765625 0.028125 0.08125
0 0.85 0.475 0.028125 0.08125
0 0.87109375 0.47265625 0.025 0.0796875
0 0.915625 0.4703125 0.025 0.078125
0 0.46484375 0.50390625 0.04375 0.0890625
0 0.83359375 0.55625 0.028125 0.08125
0 0.85546875 0.553125 0.03125 0.078125
0 0.87890625 0.5515625 0.0328125 0.078125
0 0.903125 0.54921875 0.028125 0.08125
0 0.92734375 0.546875 0.028125 0.078125
0 0.61875 0.57734375 0.034375 0.084375
0 0.71484375 0.65078125 0.0375 0.08125
0 0.74140625 0.64765625 0.03125 0.08125
0 0.7671875 0.64453125 0.034375 0.08125
0 0.7921875 0.64140625 0.0328125 0.0796875
0 0.81484375 0.63671875 0.034375 0.078125
0 0.83984375 0.634375 0.028125 0.078125
0 0.86328125 0.63125 0.03125 0.075
0 0.88828125 0.62890625 0.028125 0.0765625
0 0.909375 0.6265625 0.028125 0.08125
0 0.9328125 0.62265625 0.03125 0.075
0 0.128125 0.8296875 0.05625 0.1
0 0.16484375 0.821875 0.0578125 0.103125
0 0.2015625 0.81484375 0.059375 0.1
0 0.2375 0.81015625 0.05625 0.096875
0 0.27265625 0.8015625 0.05625 0.096875
0 0.30546875 0.79609375 0.053125 0.0953125
0 0.3375 0.79453125 0.053125 0.0984375
0 0.37265625 0.7890625 0.046875 0.096875
0 0.40625 0.7828125 0.046875 0.0921875
0 0.4375 0.775 0.046875 0.09375
0 0.46796875 0.77109375 0.04375 0.0953125
0 0.4984375 0.76484375 0.040625 0.0921875
0 0.61484375 0.7484375 0.0421875 0.090625
0 0.63984375 0.74375 0.0421875 0.0875
0 0.66875 0.73828125 0.0359375 0.0875
0 0.69609375 0.73359375 0.034375 0.0875
0 0.721875 0.73046875 0.0359375 0.084375
0 0.74765625 0.7265625 0.03125 0.0828125
0 0.77421875 0.72109375 0.0328125 0.08125
0 0.79765625 0.71796875 0.0375 0.0875
0 0.8234375 0.71328125 0.03125 0.0875
0 0.8453125 0.709375 0.028125 0.0875
0 0.865625 0.7046875 0.034375 0.0859375
0 0.89140625 0.703125 0.03125 0.0828125
0 0.9109375 0.6984375 0.0328125 0.0796875
0 0.93984375 0.69609375 0.028125 0.0828125
0 0.14296875 0.9234375 0.0625 0.1015625
0 0.18046875 0.9171875 0.053125 0.09375
0 0.21640625 0.909375 0.05 0.1
0 0.25078125 0.9015625 0.053125 0.103125
0 0.28671875 0.89375 0.05 0.0984375
0 0.32109375 0.88671875 0.05 0.096875
0 0.353125 0.8796875 0.0484375 0.09375
0 0.3859375 0.87265625 0.0484375 0.090625
0 0.41875 0.865625 0.046875 0.09375
0 0.45 0.8609375 0.040625 0.0875
0 0.48125 0.8546875 0.040625 0.09375
0 0.5109375 0.84765625 0.040625 0.09375
0 0.5390625 0.8421875 0.0421875 0.090625
0 0.56796875 0.8390625 0.040625 0.0890625
0 0.59453125 0.83203125 0.040625 0.0875
0 0.6203125 0.82890625 0.0375 0.090625
0 0.6484375 0.8234375 0.0375 0.0875
0 0.67734375 0.81640625 0.034375 0.084375
0 0.703125 0.809375 0.034375 0.0875
0 0.7296875 0.80625 0.0375 0.0859375
0 0.7546875 0.8015625 0.0328125 0.084375
0 0.7796875 0.79765625 0.0375 0.0828125
0 0.80625 0.7953125 0.0328125 0.08125
0 0.83046875 0.790625 0.03125 0.0796875
0 0.853125 0.78671875 0.034375 0.08125
0 0.87578125 0.7828125 0.028125 0.078125
0 0.89765625 0.77890625 0.03125 0.075
0 0.9234375 0.7765625 0.028125 0.0703125
0 0.94296875 0.771875 0.028125 0.071875