0 0.553125 0.4828125 0.034375 0.090625
0 0.515625 0.6609375 0.0328125 0.0890625
0 0.5171875 0.48359375 0.0359375 0.090625
0 0.75 0.48359375 0.0375 0.0953125
0 0.4328125 0.39375 0.0328125 0.0875
0 0.48046875 0.56875 0.0328125 0.0890625
0 0.3125 0.64609375 0.0296875 0.084375
0 0.75546875 0.38828125 0.0375 0.09375
0 0.67734375 0.66953125 0.0359375 0.09375
0 0.4828125 0.65859375 0.03125 0.0875
0 0.509375 0.57109375 0.034375 0.090625
0 0.578125 0.66796875 0.0328125 0.09375
0 0.54296875 0.57109375 0.0328125 0.090625
0 0.7890625 0.3875 0.0359375 0.09375
0 0.63671875 0.57421875 0.0359375 0.09375
0 0.60078125 0.57265625 0.034375 0.09375
0 0.44765625 0.56953125 0.03125 0.0890625
0 0.6828125 0.48359375 0.0375 0.0921875
0 0.453125 0.4828125 0.03125 0.0875
0 0.5828125 0.48359375 0.034375 0.0890625
0 0.54921875 0.66171875 0.034375 0.090625
0 0.71796875 0.48359375 0.0375 0.09375
0 0.5703125 0.5734375 0.034375 0.09375
0 0.8515625 0.5828125 0.0375 0.1
0 0.615625 0.48359375 0.034375 0.090625
0 0.67421875 0.5734375 0.0375 0.096875
0 0.88828125 0.6828125 0.0421875 0.103125
0 0.93046875 0.58203125 0.04375 0.1
0 0.48515625 0.4828125 0.034375 0.0875
0 0.74609375 0.5796875 0.0375 0.096875
0 0.71171875 0.575 0.0375 0.096875
0 0.396875 0.6546875 0.03125 0.0875
0 0.65078125 0.48359375 0.034375 0.090625
0 0.2828125 0.64765625 0.03125 0.084375
0 0.61171875 0.66640625 0.034375 0.0921875
0 0.71484375 0.67109375 0.0375 0.096875
0 0.37265625 0.3953125 0.03125 0.0875
0 0.4546875 0.65703125 0.03125 0.0875
0 0.503125 0.83671875 0.034375 0.0921875
0 0.33984375 0.65 0.03125 0.084375
0 0.6546875 0.390625 0.034375 0.0921875
0 0.39921875 0.39453125 0.03125 0.0875
0 0.4609375 0.39296875 0.0328125 0.0875
0 0.4234375 0.73828125 0.03125 0.084375
0 0.64453125 0.66875 0.0359375 0.09375
0 0.39140625 0.73671875 0.03125 0.084375
0 0.50859375 0.746875 0.0328125 0.0921875
0 0.9328125 0.48671875 0.04375 0.1
0 0.42734375 0.65625 0.03125 0.0875
0 0.9359375 0.38671875 0.04375 0.1
0 0.5375 0.840625 0.034375 0.09375
0 0.27890625 0.56171875 0.03125 0.08125
0 0.88984375 0.58046875 0.0390625 0.0984375
0 0.334375 0.73359375 0.03125 0.0859375
0 0.54140625 0.74921875 0.0328125 0.09375
0 0.425 0.48203125 0.03125 0.0875
0 0.78046875 0.57890625 0.0375 0.1
0 0.85859375 0.3875 0.040625 0.096875
0 0.471875 0.83125 0.034375 0.090625
0 0.71953125 0.38984375 0.0375 0.09375
0 0.4765625 0.7484375 0.03125 0.0890625
0 0.6203125 0.39140625 0.034375 0.090625
0 0.78671875 0.48359375 0.0375 0.096875
0 0.52421875 0.39140625 0.0328125 0.090625
0 0.3609375 0.73359375 0.0296875 0.0859375
0 0.3703125 0.64921875 0.03125 0.0859375
0 0.68515625 0.38984375 0.034375 0.0921875
0 0.33203125 0.56484375 0.0296875 0.084375
0 0.3953125 0.4796875 0.03125 0.0875
0 0.70546875 0.7671875 0.0375 0.1
0 0.49375 0.3921875 0.034375 0.0890625
0 0.6359375 0.7609375 0.0375 0.0953125
0 0.81796875 0.57734375 0.0375 0.0984375
0 0.74375 0.77109375 0.0375 0.1
0 0.3671875 0.48359375 0.03125 0.0859375
0 0.58671875 0.3921875 0.034375 0.090625
0 0.45078125 0.740625 0.03125 0.0875
0 0.825 0.38828125 0.0375 0.096875
0 0.55703125 0.39375 0.0328125 0.090625
0 0.89296875 0.48671875 0.040625 0.0984375
0 0.34296875 0.39453125 0.0296875 0.084375
0 0.634375 0.85234375 0.040625 0.096875
0 0.671875 0.7671875 0.0375 0.0984375
0 0.8953125 0.38671875 0.040625 0.096875
0 0.359375 0.56484375 0.03125 0.084375
0 0.57109375 0.75234375 0.034375 0.0921875
0 0.74609375 0.6734375 0.0375 0.096875
0 0.60078125 0.846875 0.0359375 0.096875
0 0.3078125 0.56328125 0.028125 0.084375
0 0.853125 0.6796875 0.0390625 0.1
0 0.31640625 0.3953125 0.03125 0.084375
0 0.60078125 0.76015625 0.034375 0.09375
0 0.928125 0.68203125 0.04375 0.10625
0 0.4203125 0.56640625 0.03125 0.0859375
0 0.3046875 0.7296875 0.03125 0.0859375
0 0.81875 0.484375 0.0375 0.096875
0 0.8171875 0.67578125 0.040625 0.1015625
0 0.78125 0.67578125 0.0375 0.0984375
0 0.2515625 0.72265625 0.028125 0.084375
0 0.70234375 0.3046875 0.1359375 0.0328125
0 0.859375 0.48515625 0.0375 0.0984375
0 0.2265625 0.56015625 0.028125 0.08125
0 0.44375 0.82734375 0.03125 0.090625
0 0.775 0.7734375 0.0375 0.103125
0 0.3859375 0.82109375 0.034375 0.0890625
0 0.3890625 0.5671875 0.0328125 0.0875
0 0.56640625 0.84453125 0.034375 0.09375
0 0.25 0.56171875 0.028125 0.084375
0 0.096875 0.5546875 0.05 0.078125
0 0.22890625 0.64140625 0.0296875 0.084375
0 0.25234375 0.646875 0.028125 0.0859375
0 0.56640625 0.19375 0.128125 0.0328125
0 0.4171875 0.8265625 0.034375 0.090625
0 0.203125 0.56015625 0.0265625 0.08125
0 0.3359375 0.48125 0.0296875 0.0859375
0 0.28828125 0.3953125 0.0296875 0.084375
0 0.2359375 0.396875 0.0296875 0.08125
0 0.8140625 0.778125 0.040625 0.10625
0 0.26484375 0.39609375 0.028125 0.0828125
0 0.44296875 0.315625 0.11875 0.028125
0 0.9375 0.18125 0.046875 0.10625
0 0.13203125 0.55703125 0.028125 0.08125
0 0.56953125 0.31015625 0.125 0.028125
0 0.12734375 0.22734375 0.1 0.0296875
0 0.20234375 0.6375 0.025 0.0828125
0 0.7375 0.86484375 0.0390625 0.1
0 0.178125 0.55703125 0.028125 0.08125
0 0.70390625 0.2546875 0.134375 0.0359375
0 0.3109375 0.48125 0.03125 0.0859375
0 0.159375 0.55625 0.034375 0.0796875
0 0.67109375 0.85625 0.040625 0.096875
0 0.13125 0.2890625 0.0984375 0.028125
0 0.2609375 0.478125 0.03125 0.084375
0 0.2234375 0.2203125 0.1046875 0.03125
0 0.1828125 0.47734375 0.025 0.08125
0 0.440625 0.29296875 0.115625 0.025
0 0.56953125 0.26171875 0.121875 0.034375
0 0.2828125 0.48125 0.03125 0.084375
0 0.30078125 0.809375 0.03125 0.084375
0 0.32890625 0.33984375 0.1125 0.028125
0 0.2078125 0.47734375 0.028125 0.0828125
0 0.10546875 0.63046875 0.028125 0.08125
0 0.70078125 0.86484375 0.0375 0.1015625
0 0.125 0.246875 0.0890625 0.0328125
0 0.1296875 0.26640625 0.0921875 0.0296875
0 0.1296875 0.30859375 0.0921875 0.0265625
0 0.12890625 0.32734375 0.0921875 0.025
0 0.12734375 0.35 0.0921875 0.0234375
0 0.22109375 0.23828125 0.1 0.03125
0 0.22421875 0.26015625 0.1 0.028125
0 0.2234375 0.28125 0.1 0.028125
0 0.22265625 0.30234375 0.1 0.028125
0 0.22265625 0.32265625 0.1015625 0.028125
0 0.22109375 0.34453125 0.1 0.0265625
0 0.325 0.20859375 0.103125 0.03125
0 0.325 0.2296875 0.10625 0.0296875
0 0.32734375 0.25 0.10625 0.03125
0 0.32734375 0.27421875 0.1109375 0.0296875
0 0.325 0.29609375 0.109375 0.03125
0 0.3265625 0.31875 0.1078125 0.0265625
0 0.44140625 0.20078125 0.1171875 0.034375
0 0.44140625 0.22421875 0.1171875 0.034375
0 0.44375 0.246875 0.115625 0.0296875
0 0.4453125 0.26875 0.115625 0.028125
0 0.44375 0.33671875 0.11875 0.0265625
0 0.565625 0.21640625 0.125 0.034375
0 0.56875 0.23828125 0.125 0.034375
0 0.56953125 0.2859375 0.1265625 0.03125
0 0.56640625 0.3328125 0.125 0.0296875
0 0.70390625 0.18125 0.13125 0.0375
0 0.6984375 0.20625 0.13125 0.034375
0 0.70390625 0.23046875 0.13125 0.03125
0 0.70234375 0.27890625 0.134375 0.034375
0 0.7015625 0.32890625 0.13125 0.0328125
0 0.84296875 0.1734375 0.146875 0.040625
0 0.84296875 0.19921875 0.146875 0.0421875
0 0.8453125 0.225 0.146875 0.0375
0 0.84453125 0.2484375 0.14375 0.0359375
0 0.840625 0.2734375 0.14375 0.0328125
0 0.840625 0.3015625 0.14375 0.028125
0 0.840625 0.32421875 0.1453125 0.03125
0 0.93828125 0.28515625 0.04375 0.1
0 0.771875 0.86796875 0.0375 0.1
0 0.8078125 0.871875 0.0375 0.103125
0 0.8453125 0.87578125 0.0375 0.10625
0 0.88359375 0.87890625 0.040625 0.103125
0 0.921875 0.88359375 0.0390625 0.10625
0 0.84765625 0.7765625 0.0390625 0.1015625
0 0.884375 0.77890625 0.040625 0.1046875
0 0.92265625 0.78046875 0.040625 0.103125
0 0.09140625 0.396875 0.0265625 0.078125
0 0.1140625 0.396875 0.0265625 0.078125
0 0.1375 0.396875 0.028125 0.08125
0 0.1609375 0.396875 0.025 0.0796875
0 0.184375 0.39765625 0.028125 0.0828125
0 0.209375 0.39609375 0.0265625 0.08125
0 0.08828125 0.475 0.0265625 0.0765625
0 0.1109375 0.47578125 0.0234375 0.078125
0 0.1328125 0.47578125 0.0265625 0.08125
0 0.15703125 0.47578125 0.025 0.0796875
0 0.2328125 0.47734375 0.0234375 0.08125
0 0.078125 0.62890625 0.028125 0.078125
0 0.1296875 0.63203125 0.025 0.078125
0 0.153125 0.634375 0.0265625 0.078125
0 0.1765625 0.6359375 0.025 0.0796875
0 0.07890625 0.70625 0.028125 0.075
0 0.1046875 0.70703125 0.025 0.078125
0 0.12890625 0.70859375 0.021875 0.075
0 0.1515625 0.71015625 0.0234375 0.075
0 0.175 0.7140625 0.025 0.08125
0 0.2 0.71640625 0.025 0.08125
0 0.225 0.7203125 0.0265625 0.0796875
0 0.27890625 0.725 0.0296875 0.08125
0 0.07890625 0.7828125 0.0296875 0.08125
0 0.10390625 0.784375 0.0265625 0.078125
0 0.12890625 0.78515625 0.025 0.08125
0 0.15078125 0.78984375 0.0234375 0.078125
0 0.17421875 0.79296875 0.0265625 0.078125
0 0.19921875 0.7953125 0.028125 0.08125
0 0.22421875 0.8 0.0296875 0.084375
0 0.25078125 0.80234375 0.025 0.0828125
0 0.2765625 0.80625 0.025 0.084375
0 0.328125 0.8140625 0.0265625 0.0875
0 0.3578125 0.8171875 0.0296875 0.0875