0 0.80234375 0.21640625 0.32578125 0.0328125
0 0.8953125 0.775 0.03046875 0.225
0 0.80703125 0.23828125 0.334375 0.028125
0 0.9234375 0.7734375 0.03125 0.225
0 0.825 0.54140625 0.034375 0.23828125
0 0.81015625 0.25546875 0.32421875 0.02421875
0 0.84765625 0.54140625 0.0328125 0.23671875
0 0.8015625 0.5421875 0.03203125 0.2390625
0 0.875 0.5421875 0.034375 0.23828125
0 0.7765625 0.54296875 0.0359375 0.240625
0 0.2828125 0.553125 0.0484375 0.2421875
0 0.18125 0.55390625 0.040625 0.23671875
0 0.33671875 0.5515625 0.03984375 0.23515625
0 0.46328125 0.221875 0.33359375 0.03125
0 0.23046875 0.55703125 0.03203125 0.234375
0 0.4640625 0.240625 0.3265625 0.03046875
0 0.47890625 0.3125 0.3234375 0.0296875
0 0.20859375 0.55703125 0.03203125 0.23359375
0 0.57109375 0.784375 0.034375 0.24453125
0 0.846875 0.77421875 0.03125 0.23125
0 0.6796875 0.784375 0.03203125 0.24140625
0 0.8125 0.34140625 0.334375 0.03515625
0 0.253125 0.55625 0.03203125 0.2359375
0 0.14453125 0.7828125 0.040625 0.225
0 0.7234375 0.54140625 0.03515625 0.23828125
0 0.8984375 0.54453125 0.03359375 0.23515625
0 0.80390625 0.7765625 0.03515625 0.23515625
0 0.478125 0.3328125 0.3234375 0.03046875
0 0.4734375 0.35078125 0.33046875 0.03046875
0 0.8078125 0.29453125 0.33125 0.03125
0 0.47421875 0.3703125 0.3265625 0.0296875
0 0.2078125 0.3140625 0.03984375 0.25078125
0 0.5984375 0.784375 0.0328125 0.2421875
0 0.4625 0.203125 0.3421875 0.03359375
0 0.8734375 0.775 0.03046875 0.228125
0 0.8109375 0.359375 0.32890625 0.03515625
0 0.1171875 0.55546875 0.03671875 0.228125
0 0.82578125 0.77578125 0.03125 0.234375
0 0.946875 0.77265625 0.03046875 0.22578125
0 0.925 0.5453125 0.034375 0.2390625
0 0.8015625 0.2875 0.31875 0.03203125
0 0.775 0.778125 0.03203125 0.23515625
0 0.653125 0.784375 0.03125 0.240625
0 0.7046875 0.54140625 0.03984375 0.2390625
0 0.1828125 0.31640625 0.03515625 0.2515625
0 0.14453125 0.55546875 0.0359375 0.23046875
0 0.75390625 0.77890625 0.03046875 0.2375
0 0.73046875 0.78046875 0.03359375 0.23671875
0 0.815625 0.37578125 0.334375 0.034375
0 0.25546875 0.31015625 0.03828125 0.25390625
0 0.23203125 0.3125 0.03828125 0.24921875
0 0.0984375 0.784375 0.0453125 0.23359375
0 0.97421875 0.77421875 0.034375 0.22890625
0 0.75234375 0.5421875 0.03515625 0.2421875
0 0.9484375 0.540625 0.0328125 0.24453125
0 0.2796875 0.78828125 0.0453125 0.23671875
0 0.55078125 0.784375 0.03515625 0.2453125
0 0.31328125 0.5546875 0.0390625 0.23828125
0 0.23046875 0.7859375 0.0375 0.2328125
0 0.521875 0.78828125 0.03515625 0.24296875
0 0.484375 0.3875 0.32578125 0.03359375
0 0.1046875 0.325 0.0359375 0.234375
0 0.078125 0.32265625 0.03671875 0.2390625
0 0.12578125 0.32578125 0.03515625 0.2375
0 0.15 0.3234375 0.04140625 0.2359375
0 0.28515625 0.31328125 0.04453125 0.24140625
0 0.46953125 0.2578125 0.32890625 0.02734375
0 0.4671875 0.275 0.328125 0.0296875
0 0.47578125 0.29296875 0.3171875 0.02890625
0 0.48359375 0.403125 0.31953125 0.02890625
0 0.4859375 0.42265625 0.3203125 0.0265625
0 0.81171875 0.1984375 0.32734375 0.02421875
0 0.7921875 0.27421875 0.31484375 0.0234375
0 0.80625 0.3046875 0.32890625 0.0296875
0 0.80703125 0.32265625 0.32578125 0.0296875
0 0.8140625 0.396875 0.31875 0.03046875
0 0.8109375 0.41328125 0.321875 0.02734375
0 0.9734375 0.53828125 0.03203125 0.24140625
0 0.6765625 0.54296875 0.03359375 0.2390625
0 0.65234375 0.54453125 0.034375 0.24296875
0 0.6265625 0.54375 0.02890625 0.24140625
0 0.60390625 0.54453125 0.03359375 0.240625
0 0.5765625 0.5453125 0.0328125 0.2375
0 0.55 0.54765625 0.03203125 0.23984375
0 0.52578125 0.54921875 0.0296875 0.2390625
0 0.484375 0.55 0.0328125 0.24140625
0 0.45625 0.55 0.03828125 0.23828125
0 0.428125 0.553125 0.0453125 0.23515625
0 0.40390625 0.5546875 0.05078125 0.23828125
0 0.378125 0.55234375 0.04921875 0.23984375
0 0.359375 0.5546875 0.05 0.2359375
0 0.33359375 0.5546875 0.04375 0.23359375
0 0.09375 0.553125 0.0359375 0.22734375
0 0.159375 0.55546875 0.03046875 0.22734375
0 0.12265625 0.7828125 0.04140625 0.228125
0 0.16796875 0.78671875 0.04375 0.22734375
0 0.1859375 0.78515625 0.04375 0.23046875
0 0.20703125 0.7875 0.04140625 0.23203125
0 0.25546875 0.78828125 0.04375 0.23203125
0 0.3015625 0.78984375 0.0484375 0.2328125
0 0.3265625 0.7890625 0.0453125 0.23515625
0 0.353125 0.78515625 0.0453125 0.22890625
0 0.375 0.78671875 0.04140625 0.23046875
0 0.3984375 0.7890625 0.04609375 0.2359375
0 0.41875 0.7890625 0.04921875 0.234375
0 0.44921875 0.7890625 0.04140625 0.2390625
0 0.47109375 0.7890625 0.04296875 0.23984375
0 0.49375 0.7875 0.04375 0.24140625
0 0.621875 0.78515625 0.03984375 0.24296875
0 0.703125 0.78203125 0.02734375 0.24296875