0 0.253125 0.44453125 0.046875 0.0875
0 0.21796875 0.4453125 0.0484375 0.0875
0 0.35234375 0.521875 0.0375 0.078125
0 0.565625 0.3453125 0.03125 0.090625
0 0.596875 0.34453125 0.0328125 0.090625
0 0.37890625 0.43984375 0.0359375 0.084375
0 0.28671875 0.4421875 0.040625 0.0875
0 0.18125 0.446875 0.0484375 0.0859375
0 0.44609375 0.34765625 0.0375 0.0890625
0 0.41171875 0.51796875 0.0359375 0.0796875
0 0.32578125 0.5234375 0.0375 0.078125
0 0.415625 0.3484375 0.0375 0.090625
0 0.62578125 0.34453125 0.0296875 0.090625
0 0.43984375 0.51953125 0.034375 0.078125
0 0.5375 0.3453125 0.03125 0.090625
0 0.32578125 0.3546875 0.040625 0.090625
0 0.3734375 0.6703125 0.0375 0.06875
0 0.47578125 0.34765625 0.034375 0.090625
0 0.30625 0.60546875 0.040625 0.075
0 0.35546875 0.3515625 0.040625 0.0921875
0 0.228125 0.353125 0.046875 0.0921875
0 0.315625 0.44140625 0.0375 0.0859375
0 0.525 0.5890625 0.028125 0.071875
0 0.54765625 0.5109375 0.03125 0.0765625
0 0.3609375 0.60078125 0.0375 0.075
0 0.265625 0.5296875 0.0421875 0.08125
0 0.50625 0.346875 0.034375 0.0890625
0 0.1375 0.53671875 0.0515625 0.084375
0 0.346875 0.440625 0.0359375 0.084375
0 0.3859375 0.3484375 0.040625 0.0921875
0 0.3359375 0.60234375 0.0390625 0.075
0 0.653125 0.34453125 0.034375 0.090625
0 0.29453125 0.52734375 0.040625 0.08125
0 0.5015625 0.590625 0.028125 0.071875
0 0.70546875 0.25078125 0.034375 0.096875
0 0.27734375 0.6078125 0.0375 0.078125
0 0.29296875 0.3515625 0.0453125 0.0921875
0 0.2625 0.35546875 0.0453125 0.09375
0 0.3984375 0.66875 0.0359375 0.06875
0 0.65546875 0.58046875 0.028125 0.0703125
0 0.1515625 0.4484375 0.05 0.0890625
0 0.5765625 0.58359375 0.0296875 0.0734375
0 0.57265625 0.51015625 0.028125 0.078125
0 0.11796875 0.45078125 0.0546875 0.090625
0 0.44765625 0.59453125 0.03125 0.071875
0 0.6 0.50859375 0.028125 0.078125
0 0.4734375 0.5921875 0.03125 0.071875
0 0.33828125 0.2546875 0.0484375 0.103125
0 0.37265625 0.25625 0.04375 0.0984375
0 0.465625 0.51796875 0.03125 0.078125
0 0.16484375 0.3578125 0.053125 0.09375
0 0.4078125 0.43828125 0.0375 0.0828125
0 0.55234375 0.58671875 0.028125 0.071875
0 0.70546875 0.5046875 0.03125 0.075
0 0.42734375 0.665625 0.0375 0.06875
0 0.6046875 0.58203125 0.028125 0.071875
0 0.52421875 0.25390625 0.034375 0.096875
0 0.67578125 0.5046875 0.03125 0.075
0 0.6796875 0.57890625 0.028125 0.0703125
0 0.57421875 0.43046875 0.0296875 0.084375
0 0.62421875 0.5078125 0.0296875 0.078125
0 0.546875 0.43203125 0.03125 0.084375
0 0.1859375 0.6125 0.04375 0.078125
0 0.628125 0.58203125 0.025 0.071875
0 0.6796875 0.34375 0.028125 0.0875
0 0.49375 0.5140625 0.03125 0.0765625
0 0.38359375 0.5203125 0.0375 0.0796875
0 0.43671875 0.73046875 0.03125 0.0625
0 0.6515625 0.50625 0.028125 0.0765625
0 0.23203125 0.528125 0.04375 0.08125
0 0.7640625 0.24921875 0.034375 0.096875
0 0.73671875 0.25078125 0.034375 0.09375
0 0.45390625 0.66484375 0.034375 0.06875
0 0.603125 0.43203125 0.0296875 0.0828125
0 0.4640625 0.25546875 0.0375 0.1
0 0.40625 0.73515625 0.034375 0.0640625
0 0.4609375 0.7296875 0.0296875 0.0640625
0 0.2734375 0.25625 0.05625 0.103125
0 0.39140625 0.5984375 0.0359375 0.075
0 0.12734375 0.35546875 0.0546875 0.09375
0 0.196875 0.3546875 0.0484375 0.09375
0 0.20234375 0.53359375 0.046875 0.084375
0 0.42265625 0.59609375 0.0328125 0.075
0 0.70546875 0.34296875 0.03125 0.0875
0 0.43828125 0.4375 0.034375 0.084375
0 0.3046875 0.2546875 0.05 0.103125
0 0.55546875 0.25390625 0.034375 0.0984375
0 0.496875 0.2546875 0.034375 0.096875
0 0.51875 0.51171875 0.03125 0.078125
0 0.43359375 0.25546875 0.040625 0.0984375
0 0.1578125 0.61484375 0.053125 0.0765625
0 0.2390625 0.25546875 0.053125 0.10625
0 0.3796875 0.7359375 0.034375 0.065625
0 0.121875 0.61484375 0.05 0.078125
0 0.40234375 0.25625 0.040625 0.1
0 0.478125 0.66328125 0.034375 0.06875
0 0.34296875 0.671875 0.0375 0.06875
0 0.4640625 0.43671875 0.034375 0.084375
0 0.62890625 0.4296875 0.028125 0.08125
0 0.5828125 0.2546875 0.03125 0.0921875
0 0.32578125 0.73984375 0.0328125 0.0671875
0 0.73515625 0.34140625 0.028125 0.0875
0 0.1078125 0.53671875 0.0546875 0.084375
0 0.26171875 0.68359375 0.040625 0.071875
0 0.5203125 0.4328125 0.03125 0.084375
0 0.2046875 0.25546875 0.0625 0.10625
0 0.24609375 0.6078125 0.0390625 0.078125
0 0.61328125 0.25078125 0.03125 0.096875
0 0.65546875 0.4265625 0.028125 0.08125
0 0.82265625 0.2515625 0.040625 0.09375
0 0.7296875 0.5015625 0.028125 0.075
0 0.17109375 0.2546875 0.059375 0.1078125
0 0.08359375 0.45 0.05625 0.090625
0 0.6828125 0.425 0.0296875 0.08125
0 0.70703125 0.5765625 0.028125 0.071875
0 0.23203125 0.68359375 0.0453125 0.071875
0 0.72890625 0.5734375 0.03125 0.071875
0 0.64453125 0.25 0.03125 0.1
0 0.50625 0.65859375 0.034375 0.0671875
0 0.784375 0.42109375 0.0296875 0.0796875
0 0.7078125 0.42421875 0.03125 0.08125
0 0.603125 0.6515625 0.025 0.0640625
0 0.31484375 0.67578125 0.0359375 0.06875
0 0.58046875 0.6515625 0.025 0.065625
0 0.28984375 0.68125 0.0375 0.0703125
0 0.8484375 0.2515625 0.03125 0.09375
0 0.21796875 0.609375 0.0421875 0.078125
0 0.6703125 0.25 0.034375 0.0984375
0 0.09453125 0.35859375 0.05625 0.096875
0 0.73515625 0.4234375 0.0296875 0.08125
0 0.80703125 0.42109375 0.028125 0.0765625
0 0.1703125 0.53515625 0.0453125 0.084375
0 0.48671875 0.7265625 0.03125 0.0671875
0 0.7625 0.34140625 0.0296875 0.0875
0 0.67578125 0.64453125 0.0265625 0.065625
0 0.55625 0.6546875 0.0296875 0.06875
0 0.05625 0.35859375 0.0625 0.1
0 0.85234375 0.49453125 0.03125 0.071875
0 0.0328125 0.25703125 0.0609375 0.109375
0 0.06640625 0.25546875 0.0625 0.1046875
0 0.10234375 0.25546875 0.0609375 0.1046875
0 0.13828125 0.2546875 0.0609375 0.1046875
0 0.875 0.25078125 0.0328125 0.0875
0 0.89765625 0.25234375 0.034375 0.090625
0 0.7859375 0.340625 0.028125 0.084375
0 0.81171875 0.3390625 0.03125 0.0859375
0 0.8375 0.33828125 0.034375 0.084375
0 0.8640625 0.33828125 0.03125 0.084375
0 0.88828125 0.33671875 0.034375 0.0828125
0 0.88125 0.41640625 0.034375 0.078125
0 0.85703125 0.41796875 0.034375 0.0796875
0 0.83359375 0.41875 0.0328125 0.078125
0 0.75859375 0.421875 0.03125 0.08125
0 0.49296875 0.4328125 0.0375 0.084375
0 0.7921875 0.24921875 0.03125 0.090625
0 0.75390625 0.49921875 0.03125 0.075
0 0.78046875 0.4984375 0.03125 0.075
0 0.8015625 0.496875 0.0296875 0.075
0 0.82578125 0.49453125 0.03125 0.078125
0 0.8734375 0.4921875 0.034375 0.075
0 0.753125 0.57109375 0.0328125 0.06875
0 0.77734375 0.56953125 0.03125 0.0703125
0 0.79921875 0.56875 0.025 0.071875
0 0.82265625 0.5671875 0.028125 0.071875
0 0.84453125 0.565625 0.0296875 0.0703125
0 0.86953125 0.5625 0.03125 0.06875
0 0.8640625 0.62890625 0.0296875 0.0625
0 0.840625 0.63125 0.0328125 0.065625
0 0.81875 0.63359375 0.03125 0.065625
0 0.79453125 0.63515625 0.03125 0.0671875
0 0.77109375 0.63671875 0.028125 0.0671875
0 0.74921875 0.63984375 0.03125 0.0671875
0 0.725 0.63984375 0.028125 0.06875
0 0.70078125 0.6421875 0.025 0.065625
0 0.6515625 0.6453125 0.025 0.06875
0 0.62734375 0.64765625 0.0234375 0.06875
0 0.52890625 0.65703125 0.0296875 0.06875
0 0.2 0.6859375 0.046875 0.06875
0 0.1703125 0.6875 0.0484375 0.0703125
0 0.140625 0.690625 0.0484375 0.071875
0 0.15625 0.759375 0.05 0.06875
0 0.1859375 0.75625 0.05 0.06875
0 0.2140625 0.75390625 0.0453125 0.0671875
0 0.2421875 0.75234375 0.04375 0.06875
0 0.2703125 0.74765625 0.04375 0.065625
0 0.29765625 0.74453125 0.040625 0.065625
0 0.35 0.7390625 0.0375 0.065625
0 0.5109375 0.72265625 0.03125 0.0625
0 0.5359375 0.72109375 0.0296875 0.0640625
0 0.56015625 0.71796875 0.028125 0.0640625
0 0.584375 0.715625 0.0265625 0.065625
0 0.609375 0.71328125 0.0265625 0.0640625
0 0.6328125 0.71171875 0.028125 0.065625
0 0.6546875 0.71015625 0.025 0.065625
0 0.67734375 0.7078125 0.025 0.0625
0 0.70078125 0.70625 0.021875 0.0625
0 0.72421875 0.70390625 0.025 0.059375
0 0.74765625 0.7015625 0.025 0.0640625
0 0.7703125 0.7 0.0234375 0.0609375
0 0.790625 0.69765625 0.0234375 0.059375
0 0.81171875 0.6953125 0.021875 0.059375
0 0.834375 0.6921875 0.025 0.0625
0 0.85625 0.690625 0.028125 0.059375