0 0.55625 0.73125 0.0890625 0.04375
0 0.3703125 0.7203125 0.1 0.0375
0 0.36796875 0.68515625 0.1 0.0375
0 0.55546875 0.6984375 0.0890625 0.040625
0 0.37109375 0.75546875 0.1 0.040625
0 0.46328125 0.71953125 0.090625 0.0390625
0 0.4625 0.61953125 0.090625 0.034375
0 0.27578125 0.45625 0.1 0.034375
0 0.36796875 0.65078125 0.0984375 0.0375
0 0.5515625 0.60234375 0.0859375 0.0328125
0 0.56015625 0.803125 0.090625 0.04375
0 0.26875 0.66171875 0.103125 0.0375
0 0.27265625 0.4875 0.1 0.034375
0 0.2671875 0.69765625 0.10625 0.0375
0 0.55234375 0.56953125 0.084375 0.0328125
0 0.459375 0.41015625 0.0875 0.03125
0 0.5609375 0.83828125 0.090625 0.046875
0 0.3703125 0.58515625 0.096875 0.034375
0 0.2703125 0.55625 0.103125 0.034375
0 0.46328125 0.6875 0.090625 0.0359375
0 0.553125 0.63515625 0.0875 0.0359375
0 0.2734375 0.525 0.1015625 0.034375
0 0.2640625 0.84375 0.1125 0.0421875
0 0.2671875 0.58984375 0.10625 0.0359375
0 0.2796875 0.33203125 0.096875 0.03125
0 0.5578125 0.7671875 0.0890625 0.040625
0 0.36796875 0.5515625 0.0953125 0.034375
0 0.64609375 0.76015625 0.0859375 0.0375
0 0.26328125 0.73515625 0.10625 0.0390625
0 0.46484375 0.78515625 0.09375 0.0390625
0 0.275 0.396875 0.0984375 0.0328125
0 0.4640625 0.65390625 0.090625 0.034375
0 0.46328125 0.5875 0.090625 0.03125
0 0.3703125 0.61796875 0.096875 0.034375
0 0.63828125 0.60078125 0.0828125 0.03125
0 0.5546875 0.66484375 0.0875 0.0375
0 0.265625 0.76953125 0.1078125 0.040625
0 0.26484375 0.80859375 0.1109375 0.0421875
0 0.4609375 0.37890625 0.0859375 0.03125
0 0.64765625 0.82734375 0.0875 0.0453125
0 0.278125 0.3640625 0.096875 0.0328125
0 0.72109375 0.665625 0.078125 0.0375
0 0.36875 0.5203125 0.09375 0.034375
0 0.7140625 0.571875 0.078125 0.0328125
0 0.46484375 0.75390625 0.09375 0.0375
0 0.465625 0.821875 0.09375 0.040625
0 0.71796875 0.6359375 0.0796875 0.0359375
0 0.4609375 0.43828125 0.0875 0.03125
0 0.64140625 0.66171875 0.0828125 0.034375
0 0.27734375 0.42578125 0.1 0.03125
0 0.7171875 0.60546875 0.078125 0.034375
0 0.72890625 0.759375 0.0828125 0.0375
0 0.63046875 0.48515625 0.0796875 0.03125
0 0.4625 0.321875 0.084375 0.03125
0 0.46171875 0.46640625 0.0875 0.034375
0 0.46015625 0.34765625 0.0859375 0.03125
0 0.63203125 0.54140625 0.08125 0.03125
0 0.72265625 0.696875 0.078125 0.0375
0 0.62890625 0.4546875 0.08125 0.0296875
0 0.62734375 0.42890625 0.0796875 0.028125
0 0.55078125 0.54296875 0.084375 0.03125
0 0.546875 0.4265625 0.084375 0.03125
0 0.6359375 0.63359375 0.08125 0.0328125
0 0.55 0.51015625 0.084375 0.03125
0 0.79296875 0.62578125 0.075 0.034375
0 0.62578125 0.3984375 0.078125 0.0296875
0 0.634375 0.56953125 0.08125 0.034375
0 0.64375 0.72578125 0.084375 0.0375
0 0.265625 0.62890625 0.10625 0.0375
0 0.3703125 0.3625 0.0890625 0.03125
0 0.56171875 0.878125 0.090625 0.05
0 0.371875 0.4859375 0.09375 0.03125
0 0.79609375 0.65546875 0.0765625 0.0359375
0 0.371875 0.453125 0.09375 0.0328125
0 0.3703125 0.7921875 0.1 0.040625
0 0.28125 0.29921875 0.09375 0.0328125
0 0.64765625 0.7921875 0.0859375 0.040625
0 0.63203125 0.51171875 0.08125 0.03125
0 0.5484375 0.45390625 0.084375 0.0296875
0 0.64375 0.69140625 0.084375 0.034375
0 0.36953125 0.8296875 0.103125 0.04375
0 0.54921875 0.4828125 0.084375 0.03125
0 0.734375 0.82578125 0.0859375 0.04375
0 0.4625 0.2921875 0.084375 0.03125
0 0.7984375 0.6890625 0.0765625 0.0359375
0 0.459375 0.265625 0.084375 0.034375
0 0.365625 0.9015625 0.10625 0.0515625
0 0.54765625 0.39609375 0.084375 0.03125
0 0.37421875 0.334375 0.090625 0.03125
0 0.46640625 0.8578125 0.096875 0.04375
0 0.715625 0.54453125 0.0828125 0.0328125
0 0.625 0.37265625 0.078125 0.03125
0 0.8015625 0.71875 0.078125 0.0390625
0 0.4625 0.5578125 0.0890625 0.034375
0 0.73203125 0.790625 0.084375 0.0375
0 0.37578125 0.27890625 0.0875 0.0296875
0 0.709375 0.4875 0.075 0.03125
0 0.72421875 0.725 0.0796875 0.0375
0 0.46640625 0.89296875 0.096875 0.0453125
0 0.79140625 0.5984375 0.0734375 0.03125
0 0.625 0.34453125 0.075 0.03125
0 0.653125 0.8671875 0.0875 0.0484375
0 0.28515625 0.2171875 0.09375 0.0359375
0 0.37578125 0.253125 0.0875 0.03125
0 0.371875 0.30390625 0.0890625 0.03125
0 0.81796875 0.8421875 0.084375 0.046875
0 0.4609375 0.4984375 0.0875 0.0296875
0 0.36640625 0.86484375 0.103125 0.0453125
0 0.54453125 0.2640625 0.08125 0.03125
0 0.459375 0.2109375 0.084375 0.0328125
0 0.546875 0.315625 0.084375 0.03125
0 0.54765625 0.34140625 0.084375 0.0296875
0 0.70859375 0.5171875 0.078125 0.03125
0 0.5453125 0.2875 0.08125 0.03125
0 0.70703125 0.4578125 0.078125 0.03125
0 0.81015625 0.75 0.078125 0.040625
0 0.3765625 0.2234375 0.0875 0.03125
0 0.54375 0.234375 0.08125 0.03125
0 0.7375 0.8609375 0.084375 0.04375
0 0.28515625 0.18515625 0.09375 0.034375
0 0.7 0.3515625 0.078125 0.0328125
0 0.45859375 0.2375 0.084375 0.0296875
0 0.2828125 0.24375 0.0953125 0.034375
0 0.5453125 0.3671875 0.084375 0.0296875
0 0.46171875 0.5296875 0.0890625 0.0328125
0 0.815625 0.8140625 0.08125 0.0421875
0 0.70390625 0.43125 0.075 0.028125
0 0.61953125 0.31953125 0.078125 0.03125
0 0.3703125 0.3984375 0.090625 0.03125
0 0.28125 0.2734375 0.096875 0.0328125
0 0.26171875 0.884375 0.115625 0.0484375
0 0.37578125 0.19609375 0.0875 0.03125
0 0.3765625 0.1734375 0.0859375 0.03125
0 0.70078125 0.378125 0.075 0.028125
0 0.703125 0.40390625 0.075 0.03125
0 0.37265625 0.42421875 0.0921875 0.03125
0 0.54375 0.21015625 0.084375 0.0296875
0 0.69765625 0.3265625 0.075 0.03125
0 0.69765625 0.2984375 0.071875 0.03125
0 0.61875 0.29453125 0.078125 0.03125
0 0.69296875 0.275 0.0703125 0.03125
0 0.6203125 0.2671875 0.078125 0.028125
0 0.26171875 0.921875 0.115625 0.0578125
0 0.78984375 0.56796875 0.0765625 0.03125
0 0.6890625 0.19765625 0.071875 0.034375
0 0.69140625 0.2484375 0.071875 0.034375
0 0.6921875 0.2234375 0.071875 0.0359375
0 0.2859375 0.16171875 0.090625 0.0359375
0 0.2859375 0.13671875 0.090625 0.0375
0 0.2875 0.11015625 0.0875 0.0421875
0 0.2890625 0.0859375 0.090625 0.040625
0 0.2890625 0.06015625 0.090625 0.034375
0 0.290625 0.0375 0.0890625 0.040625
0 0.375 0.1484375 0.084375 0.034375
0 0.37421875 0.121875 0.0828125 0.034375
0 0.37578125 0.096875 0.08125 0.0359375
0 0.37578125 0.07265625 0.0828125 0.0359375
0 0.37734375 0.05 0.084375 0.0359375
0 0.45859375 0.18359375 0.0828125 0.0359375
0 0.45859375 0.15859375 0.08125 0.0375
0 0.4578125 0.13203125 0.0796875 0.0328125
0 0.45703125 0.109375 0.0828125 0.0375
0 0.45859375 0.084375 0.078125 0.040625
0 0.45703125 0.0609375 0.078125 0.040625
0 0.53984375 0.184375 0.0796875 0.03125
0 0.53828125 0.159375 0.078125 0.034375
0 0.53828125 0.1359375 0.0796875 0.034375
0 0.53671875 0.11171875 0.0796875 0.03125
0 0.5359375 0.08984375 0.08125 0.034375
0 0.53515625 0.065625 0.078125 0.03125
0 0.61796875 0.215625 0.078125 0.034375
0 0.61640625 0.18984375 0.075 0.0359375
0 0.615625 0.1671875 0.0765625 0.03125
0 0.61328125 0.14140625 0.078125 0.03125
0 0.61328125 0.1203125 0.078125 0.03125
0 0.6125 0.09453125 0.078125 0.040625
0 0.6109375 0.06953125 0.078125 0.0375
0 0.68828125 0.17265625 0.071875 0.03125
0 0.6859375 0.14765625 0.071875 0.034375
0 0.6859375 0.1234375 0.071875 0.0359375
0 0.6859375 0.1015625 0.071875 0.034375
0 0.68359375 0.0796875 0.0703125 0.034375
0 0.81015625 0.78125 0.078125 0.0421875
0 0.7859375 0.5421875 0.078125 0.034375
0 0.77734375 0.45703125 0.071875 0.0328125
0 0.7796875 0.48515625 0.071875 0.03125
0 0.7828125 0.51328125 0.071875 0.0265625
0 0.77578125 0.43046875 0.0734375 0.028125
0 0.775 0.40390625 0.075 0.028125
0 0.771875 0.37734375 0.078125 0.028125
0 0.7703125 0.353125 0.075 0.025
0 0.76796875 0.32734375 0.075 0.028125
0 0.76640625 0.303125 0.0734375 0.03125
0 0.7640625 0.27734375 0.071875 0.03125
0 0.76171875 0.25390625 0.0703125 0.03125
0 0.76171875 0.22734375 0.071875 0.03125
0 0.759375 0.20234375 0.071875 0.028125
0 0.75703125 0.1765625 0.0703125 0.028125
0 0.75546875 0.1578125 0.06875 0.03125
0 0.75390625 0.13515625 0.0640625 0.03125
0 0.75234375 0.1125 0.06875 0.03125
0 0.75078125 0.08828125 0.06875 0.0390625
0 0.6171875 0.240625 0.0765625 0.034375