0 0.4453125 0.61171875 0.0875 0.053125
0 0.54453125 0.4484375 0.090625 0.05
0 0.55 0.34921875 0.0875 0.05
0 0.54609375 0.39921875 0.0875 0.05
0 0.47734375 0.17109375 0.08125 0.05
0 0.553125 0.3015625 0.0859375 0.0484375
0 0.35 0.7125 0.0875 0.05625
0 0.21953125 0.39140625 0.078125 0.0484375
0 0.465625 0.31171875 0.084375 0.046875
0 0.43828125 0.7203125 0.090625 0.05625
0 0.28046875 0.59296875 0.0875 0.0515625
0 0.225 0.34453125 0.08125 0.046875
0 0.43125 0.8296875 0.090625 0.0625
0 0.54140625 0.4984375 0.0890625 0.0515625
0 0.61953125 0.7328125 0.0953125 0.065625
0 0.30625 0.30390625 0.078125 0.046875
0 0.4515625 0.50859375 0.0859375 0.0515625
0 0.4625 0.36015625 0.084375 0.0484375
0 0.47421875 0.2203125 0.08125 0.0484375
0 0.53828125 0.55078125 0.090625 0.0546875
0 0.63046875 0.459375 0.090625 0.053125
0 0.27265625 0.6484375 0.0875 0.053125
0 0.55390625 0.25546875 0.084375 0.046875
0 0.4546875 0.4578125 0.0859375 0.05
0 0.42734375 0.8875 0.09375 0.06875
0 0.26875 0.70078125 0.0875 0.05625
0 0.22890625 0.29765625 0.08125 0.046875
0 0.46875 0.26875 0.0828125 0.046875
0 0.3671875 0.55546875 0.0859375 0.053125
0 0.37109375 0.50546875 0.0859375 0.05
0 0.3015625 0.35078125 0.08125 0.046875
0 0.521875 0.82265625 0.09375 0.065625
0 0.284375 0.54453125 0.0859375 0.05
0 0.18203125 0.6859375 0.0859375 0.05625
0 0.63671875 0.35859375 0.0875 0.05
0 0.63984375 0.26484375 0.0875 0.046875
0 0.19140625 0.63359375 0.084375 0.053125
0 0.375 0.45546875 0.084375 0.05
0 0.16484375 0.846875 0.0875 0.06875
0 0.21171875 0.4390625 0.08125 0.05
0 0.5578125 0.165625 0.08125 0.04375
0 0.3640625 0.6015625 0.0875 0.053125
0 0.19921875 0.5328125 0.0828125 0.05
0 0.290625 0.446875 0.084375 0.05
0 0.2328125 0.2515625 0.0796875 0.046875
0 0.25546875 0.8078125 0.090625 0.0609375
0 0.521875 0.8859375 0.0984375 0.078125
0 0.63828125 0.309375 0.0875 0.0484375
0 0.63203125 0.40859375 0.0890625 0.0515625
0 0.4578125 0.40859375 0.0875 0.046875
0 0.44921875 0.5609375 0.0890625 0.053125
0 0.31875 0.16640625 0.078125 0.046875
0 0.33671875 0.87734375 0.090625 0.065625
0 0.2984375 0.39453125 0.084375 0.046875
0 0.4390625 0.6671875 0.0875 0.0546875
0 0.48125 0.125 0.0796875 0.04375
0 0.23671875 0.20390625 0.078125 0.05
0 0.3421875 0.82109375 0.090625 0.0625
0 0.396875 0.171875 0.08125 0.046875
0 0.2078125 0.4875 0.08125 0.05
0 0.3859375 0.3140625 0.084375 0.0484375
0 0.34453125 0.76640625 0.0890625 0.05625
0 0.64140625 0.21796875 0.0875 0.046875
0 0.28828125 0.49296875 0.084375 0.05
0 0.35625 0.65859375 0.0875 0.0546875
0 0.61796875 0.79375 0.096875 0.065625
0 0.7359375 0.625 0.046875 0.1296875
0 0.26328125 0.74921875 0.0875 0.0578125
0 0.6875 0.7578125 0.046875 0.1359375
0 0.3921875 0.2203125 0.08125 0.046875
0 0.70078125 0.37734375 0.04375 0.1140625
0 0.1765625 0.73828125 0.0875 0.059375
0 0.23984375 0.15703125 0.078125 0.0515625
0 0.559375 0.1203125 0.08125 0.04375
0 0.55390625 0.21171875 0.084375 0.046875
0 0.40234375 0.12578125 0.08125 0.046875
0 0.38359375 0.3625 0.0828125 0.046875
0 0.43515625 0.775 0.090625 0.059375
0 0.3890625 0.2671875 0.0828125 0.046875
0 0.2484375 0.86484375 0.090625 0.0625
0 0.3078125 0.2578125 0.078125 0.046875
0 0.3796875 0.40625 0.084375 0.046875
0 0.16953125 0.790625 0.0890625 0.0609375
0 0.62265625 0.67421875 0.096875 0.0625
0 0.19375 0.5828125 0.084375 0.0515625
0 0.3234375 0.12109375 0.078125 0.046875
0 0.696875 0.49609375 0.04375 0.11875
0 0.63125 0.51640625 0.0921875 0.05625
0 0.64375 0.12578125 0.0859375 0.04375
0 0.73515625 0.4984375 0.04375 0.121875
0 0.31484375 0.21328125 0.078125 0.0484375
0 0.7421875 0.15625 0.04375 0.1078125
0 0.82734375 0.2734375 0.04375 0.115625
0 0.821875 0.92578125 0.053125 0.1484375
0 0.74296875 0.26640625 0.0421875 0.1125
0 0.24453125 0.10859375 0.08125 0.046875
0 0.78203125 0.26484375 0.0453125 0.115625
0 0.615625 0.853125 0.1 0.071875
0 0.77734375 0.50703125 0.0453125 0.1265625
0 0.7796875 0.37890625 0.0453125 0.115625
0 0.7 0.16015625 0.040625 0.109375
0 0.64453125 0.16875 0.0875 0.046875
0 0.6984375 0.26875 0.0421875 0.1109375
0 0.8265625 0.3859375 0.046875 0.11875
0 0.828125 0.15390625 0.04375 0.1140625
0 0.74140625 0.3765625 0.0421875 0.115625
0 0.6296875 0.565625 0.09375 0.05625
0 0.6921875 0.6203125 0.046875 0.13125
0 0.6875 0.89765625 0.053125 0.1484375
0 0.82265625 0.509375 0.0484375 0.125
0 0.73125 0.7640625 0.046875 0.1375
0 0.7796875 0.63984375 0.046875 0.13125
0 0.52578125 0.765625 0.09375 0.059375
0 0.625 0.61953125 0.0953125 0.0625
0 0.5296875 0.71171875 0.09375 0.0578125
0 0.82109375 0.77578125 0.05 0.1375
0 0.72578125 0.90234375 0.05 0.15
0 0.615625 0.9109375 0.103125 0.0796875
0 0.82734375 0.6421875 0.046875 0.13125
0 0.7828125 0.15234375 0.046875 0.1125
0 0.77578125 0.76875 0.046875 0.140625
0 0.77421875 0.91171875 0.053125 0.15625
0 0.5296875 0.64609375 0.09375 0.084375
0 0.53828125 0.60078125 0.0921875 0.065625