0 0.46796875 0.709375 0.090625 0.0375
0 0.65 0.81875 0.0828125 0.04375
0 0.56171875 0.8015625 0.0859375 0.040625
0 0.553125 0.60859375 0.084375 0.034375
0 0.4703125 0.67578125 0.0890625 0.0359375
0 0.27734375 0.53671875 0.096875 0.034375
0 0.465625 0.6453125 0.0890625 0.034375
0 0.37265625 0.4640625 0.090625 0.03125
0 0.553125 0.640625 0.084375 0.034375
0 0.278125 0.56640625 0.0984375 0.0375
0 0.3765625 0.68828125 0.096875 0.040625
0 0.646875 0.78515625 0.084375 0.0390625
0 0.55625 0.703125 0.084375 0.0375
0 0.6234375 0.4296875 0.08125 0.028125
0 0.55546875 0.66953125 0.084375 0.0359375
0 0.278125 0.634375 0.096875 0.0375
0 0.5625 0.8328125 0.0875 0.04375
0 0.27734375 0.50390625 0.096875 0.034375
0 0.46796875 0.7421875 0.090625 0.040625
0 0.27734375 0.6 0.1 0.0359375
0 0.3734375 0.4953125 0.090625 0.034375
0 0.2765625 0.4734375 0.096875 0.034375
0 0.46171875 0.5203125 0.0875 0.0328125
0 0.46015625 0.49140625 0.0875 0.0328125
0 0.62734375 0.48515625 0.0796875 0.0296875
0 0.27734375 0.7 0.1 0.040625
0 0.46328125 0.58359375 0.0875 0.0328125
0 0.72578125 0.74609375 0.08125 0.040625
0 0.55078125 0.57734375 0.0828125 0.034375
0 0.6265625 0.4546875 0.078125 0.0296875
0 0.62734375 0.51171875 0.08125 0.03125
0 0.54921875 0.54765625 0.084375 0.03125
0 0.45859375 0.46015625 0.0875 0.03125
0 0.45625 0.37734375 0.0859375 0.0296875
0 0.465625 0.6171875 0.090625 0.0328125
0 0.4578125 0.40390625 0.0859375 0.03125
0 0.54609375 0.490625 0.084375 0.03125
0 0.63984375 0.6609375 0.0828125 0.034375
0 0.5421875 0.3765625 0.08125 0.03125
0 0.63515625 0.6296875 0.08125 0.034375
0 0.62890625 0.54296875 0.08125 0.03125
0 0.4625 0.5515625 0.0875 0.03125
0 0.27734375 0.665625 0.0984375 0.040625
0 0.63671875 0.60078125 0.08125 0.03125
0 0.56171875 0.76640625 0.0859375 0.040625
0 0.2765625 0.875 0.103125 0.05
0 0.54296875 0.403125 0.08125 0.0296875
0 0.621875 0.4 0.08125 0.028125
0 0.559375 0.73125 0.0859375 0.0390625
0 0.64296875 0.721875 0.08125 0.0359375
0 0.6390625 0.69453125 0.08125 0.034375
0 0.378125 0.7203125 0.096875 0.0375
0 0.37109375 0.52421875 0.090625 0.0328125
0 0.2796875 0.4421875 0.09375 0.034375
0 0.371875 0.40390625 0.090625 0.0328125
0 0.634375 0.56953125 0.08125 0.03125
0 0.37265625 0.43515625 0.090625 0.03125
0 0.27734375 0.83671875 0.103125 0.046875
0 0.28125 0.2671875 0.0921875 0.03125
0 0.77109375 0.4296875 0.071875 0.028125
0 0.28125 0.23515625 0.0921875 0.0296875
0 0.27890625 0.4125 0.09375 0.034375
0 0.4734375 0.7765625 0.090625 0.040625
0 0.27734375 0.73046875 0.1 0.040625
0 0.5453125 0.459375 0.084375 0.0296875
0 0.7203125 0.71484375 0.078125 0.0375
0 0.27734375 0.76796875 0.1015625 0.04375
0 0.540625 0.34609375 0.08125 0.03125
0 0.36875 0.37734375 0.090625 0.03125
0 0.45859375 0.434375 0.0859375 0.03125
0 0.3765625 0.61953125 0.0953125 0.0359375
0 0.64453125 0.75546875 0.0828125 0.0375
0 0.70859375 0.5390625 0.075 0.034375
0 0.65078125 0.85078125 0.084375 0.0453125
0 0.71953125 0.68671875 0.078125 0.034375
0 0.54765625 0.5171875 0.084375 0.03125
0 0.371875 0.65234375 0.096875 0.0375
0 0.70234375 0.484375 0.071875 0.0296875
0 0.709375 0.5671875 0.071875 0.0328125
0 0.5453125 0.4328125 0.0828125 0.03125
0 0.37265625 0.5875 0.09375 0.034375
0 0.70546875 0.5109375 0.075 0.034375
0 0.45625 0.346875 0.084375 0.03125
0 0.76796875 0.40078125 0.071875 0.028125
0 0.73046875 0.8109375 0.0796875 0.0390625
0 0.62109375 0.37421875 0.08125 0.028125
0 0.7359375 0.84453125 0.084375 0.04375
0 0.7265625 0.7765625 0.0796875 0.0421875
0 0.79453125 0.67421875 0.078125 0.0359375
0 0.278125 0.8046875 0.1015625 0.0421875
0 0.5625 0.86953125 0.090625 0.04375
0 0.5390625 0.32109375 0.078125 0.0296875
0 0.37890625 0.7875 0.0984375 0.040625
0 0.275 0.91015625 0.10625 0.0515625
0 0.371875 0.32109375 0.090625 0.03125
0 0.8109375 0.828125 0.0828125 0.0484375
0 0.53671875 0.265625 0.078125 0.03125
0 0.76484375 0.37578125 0.075 0.028125
0 0.371875 0.346875 0.090625 0.03125
0 0.7109375 0.59609375 0.075 0.0375
0 0.71953125 0.65546875 0.0796875 0.0375
0 0.371875 0.5578125 0.09375 0.034375
0 0.45390625 0.26796875 0.084375 0.0328125
0 0.76328125 0.34765625 0.075 0.028125
0 0.615625 0.2921875 0.08125 0.028125
0 0.28046875 0.35 0.090625 0.034375
0 0.71328125 0.62421875 0.078125 0.034375
0 0.8109375 0.796875 0.08125 0.04375
0 0.615625 0.3453125 0.078125 0.0296875
0 0.47421875 0.81171875 0.0921875 0.040625
0 0.79765625 0.70546875 0.078125 0.0359375
0 0.28125 0.209375 0.090625 0.03125
0 0.771875 0.453125 0.0734375 0.028125
0 0.28203125 0.1796875 0.090625 0.03125
0 0.69609375 0.37578125 0.06875 0.0296875
0 0.37890625 0.753125 0.0984375 0.0390625
0 0.69921875 0.4 0.0703125 0.03125
0 0.45703125 0.32109375 0.084375 0.03125
0 0.471875 0.8421875 0.0953125 0.046875
0 0.28359375 0.38515625 0.09375 0.034375
0 0.35625 0.82578125 0.053125 0.040625
0 0.53828125 0.29609375 0.0796875 0.0296875
0 0.28046875 0.2921875 0.0921875 0.03125
0 0.37109375 0.29140625 0.0875 0.03125
0 0.378125 0.89375 0.0953125 0.0515625
0 0.61328125 0.240625 0.08125 0.03125
0 0.7 0.428125 0.071875 0.03125
0 0.61484375 0.26875 0.084375 0.0296875
0 0.28125 0.15546875 0.090625 0.03125
0 0.6125 0.32109375 0.08125 0.028125
0 0.759375 0.32421875 0.075 0.0296875
0 0.7015625 0.45390625 0.0734375 0.03125
0 0.5328125 0.23515625 0.08125 0.03125
0 0.80390625 0.734375 0.0796875 0.0375
0 0.365625 0.26171875 0.0890625 0.03125
0 0.284375 0.32265625 0.090625 0.03125
0 0.37890625 0.8234375 0.0984375 0.0421875
0 0.378125 0.859375 0.1 0.04375
0 0.4546875 0.296875 0.084375 0.03125
0 0.80546875 0.7671875 0.08125 0.0359375
0 0.471875 0.88203125 0.09375 0.053125
0 0.37265625 0.2359375 0.0875 0.0296875
0 0.7734375 0.478125 0.0734375 0.028125
0 0.36796875 0.1875 0.084375 0.0375
0 0.690625 0.34765625 0.0734375 0.03125
0 0.45234375 0.2359375 0.084375 0.0328125
0 0.28203125 0.12734375 0.0890625 0.03125
0 0.7578125 0.296875 0.075 0.0296875
0 0.79140625 0.6484375 0.071875 0.0375
0 0.78828125 0.61875 0.078125 0.0375
0 0.784375 0.590625 0.075 0.034375
0 0.78125 0.5625 0.078125 0.03125
0 0.778125 0.534375 0.071875 0.03125
0 0.775 0.5078125 0.071875 0.028125
0 0.28125 0.1046875 0.0875 0.03125
0 0.28203125 0.078125 0.0890625 0.034375
0 0.28046875 0.05234375 0.0890625 0.0421875
0 0.36796875 0.21171875 0.0875 0.034375
0 0.36796875 0.16015625 0.0859375 0.034375
0 0.3671875 0.13515625 0.084375 0.0359375
0 0.3671875 0.10859375 0.084375 0.03125
0 0.3671875 0.0828125 0.084375 0.0328125
0 0.365625 0.05625 0.0875 0.034375
0 0.4515625 0.2109375 0.084375 0.034375
0 0.45078125 0.18203125 0.0796875 0.0296875
0 0.44921875 0.1578125 0.084375 0.0296875
0 0.44765625 0.13359375 0.08125 0.0328125
0 0.4484375 0.1125 0.078125 0.03125
0 0.44765625 0.0875 0.08125 0.03125
0 0.446875 0.06015625 0.0796875 0.03125
0 0.53046875 0.21015625 0.078125 0.028125
0 0.53046875 0.18671875 0.0828125 0.025
0 0.52734375 0.16328125 0.078125 0.028125
0 0.52578125 0.134375 0.0796875 0.028125
0 0.52578125 0.1125 0.0796875 0.03125
0 0.52421875 0.08828125 0.078125 0.028125
0 0.52265625 0.06484375 0.075 0.0265625
0 0.6078125 0.21640625 0.0796875 0.0328125
0 0.60546875 0.19140625 0.0765625 0.0328125
0 0.60390625 0.1671875 0.075 0.0328125
0 0.603125 0.14375 0.075 0.03125
0 0.6 0.11875 0.078125 0.034375
0 0.5984375 0.0953125 0.078125 0.034375
0 0.59921875 0.0703125 0.078125 0.034375
0 0.68828125 0.32421875 0.075 0.03125
0 0.68671875 0.296875 0.075 0.028125
0 0.68359375 0.271875 0.075 0.028125
0 0.68203125 0.246875 0.0765625 0.028125
0 0.68125 0.22109375 0.075 0.0234375
0 0.67890625 0.196875 0.0703125 0.028125
0 0.67734375 0.17265625 0.075 0.03125
0 0.67578125 0.14921875 0.075 0.03125
0 0.6734375 0.125 0.0734375 0.028125
0 0.6734375 0.09921875 0.0734375 0.03125
0 0.67109375 0.07421875 0.071875 0.040625
0 0.7421875 0.07734375 0.06875 0.0328125
0 0.73984375 0.103125 0.065625 0.0328125
0 0.7421875 0.12578125 0.06875 0.03125
0 0.74375 0.15 0.0703125 0.028125
0 0.74765625 0.1765625 0.0703125 0.025
0 0.7484375 0.19765625 0.075 0.025
0 0.7515625 0.22421875 0.0734375 0.03125
0 0.75390625 0.24921875 0.075 0.028125
0 0.75546875 0.271875 0.075 0.028125