0 0.5390625 0.6265625 0.03125 0.08203125
0 0.56640625 0.62578125 0.0328125 0.08203125
0 0.47578125 0.70234375 0.03203125 0.07734375
0 0.446875 0.69765625 0.03203125 0.07890625
0 0.50859375 0.6234375 0.03203125 0.08203125
0 0.47734375 0.6203125 0.03203125 0.08203125
0 0.45 0.6203125 0.03046875 0.08203125
0 0.6578125 0.6328125 0.03515625 0.08359375
0 0.7578125 0.55390625 0.04140625 0.0875
0 0.59765625 0.6265625 0.03359375 0.0828125
0 0.68828125 0.63359375 0.0359375 0.08359375
0 0.88671875 0.55859375 0.046875 0.08671875
0 0.5359375 0.703125 0.03203125 0.07734375
0 0.85 0.55703125 0.04453125 0.0875
0 0.50546875 0.703125 0.03203125 0.0765625
0 0.771875 0.46328125 0.04375 0.0890625
0 0.4234375 0.61875 0.0296875 0.08203125
0 0.6265625 0.6296875 0.034375 0.08203125
0 0.4328125 0.3609375 0.03828125 0.09140625
0 0.678125 0.715625 0.03515625 0.078125
0 0.38671875 0.7703125 0.02890625 0.078125
0 0.54375 0.5421875 0.034375 0.08671875
0 0.8046875 0.4640625 0.04375 0.08984375
0 0.4421875 0.77421875 0.03125 0.0765625
0 0.8796875 0.646875 0.0453125 0.0875
0 0.73828125 0.46328125 0.0453125 0.08984375
0 0.4125 0.771875 0.03125 0.078125
0 0.49453125 0.36171875 0.03828125 0.0875
0 0.30859375 0.6859375 0.03125 0.07578125
0 0.69765625 0.5515625 0.040625 0.08828125
0 0.28359375 0.60859375 0.03125 0.07890625
0 0.6640625 0.54921875 0.03828125 0.0875
0 0.90625 0.46796875 0.0484375 0.09140625
0 0.7890625 0.55546875 0.0390625 0.08828125
0 0.3625 0.69296875 0.0296875 0.0765625
0 0.496875 0.78125 0.03125 0.07890625
0 0.51171875 0.540625 0.03359375 0.0859375
0 0.39140625 0.6921875 0.03046875 0.07734375
0 0.484375 0.53984375 0.0328125 0.08515625
0 0.39375 0.61640625 0.0296875 0.08046875
0 0.309375 0.61015625 0.0296875 0.08046875
0 0.871875 0.4703125 0.046875 0.08984375
0 0.46796875 0.77890625 0.03203125 0.078125
0 0.3375 0.690625 0.02890625 0.0765625
0 0.2828125 0.684375 0.03046875 0.075
0 0.5625 0.70859375 0.03203125 0.07734375
0 0.584375 0.365625 0.0421875 0.09140625
0 0.61875 0.7125 0.03359375 0.08046875
0 0.603125 0.54609375 0.0375 0.08515625
0 0.22734375 0.60703125 0.0328125 0.0796875
0 0.55546875 0.36484375 0.040625 0.09140625
0 0.6125 0.45703125 0.0390625 0.0890625
0 0.64765625 0.71328125 0.03515625 0.07890625
0 0.2296875 0.52421875 0.03046875 0.0828125
0 0.253125 0.603125 0.03046875 0.08046875
0 0.25703125 0.68359375 0.0296875 0.07421875
0 0.4546875 0.53828125 0.03203125 0.08671875
0 0.46015625 0.365625 0.03828125 0.08984375
0 0.525 0.36015625 0.0375 0.0875
0 0.72109375 0.6359375 0.0359375 0.08359375
0 0.28515625 0.528125 0.03359375 0.08203125
0 0.63203125 0.546875 0.03828125 0.0859375
0 0.67578125 0.46015625 0.040625 0.08828125
0 0.334375 0.76328125 0.03046875 0.0765625
0 0.72578125 0.7984375 0.0359375 0.07734375
0 0.51875 0.453125 0.03515625 0.0890625
0 0.52265625 0.78125 0.03203125 0.078125
0 0.7078125 0.4609375 0.04453125 0.08828125
0 0.709375 0.71953125 0.03359375 0.0796875
0 0.90703125 0.18046875 0.1453125 0.025
0 0.6984375 0.796875 0.03671875 0.0796875
0 0.55234375 0.784375 0.03359375 0.0796875
0 0.55078125 0.45390625 0.03671875 0.0890625
0 0.7265625 0.55234375 0.0390625 0.08828125
0 0.6171875 0.3640625 0.04375 0.09140625
0 0.73828125 0.72109375 0.0359375 0.08046875
0 0.23046875 0.44296875 0.0296875 0.08515625
0 0.75 0.63671875 0.0359375 0.084375
0 0.51015625 0.17890625 0.12734375 0.03046875
0 0.83984375 0.46640625 0.04140625 0.09140625
0 0.57890625 0.78515625 0.034375 0.07890625
0 0.59140625 0.70859375 0.03125 0.07890625
0 0.375 0.45078125 0.03046875 0.0921875
0 0.3671875 0.61328125 0.0296875 0.08125
0 0.42109375 0.6953125 0.03046875 0.07890625
0 0.20078125 0.603125 0.028125 0.078125
0 0.25859375 0.5265625 0.03046875 0.08125
0 0.64453125 0.4578125 0.040625 0.0890625
0 0.8421875 0.6453125 0.0421875 0.0859375
0 0.78515625 0.64140625 0.046875 0.0859375
0 0.25703125 0.4421875 0.03046875 0.0875
0 0.821875 0.5578125 0.04140625 0.0890625
0 0.359375 0.76640625 0.03125 0.078125
0 0.3171875 0.359375 0.02890625 0.09453125
0 0.2859375 0.359375 0.03046875 0.09140625
0 0.14921875 0.6 0.03203125 0.08046875
0 0.37109375 0.18125 0.1234375 0.03046875
0 0.06484375 0.2640625 0.0375 0.09453125
0 0.7109375 0.3703125 0.0484375 0.09453125
0 0.34296875 0.44609375 0.03125 0.08359375
0 0.15 0.6765625 0.0328125 0.07578125
0 0.4265625 0.53671875 0.03046875 0.08515625
0 0.31328125 0.44609375 0.03203125 0.08515625
0 0.6484375 0.36796875 0.04609375 0.0953125
0 0.2 0.5234375 0.0296875 0.0828125
0 0.17265625 0.67890625 0.03203125 0.0765625
0 0.11953125 0.60078125 0.03125 0.0796875
0 0.28125 0.7578125 0.03203125 0.0765625
0 0.37109375 0.20390625 0.121875 0.034375
0 0.17421875 0.60078125 0.02890625 0.0796875
0 0.571875 0.53984375 0.03515625 0.08203125
0 0.309375 0.7625 0.02890625 0.07890625
0 0.61015625 0.7859375 0.0359375 0.078125
0 0.3375 0.61171875 0.02734375 0.08046875
0 0.13125 0.178125 0.1234375 0.025
0 0.28671875 0.4453125 0.0296875 0.0828125
0 0.39609375 0.53515625 0.0296875 0.08515625
0 0.6796875 0.365625 0.04453125 0.0953125
0 0.665625 0.79140625 0.03671875 0.08203125
0 0.4015625 0.359375 0.034375 0.090625
0 0.9109375 0.37421875 0.05625 0.09609375
0 0.81796875 0.80546875 0.04296875 0.08046875
0 0.26015625 0.253125 0.11640625 0.025
0 0.5796875 0.4546875 0.0375 0.08828125
0 0.20234375 0.440625 0.028125 0.0859375
0 0.6359375 0.7875 0.03671875 0.07890625
0 0.76796875 0.72109375 0.03828125 0.07890625
0 0.121875 0.675 0.0375 0.075
0 0.2265625 0.68125 0.0296875 0.0734375
0 0.896875 0.23203125 0.14765625 0.03203125
0 0.76953125 0.18359375 0.1375 0.03203125
0 0.25859375 0.2046875 0.11953125 0.03203125
0 0.784375 0.803125 0.04453125 0.078125
0 0.371875 0.228125 0.1203125 0.03125
0 0.259375 0.2765625 0.1140625 0.02578125
0 0.259375 0.2265625 0.11953125 0.03203125
0 0.2578125 0.18125 0.1203125 0.028125
0 0.490625 0.4515625 0.0328125 0.0890625
0 0.49921875 0.25546875 0.1234375 0.0265625
0 0.22734375 0.68515625 0.03125 0.0828125
0 0.7578125 0.79921875 0.03671875 0.07890625
0 0.4984375 0.23203125 0.13125 0.028125
0 0.63671875 0.18046875 0.1296875 0.025
0 0.83125 0.721875 0.04296875 0.08046875
0 0.13515625 0.2015625 0.11953125 0.02734375
0 0.34296875 0.36171875 0.0328125 0.08828125
0 0.37421875 0.36171875 0.034375 0.08828125
0 0.0640625 0.59375 0.03203125 0.0796875
0 0.13359375 0.228125 0.12109375 0.02265625
0 0.13828125 0.253125 0.11953125 0.02734375
0 0.140625 0.27578125 0.11875 0.02734375
0 0.1421875 0.2984375 0.11640625 0.02421875
0 0.25703125 0.3 0.11484375 0.0265625
0 0.375 0.2546875 0.12109375 0.02578125
0 0.37421875 0.27890625 0.11484375 0.025
0 0.375 0.30234375 0.1140625 0.02421875
0 0.50390625 0.2046875 0.125 0.02734375
0 0.49453125 0.278125 0.1234375 0.0296875
0 0.49375 0.30234375 0.121875 0.0265625
0 0.6296875 0.20546875 0.13046875 0.02890625
0 0.6234375 0.23046875 0.1296875 0.02890625
0 0.621875 0.25703125 0.13046875 0.028125
0 0.621875 0.28046875 0.12734375 0.028125
0 0.6203125 0.30625 0.128125 0.02890625
0 0.7609375 0.20859375 0.13359375 0.0296875
0 0.76015625 0.23515625 0.14296875 0.03203125
0 0.75390625 0.259375 0.1328125 0.03203125
0 0.75234375 0.2859375 0.13515625 0.03125
0 0.74921875 0.31171875 0.134375 0.02734375
0 0.89765625 0.20625 0.13984375 0.028125
0 0.89140625 0.26171875 0.134375 0.0265625
0 0.8859375 0.28828125 0.140625 0.03046875
0 0.88515625 0.3125 0.13203125 0.02890625
0 0.87734375 0.37421875 0.05234375 0.09609375
0 0.84375 0.371875 0.05234375 0.09453125
0 0.809375 0.37265625 0.05 0.09609375
0 0.77734375 0.3703125 0.05 0.09375
0 0.7453125 0.36875 0.04921875 0.09296875
0 0.25625 0.35546875 0.0296875 0.08828125
0 0.2296875 0.3546875 0.0296875 0.09140625
0 0.2015625 0.3546875 0.0265625 0.0875
0 0.1734375 0.353125 0.03046875 0.0890625
0 0.14375 0.3515625 0.0265625 0.0890625
0 0.1171875 0.3515625 0.02890625 0.0890625
0 0.08828125 0.3515625 0.02734375 0.0890625
0 0.0625 0.35 0.03125 0.0875
0 0.065625 0.434375 0.03359375 0.08359375
0 0.09140625 0.43671875 0.03046875 0.08515625
0 0.11796875 0.43671875 0.0328125 0.08515625
0 0.1453125 0.43671875 0.02890625 0.0859375
0 0.17265625 0.43828125 0.03203125 0.08671875
0 0.0671875 0.515625 0.03203125 0.08125
0 0.09375 0.5171875 0.02734375 0.08359375
0 0.12109375 0.51953125 0.03125 0.08125
0 0.14765625 0.51953125 0.03203125 0.08203125
0 0.17421875 0.52109375 0.02890625 0.08515625
0 0.3125 0.528125 0.0265625 0.084375
0 0.340625 0.5296875 0.02890625 0.08515625
0 0.36796875 0.5296875 0.03203125 0.08515625
0 0.0921875 0.5953125 0.03125 0.07734375
0 0.39921875 0.446875 0.02890625 0.09140625
0 0.43125 0.44921875 0.034375 0.0875
0 0.0703125 0.66953125 0.03046875 0.07734375
0 0.09296875 0.6703125 0.02890625 0.078125
0 0.0703125 0.74453125 0.02890625 0.0765625
0 0.09453125 0.7453125 0.034375 0.075
0 0.121875 0.746875 0.03203125 0.078125
0 0.14921875 0.75 0.03203125 0.0765625
0 0.17421875 0.75078125 0.0328125 0.07421875
0 0.2015625 0.67890625 0.0296875 0.0765625
0 0.20078125 0.75078125 0.0328125 0.07421875
0 0.22734375 0.75390625 0.03203125 0.07421875
0 0.25390625 0.75546875 0.02734375 0.07578125
0 0.46015625 0.44921875 0.03828125 0.0890625
0 0.81328125 0.6390625 0.0453125 0.0828125
0 0.80078125 0.72265625 0.04453125 0.08359375
0 0.8640625 0.7265625 0.046875 0.0796875
0 0.84765625 0.80546875 0.04765625 0.07890625