0 0.55546875 0.253125 0.0875 0.046875
0 0.5546875 0.21796875 0.0875 0.0484375
0 0.478125 0.35234375 0.078125 0.0375
0 0.6546875 0.565625 0.090625 0.03125
0 0.65546875 0.596875 0.090625 0.0328125
0 0.56015625 0.37890625 0.084375 0.0359375
0 0.5578125 0.28671875 0.0875 0.040625
0 0.553125 0.18125 0.0859375 0.0484375
0 0.65234375 0.44609375 0.0890625 0.0375
0 0.48203125 0.41171875 0.0796875 0.0359375
0 0.4765625 0.32578125 0.078125 0.0375
0 0.6515625 0.415625 0.090625 0.0375
0 0.65546875 0.62578125 0.090625 0.0296875
0 0.48046875 0.43984375 0.078125 0.034375
0 0.6546875 0.5375 0.090625 0.03125
0 0.6453125 0.32578125 0.090625 0.040625
0 0.3296875 0.3734375 0.06875 0.0375
0 0.65234375 0.47578125 0.090625 0.034375
0 0.39453125 0.30625 0.075 0.040625
0 0.6484375 0.35546875 0.0921875 0.040625
0 0.646875 0.228125 0.0921875 0.046875
0 0.55859375 0.315625 0.0859375 0.0375
0 0.4109375 0.525 0.071875 0.028125
0 0.4890625 0.54765625 0.0765625 0.03125
0 0.39921875 0.3609375 0.075 0.0375
0 0.4703125 0.265625 0.08125 0.0421875
0 0.653125 0.50625 0.0890625 0.034375
0 0.46328125 0.1375 0.084375 0.0515625
0 0.559375 0.346875 0.084375 0.0359375
0 0.6515625 0.3859375 0.0921875 0.040625
0 0.39765625 0.3359375 0.075 0.0390625
0 0.65546875 0.653125 0.090625 0.034375
0 0.47265625 0.29453125 0.08125 0.040625
0 0.409375 0.5015625 0.071875 0.028125
0 0.74921875 0.70546875 0.096875 0.034375
0 0.3921875 0.27734375 0.078125 0.0375
0 0.6484375 0.29296875 0.0921875 0.0453125
0 0.64453125 0.2625 0.09375 0.0453125
0 0.33125 0.3984375 0.06875 0.0359375
0 0.41953125 0.65546875 0.0703125 0.028125
0 0.5515625 0.1515625 0.0890625 0.05
0 0.41640625 0.5765625 0.0734375 0.0296875
0 0.48984375 0.57265625 0.078125 0.028125
0 0.54921875 0.11796875 0.090625 0.0546875
0 0.40546875 0.44765625 0.071875 0.03125
0 0.49140625 0.6 0.078125 0.028125
0 0.4078125 0.4734375 0.071875 0.03125
0 0.7453125 0.33828125 0.103125 0.0484375
0 0.74375 0.37265625 0.0984375 0.04375
0 0.48203125 0.465625 0.078125 0.03125
0 0.6421875 0.16484375 0.09375 0.053125
0 0.56171875 0.4078125 0.0828125 0.0375
0 0.41328125 0.55234375 0.071875 0.028125
0 0.4953125 0.70546875 0.075 0.03125
0 0.334375 0.42734375 0.06875 0.0375
0 0.41796875 0.6046875 0.071875 0.028125
0 0.74609375 0.52421875 0.096875 0.034375
0 0.4953125 0.67578125 0.075 0.03125
0 0.42109375 0.6796875 0.0703125 0.028125
0 0.56953125 0.57421875 0.084375 0.0296875
0 0.4921875 0.62421875 0.078125 0.0296875
0 0.56796875 0.546875 0.084375 0.03125
0 0.3875 0.1859375 0.078125 0.04375
0 0.41796875 0.628125 0.071875 0.025
0 0.65625 0.6796875 0.0875 0.028125
0 0.4859375 0.49375 0.0765625 0.03125
0 0.4796875 0.38359375 0.0796875 0.0375
0 0.26953125 0.43671875 0.0625 0.03125
0 0.49375 0.6515625 0.0765625 0.028125
0 0.471875 0.23203125 0.08125 0.04375
0 0.75078125 0.7640625 0.096875 0.034375
0 0.74921875 0.73671875 0.09375 0.034375
0 0.33515625 0.45390625 0.06875 0.034375
0 0.56796875 0.603125 0.0828125 0.0296875
0 0.74453125 0.4640625 0.1 0.0375
0 0.26484375 0.40625 0.0640625 0.034375
0 0.2703125 0.4609375 0.0640625 0.0296875
0 0.74375 0.2734375 0.103125 0.05625
0 0.4015625 0.39140625 0.075 0.0359375
0 0.64453125 0.12734375 0.09375 0.0546875
0 0.6453125 0.196875 0.09375 0.0484375
0 0.46640625 0.20234375 0.084375 0.046875
0 0.40390625 0.42265625 0.075 0.0328125
0 0.65703125 0.70546875 0.0875 0.03125
0 0.5625 0.43828125 0.084375 0.034375
0 0.7453125 0.3046875 0.103125 0.05
0 0.74609375 0.55546875 0.0984375 0.034375
0 0.7453125 0.496875 0.096875 0.034375
0 0.48828125 0.51875 0.078125 0.03125
0 0.74453125 0.43359375 0.0984375 0.040625
0 0.38515625 0.1578125 0.0765625 0.053125
0 0.74453125 0.2390625 0.10625 0.053125
0 0.2640625 0.3796875 0.065625 0.034375
0 0.38515625 0.121875 0.078125 0.05
0 0.74375 0.40234375 0.1 0.040625
0 0.33671875 0.478125 0.06875 0.034375
0 0.328125 0.34296875 0.06875 0.0375
0 0.56328125 0.4640625 0.084375 0.034375
0 0.5703125 0.62890625 0.08125 0.028125
0 0.7453125 0.5828125 0.0921875 0.03125
0 0.26015625 0.32578125 0.0671875 0.0328125
0 0.65859375 0.73515625 0.0875 0.028125
0 0.46328125 0.1078125 0.084375 0.0546875
0 0.31640625 0.26171875 0.071875 0.040625
0 0.5671875 0.5203125 0.084375 0.03125
0 0.74453125 0.2046875 0.10625 0.0625
0 0.3921875 0.24609375 0.078125 0.0390625
0 0.74921875 0.61328125 0.096875 0.03125
0 0.5734375 0.65546875 0.08125 0.028125
0 0.7484375 0.82265625 0.09375 0.040625
0 0.4984375 0.7296875 0.075 0.028125
0 0.7453125 0.17109375 0.1078125 0.059375
0 0.55 0.08359375 0.090625 0.05625
0 0.575 0.6828125 0.08125 0.0296875
0 0.4234375 0.70703125 0.071875 0.028125
0 0.31640625 0.23203125 0.071875 0.0453125
0 0.4265625 0.72890625 0.071875 0.03125
0 0.75 0.64453125 0.1 0.03125
0 0.34140625 0.50625 0.0671875 0.034375
0 0.57890625 0.784375 0.0796875 0.0296875
0 0.57578125 0.7078125 0.08125 0.03125
0 0.3484375 0.603125 0.0640625 0.025
0 0.32421875 0.31484375 0.06875 0.0359375
0 0.3484375 0.58046875 0.065625 0.025
0 0.31875 0.28984375 0.0703125 0.0375
0 0.7484375 0.8484375 0.09375 0.03125
0 0.390625 0.21796875 0.078125 0.0421875
0 0.75 0.6703125 0.0984375 0.034375
0 0.64140625 0.09453125 0.096875 0.05625
0 0.5765625 0.73515625 0.08125 0.0296875
0 0.57890625 0.80703125 0.0765625 0.028125
0 0.46484375 0.1703125 0.084375 0.0453125
0 0.2734375 0.48671875 0.0671875 0.03125
0 0.65859375 0.7625 0.0875 0.0296875
0 0.35546875 0.67578125 0.065625 0.0265625
0 0.3453125 0.55625 0.06875 0.0296875
0 0.64140625 0.05625 0.1 0.0625
0 0.50546875 0.85234375 0.071875 0.03125
0 0.74296875 0.0328125 0.109375 0.0609375
0 0.74453125 0.06640625 0.1046875 0.0625
0 0.74453125 0.10234375 0.1046875 0.0609375
0 0.7453125 0.13828125 0.1046875 0.0609375
0 0.74921875 0.875 0.0875 0.0328125
0 0.74765625 0.89765625 0.090625 0.034375
0 0.659375 0.7859375 0.084375 0.0296875
0 0.6609375 0.81171875 0.0859375 0.03125
0 0.66171875 0.8375 0.084375 0.034375
0 0.66171875 0.8640625 0.084375 0.03125
0 0.66328125 0.88828125 0.0828125 0.0359375
0 0.58359375 0.88125 0.078125 0.034375
0 0.58203125 0.85703125 0.0796875 0.034375
0 0.58125 0.83359375 0.078125 0.0328125
0 0.578125 0.75859375 0.08125 0.03125
0 0.5671875 0.49296875 0.084375 0.0375
0 0.75078125 0.7921875 0.090625 0.0328125
0 0.50078125 0.75390625 0.075 0.03125
0 0.5015625 0.78046875 0.075 0.03125
0 0.503125 0.8015625 0.075 0.0296875
0 0.50546875 0.82578125 0.078125 0.03125
0 0.5078125 0.8734375 0.075 0.034375
0 0.42890625 0.753125 0.06875 0.0328125
0 0.43046875 0.77734375 0.0703125 0.03125
0 0.43125 0.79921875 0.071875 0.025
0 0.4328125 0.82265625 0.071875 0.028125
0 0.434375 0.84453125 0.0703125 0.0296875
0 0.4375 0.86953125 0.06875 0.03125
0 0.37109375 0.8640625 0.0625 0.0296875
0 0.36875 0.840625 0.065625 0.0328125
0 0.36640625 0.81875 0.065625 0.03125
0 0.36484375 0.79453125 0.0671875 0.03125
0 0.36328125 0.77109375 0.0671875 0.028125
0 0.36015625 0.74921875 0.0671875 0.03125
0 0.36015625 0.725 0.06875 0.028125
0 0.3578125 0.70078125 0.065625 0.025
0 0.3546875 0.6515625 0.06875 0.025
0 0.35234375 0.62734375 0.06875 0.0234375
0 0.34296875 0.52890625 0.06875 0.0296875
0 0.3140625 0.2 0.06875 0.046875
0 0.3125 0.1703125 0.0703125 0.0484375
0 0.309375 0.140625 0.071875 0.0484375
0 0.240625 0.15625 0.06875 0.05
0 0.24375 0.1859375 0.06875 0.05
0 0.24609375 0.2140625 0.0671875 0.0453125
0 0.24765625 0.2421875 0.06875 0.04375
0 0.25234375 0.2703125 0.065625 0.04375
0 0.25546875 0.29765625 0.065625 0.040625
0 0.2609375 0.35 0.065625 0.0375
0 0.27734375 0.5109375 0.0625 0.03125
0 0.27890625 0.5359375 0.0640625 0.0296875
0 0.28203125 0.56015625 0.0640625 0.028125
0 0.284375 0.584375 0.065625 0.0265625
0 0.28671875 0.609375 0.0640625 0.0265625
0 0.28828125 0.6328125 0.065625 0.028125
0 0.28984375 0.6546875 0.065625 0.025
0 0.2921875 0.67734375 0.0625 0.025
0 0.29375 0.70078125 0.0625 0.021875
0 0.29609375 0.72421875 0.059375 0.025
0 0.2984375 0.74765625 0.0640625 0.025
0 0.3 0.7703125 0.0609375 0.0234375
0 0.30234375 0.790625 0.059375 0.0234375
0 0.3046875 0.81171875 0.059375 0.021875
0 0.3078125 0.834375 0.0625 0.025
0 0.309375 0.85625 0.059375 0.028125