0 0.5921875 0.54375 0.05 0.08203125
0 0.6609375 0.625 0.05234375 0.08125
0 0.56015625 0.69921875 0.04765625 0.078125
0 0.5109375 0.69921875 0.0484375 0.0765625
0 0.41015625 0.69296875 0.04609375 0.075
0 0.76171875 0.71328125 0.05390625 0.08203125
0 0.5484375 0.61875 0.04765625 0.0796875
0 0.40078125 0.3765625 0.04765625 0.08359375
0 0.54609375 0.459375 0.04921875 0.08515625
0 0.44765625 0.53984375 0.04609375 0.08125
0 0.49609375 0.6171875 0.0484375 0.0796875
0 0.8578125 0.54921875 0.0609375 0.08984375
0 0.45 0.61796875 0.04609375 0.078125
0 0.6671875 0.3703125 0.05703125 0.09140625
0 0.45 0.3734375 0.04921875 0.0859375
0 0.765625 0.6296875 0.05234375 0.084375
0 0.64765625 0.459375 0.053125 0.0875
0 0.45859375 0.69375 0.0484375 0.0765625
0 0.496875 0.45859375 0.0484375 0.08359375
0 0.5953125 0.45859375 0.05 0.0859375
0 0.6421875 0.54375 0.05078125 0.08359375
0 0.60078125 0.6203125 0.053125 0.08046875
0 0.40234375 0.5390625 0.04609375 0.08125
0 0.5453125 0.54453125 0.05 0.084375
0 0.49296875 0.54296875 0.0484375 0.084375
0 0.35859375 0.6140625 0.0453125 0.078125
0 0.4015625 0.4578125 0.046875 0.0828125
0 0.71328125 0.628125 0.0515625 0.08359375
0 0.60859375 0.70078125 0.04921875 0.07890625
0 0.36328125 0.68828125 0.04453125 0.0734375
0 0.49609375 0.77265625 0.04765625 0.078125
0 0.7046875 0.7859375 0.0515625 0.08125
0 0.22890625 0.53515625 0.04453125 0.0765625
0 0.49921875 0.37578125 0.05078125 0.08671875
0 0.709375 0.70859375 0.05078125 0.08125
0 0.65703125 0.70546875 0.05 0.08046875
0 0.55625 0.37578125 0.05625 0.0875
0 0.31328125 0.61171875 0.04375 0.07734375
0 0.2796875 0.68671875 0.0421875 0.0734375
0 0.721875 0.36953125 0.05703125 0.09140625
0 0.6125 0.375 0.0546875 0.08828125
0 0.70078125 0.45859375 0.05390625 0.0875
0 0.30859375 0.45625 0.04609375 0.08125
0 0.32109375 0.6890625 0.04296875 0.0734375
0 0.40703125 0.615625 0.04609375 0.078125
0 0.26640625 0.37734375 0.04375 0.08203125
0 0.44921875 0.76796875 0.04453125 0.07421875
0 0.7515625 0.79375 0.05234375 0.08203125
0 0.60625 0.77734375 0.04765625 0.078125
0 0.55859375 0.77578125 0.04765625 0.07890625
0 0.35703125 0.5390625 0.0453125 0.07890625
0 0.3078125 0.378125 0.046875 0.08203125
0 0.31171875 0.5375 0.04453125 0.07734375
0 0.2796875 0.75390625 0.0421875 0.071875
0 0.44921875 0.459375 0.0484375 0.0828125
0 0.3546875 0.4578125 0.0453125 0.08125
0 0.78125 0.37109375 0.05625 0.09296875
0 0.2296875 0.609375 0.0421875 0.075
0 0.234375 0.68203125 0.04453125 0.0734375
0 0.81484375 0.6359375 0.0546875 0.08671875
0 0.753125 0.4609375 0.0546875 0.0890625
0 0.3546875 0.37734375 0.046875 0.08359375
0 0.80390625 0.79765625 0.05390625 0.08203125
0 0.8125 0.71328125 0.05703125 0.08515625
0 0.36171875 0.7625 0.04296875 0.07265625
0 0.1796875 0.3796875 0.046875 0.08046875
0 0.190625 0.6796875 0.04375 0.0734375
0 0.40546875 0.76484375 0.04453125 0.075
0 0.225 0.45625 0.04453125 0.07890625
0 0.696875 0.5453125 0.0546875 0.0859375
0 0.14453125 0.45625 0.04453125 0.078125
0 0.87265625 0.63359375 0.05859375 0.0890625
0 0.184375 0.53515625 0.04296875 0.07578125
0 0.6546875 0.78125 0.04921875 0.078125
0 0.26953125 0.4578125 0.04375 0.08046875
0 0.15 0.67734375 0.0453125 0.0734375
0 0.1859375 0.60859375 0.04375 0.07421875
0 0.271875 0.6109375 0.04375 0.0765625
0 0.80703125 0.459375 0.0578125 0.090625
0 0.13515625 0.37890625 0.046875 0.0796875
0 0.146875 0.53359375 0.0421875 0.075
0 0.18203125 0.45703125 0.0421875 0.078125
0 0.8703125 0.72109375 0.05390625 0.08671875
0 0.73359375 0.303125 0.12890625 0.04453125
0 0.32109375 0.76015625 0.04296875 0.071875
0 0.26875 0.53984375 0.04375 0.0765625
0 0.4859375 0.2703125 0.11875 0.04296875
0 0.23515625 0.75703125 0.0453125 0.071875
0 0.22265625 0.378125 0.04453125 0.08203125
0 0.14609375 0.60703125 0.0453125 0.07421875
0 0.80390625 0.54765625 0.059375 0.08828125
0 0.48671875 0.2296875 0.11953125 0.0421875
0 0.3734375 0.31640625 0.1109375 0.040625
0 0.4875 0.3125 0.11796875 0.04453125
0 0.86015625 0.46015625 0.0625 0.09296875
0 0.265625 0.3171875 0.11015625 0.0421875
0 0.89609375 0.365625 0.06484375 0.09765625
0 0.84140625 0.36640625 0.0625 0.09453125
0 0.3703125 0.275 0.1125 0.04453125
0 0.48828125 0.1484375 0.12109375 0.04765625
0 0.85703125 0.79921875 0.0578125 0.08046875
0 0.48828125 0.19296875 0.12109375 0.04453125
0 0.86953125 0.303125 0.1375 0.0484375
0 0.60703125 0.3109375 0.12421875 0.04375
0 0.259375 0.28125 0.109375 0.040625
0 0.6078125 0.265625 0.125 0.0453125
0 0.60625 0.22734375 0.1234375 0.04921875
0 0.36875 0.2359375 0.1140625 0.04140625
0 0.74609375 0.54609375 0.0546875 0.08828125
0 0.15234375 0.20625 0.1046875 0.0421875
0 0.61015625 0.13359375 0.128125 0.04921875
0 0.15859375 0.28125 0.103125 0.04296875
0 0.36640625 0.1984375 0.1140625 0.04609375
0 0.371875 0.1578125 0.11328125 0.03984375
0 0.1578125 0.321875 0.10234375 0.040625
0 0.61484375 0.18359375 0.12734375 0.053125
0 0.73828125 0.13359375 0.13203125 0.05234375
0 0.871875 0.25546875 0.14140625 0.05
0 0.2640625 0.1625 0.1140625 0.03984375
0 0.15625 0.16328125 0.10703125 0.040625
0 0.73828125 0.259375 0.13359375 0.04921875
0 0.15390625 0.7484375 0.040625 0.07109375
0 0.25625 0.23828125 0.1109375 0.04453125
0 0.25859375 0.19921875 0.109375 0.046875
0 0.15546875 0.24375 0.10625 0.0421875
0 0.8828125 0.125 0.153125 0.05390625
0 0.73984375 0.22109375 0.13515625 0.0453125
0 0.74140625 0.175 0.12890625 0.04921875
0 0.88125 0.16796875 0.14375 0.05234375
0 0.87734375 0.21328125 0.140625 0.05546875
0 0.19296875 0.75078125 0.0453125 0.07578125