0 0.61171875 0.403125 0.04765625 0.078125
0 0.190625 0.58515625 0.05859375 0.0828125
0 0.4375 0.4875 0.0484375 0.08046875
0 0.4171875 0.80390625 0.04921875 0.0796875
0 0.38984375 0.48984375 0.05234375 0.08125
0 0.534375 0.559375 0.04765625 0.078125
0 0.5734375 0.48203125 0.046875 0.07734375
0 0.47421875 0.403125 0.05078125 0.0828125
0 0.190625 0.66640625 0.0578125 0.07734375
0 0.475 0.71875 0.04609375 0.07734375
0 0.48515625 0.4859375 0.04921875 0.07890625
0 0.3859375 0.7265625 0.04921875 0.078125
0 0.2375 0.74140625 0.05390625 0.08046875
0 0.61875 0.48046875 0.04609375 0.078125
0 0.2390625 0.5 0.05546875 0.08359375
0 0.54140625 0.634375 0.04609375 0.078125
0 0.621875 0.5546875 0.04609375 0.075
0 0.57734375 0.55703125 0.046875 0.0765625
0 0.66875 0.625 0.0421875 0.07421875
0 0.43046875 0.4078125 0.053125 0.0828125
0 0.346875 0.56953125 0.05078125 0.08125
0 0.52109375 0.7140625 0.04609375 0.07578125
0 0.5546875 0.78671875 0.04453125 0.07890625
0 0.28828125 0.73515625 0.053125 0.0796875
0 0.46328125 0.79921875 0.046875 0.0796875
0 0.4953125 0.6375 0.046875 0.07734375
0 0.29609375 0.5734375 0.053125 0.08125
0 0.70859375 0.55 0.04296875 0.075
0 0.521875 0.4015625 0.04921875 0.08046875
0 0.5078125 0.78984375 0.046875 0.07890625
0 0.59765625 0.78203125 0.04453125 0.0765625
0 0.6609375 0.47734375 0.04375 0.07734375
0 0.69296875 0.6984375 0.04296875 0.0734375
0 0.18671875 0.50390625 0.0578125 0.08515625
0 0.665625 0.55234375 0.0421875 0.075
0 0.6578125 0.4 0.04609375 0.078125
0 0.43359375 0.72265625 0.04765625 0.078125
0 0.653125 0.7015625 0.0421875 0.07578125
0 0.40078125 0.6484375 0.05 0.0796875
0 0.2453125 0.58203125 0.05390625 0.084375
0 0.34140625 0.49140625 0.05234375 0.08203125
0 0.39453125 0.56640625 0.05 0.08125
0 0.37890625 0.40625 0.053125 0.0828125
0 0.3734375 0.80859375 0.05 0.07890625
0 0.32890625 0.40859375 0.0546875 0.08203125
0 0.565625 0.7109375 0.04453125 0.07734375
0 0.3375 0.73046875 0.04921875 0.08046875
0 0.303125 0.6546875 0.05390625 0.08046875
0 0.7046875 0.47578125 0.0421875 0.078125
0 0.44921875 0.64609375 0.04921875 0.08125
0 0.353125 0.65078125 0.05078125 0.08125
0 0.24765625 0.66484375 0.05546875 0.07890625
0 0.53125 0.48359375 0.0484375 0.07734375
0 0.5671875 0.4015625 0.04453125 0.07890625
0 0.62578125 0.62734375 0.04296875 0.075
0 0.32421875 0.81171875 0.0515625 0.07890625
0 0.1875 0.75078125 0.05625 0.084375
0 0.75 0.61875 0.04296875 0.071875
0 0.74375 0.475 0.0421875 0.0765625
0 0.22421875 0.82421875 0.0546875 0.08203125
0 0.58203125 0.63125 0.04453125 0.07734375
0 0.60859375 0.70703125 0.0453125 0.07578125
0 0.28984375 0.49453125 0.05390625 0.08203125
0 0.82578125 0.47109375 0.0421875 0.0734375
0 0.86796875 0.540625 0.040625 0.071875
0 0.22578125 0.4140625 0.05859375 0.0859375
0 0.78125 0.396875 0.04375 0.07578125
0 0.86328125 0.46953125 0.040625 0.07265625
0 0.2859375 0.19453125 0.13125 0.04140625
0 0.27578125 0.81953125 0.053125 0.08203125
0 0.6375 0.7765625 0.04296875 0.078125
0 0.73515625 0.69453125 0.04296875 0.07109375
0 0.7109375 0.621875 0.04296875 0.075
0 0.83203125 0.5421875 0.0390625 0.07265625
0 0.86328125 0.39296875 0.04609375 0.07578125
0 0.7828125 0.47265625 0.04140625 0.075
0 0.746875 0.546875 0.04453125 0.07578125
0 0.790625 0.54453125 0.0421875 0.0734375
0 0.48984375 0.5625 0.0484375 0.07734375
0 0.44375 0.565625 0.05078125 0.08125
0 0.27890625 0.41328125 0.05546875 0.084375
0 0.7921875 0.615625 0.040625 0.0734375
0 0.634375 0.271875 0.1046875 0.03984375
0 0.821875 0.39453125 0.0453125 0.07578125
0 0.87265625 0.61171875 0.04140625 0.07109375
0 0.7359375 0.30625 0.1 0.04140625
0 0.16953125 0.41875 0.06640625 0.08828125
0 0.53125 0.3078125 0.10859375 0.040625
0 0.7765625 0.69140625 0.04140625 0.07265625
0 0.6359375 0.30625 0.1046875 0.03828125
0 0.8328125 0.61484375 0.040625 0.07265625
0 0.52421875 0.2328125 0.1109375 0.03984375
0 0.52421875 0.2 0.10859375 0.03828125
0 0.73828125 0.39765625 0.04296875 0.0765625
0 0.7 0.396875 0.04453125 0.07734375
0 0.534375 0.34375 0.1078125 0.0390625
0 0.63046875 0.234375 0.10390625 0.0390625
0 0.625 0.20234375 0.1046875 0.0375
0 0.6328125 0.34375 0.10234375 0.03828125
0 0.525 0.27109375 0.11015625 0.040625
0 0.4234375 0.34609375 0.11484375 0.0390625
0 0.85625 0.68359375 0.04296875 0.06796875
0 0.72734375 0.2046875 0.10546875 0.040625
0 0.73984375 0.34140625 0.10234375 0.040625
0 0.81875 0.68828125 0.04296875 0.07109375
0 0.18671875 0.35234375 0.1328125 0.046875
0 0.42109375 0.31171875 0.11484375 0.0390625
0 0.4125 0.20390625 0.1140625 0.03828125
0 0.8390625 0.30703125 0.09921875 0.03984375
0 0.7328125 0.2703125 0.10390625 0.04375
0 0.82890625 0.2046875 0.10078125 0.04140625
0 0.30859375 0.34765625 0.121875 0.040625
0 0.8328125 0.340625 0.10234375 0.04140625
0 0.41796875 0.27265625 0.1140625 0.03984375
0 0.73671875 0.2375 0.1046875 0.040625
0 0.415625 0.2359375 0.115625 0.03984375
0 0.83125 0.2375 0.1 0.040625
0 0.17890625 0.31875 0.13515625 0.04765625
0 0.1734375 0.27734375 0.1375 0.04609375
0 0.68046875 0.771875 0.04375 0.07578125
0 0.8375 0.2703125 0.1 0.0421875
0 0.1578125 0.19609375 0.14375 0.0546875
0 0.303125 0.3109375 0.12578125 0.04296875
0 0.16796875 0.23671875 0.1375 0.046875
0 0.290625 0.2328125 0.1265625 0.0390625
0 0.2984375 0.26953125 0.1234375 0.04140625
0 0.7203125 0.7671875 0.0484375 0.071875
0 0.75859375 0.76171875 0.046875 0.0765625
0 0.79921875 0.75625 0.04375 0.07578125
0 0.83828125 0.75390625 0.0421875 0.0765625
0 0.87578125 0.75 0.0453125 0.07734375