0 0.61875 0.5140625 0.078125 0.0328125
0 0.53046875 0.6140625 0.0796875 0.03125
0 0.44765625 0.63359375 0.08125 0.03125
0 0.46171875 0.4390625 0.08125 0.0359375
0 0.52265625 0.69609375 0.078125 0.0296875
0 0.6203125 0.48828125 0.078125 0.034375
0 0.5453125 0.475 0.08125 0.034375
0 0.51875 0.775 0.0796875 0.028125
0 0.546875 0.421875 0.08125 0.034375
0 0.45859375 0.49609375 0.08125 0.0328125
0 0.53828125 0.534375 0.078125 0.03125
0 0.63046875 0.37578125 0.078125 0.034375
0 0.36953125 0.5703125 0.0875 0.0328125
0 0.35703125 0.76640625 0.084375 0.03125
0 0.6234375 0.43359375 0.078125 0.034375
0 0.534375 0.58828125 0.078125 0.03125
0 0.62109375 0.45859375 0.078125 0.034375
0 0.440625 0.7703125 0.08125 0.028125
0 0.5171875 0.8 0.0796875 0.028125
0 0.45078125 0.60703125 0.08125 0.03125
0 0.3734375 0.5140625 0.0890625 0.0375
0 0.4625 0.41171875 0.084375 0.0375
0 0.546875 0.4484375 0.08125 0.034375
0 0.52890625 0.6390625 0.078125 0.03125
0 0.596875 0.75546875 0.075 0.0296875
0 0.609375 0.59609375 0.078125 0.03125
0 0.52109375 0.72109375 0.078125 0.0296875
0 0.44609375 0.71640625 0.084375 0.03125
0 0.371875 0.5453125 0.0875 0.034375
0 0.534375 0.559375 0.078125 0.0328125
0 0.46015625 0.46640625 0.0828125 0.034375
0 0.62734375 0.403125 0.078125 0.034375
0 0.45703125 0.5234375 0.0828125 0.03125
0 0.36875 0.6015625 0.0875 0.03125
0 0.4546875 0.55234375 0.084375 0.034375
0 0.540625 0.5046875 0.078125 0.0328125
0 0.44765625 0.6625 0.0828125 0.03125
0 0.690625 0.5265625 0.0734375 0.0328125
0 0.375 0.4859375 0.0875 0.0359375
0 0.6890625 0.5515625 0.0734375 0.03125
0 0.55 0.38984375 0.08125 0.0375
0 0.44375 0.74609375 0.0828125 0.0296875
0 0.3578125 0.73671875 0.084375 0.03125
0 0.615625 0.54296875 0.078125 0.03125
0 0.51875 0.75 0.078125 0.0296875
0 0.69765625 0.4703125 0.075 0.0375
0 0.446875 0.690625 0.0828125 0.0296875
0 0.6078125 0.62109375 0.078125 0.03125
0 0.609375 0.56875 0.08125 0.0296875
0 0.52890625 0.66796875 0.0796875 0.03125
0 0.4515625 0.57890625 0.08125 0.03125
0 0.553125 0.33359375 0.084375 0.040625
0 0.3625 0.71171875 0.084375 0.03125
0 0.6390625 0.2875 0.078125 0.0421875
0 0.3671875 0.62734375 0.0875 0.03125
0 0.69609375 0.49765625 0.075 0.034375
0 0.4640625 0.38203125 0.084375 0.0359375
0 0.5953125 0.78046875 0.075 0.0296875
0 0.4390625 0.79609375 0.08125 0.028125
0 0.60390625 0.65 0.078125 0.0296875
0 0.37734375 0.39765625 0.090625 0.040625
0 0.5984375 0.72578125 0.075 0.03125
0 0.378125 0.4296875 0.0875 0.040625
0 0.18125 0.86328125 0.021875 0.109375
0 0.5578125 0.27265625 0.084375 0.040625
0 0.3546875 0.7921875 0.0875 0.0296875
0 0.38828125 0.21640625 0.090625 0.0484375
0 0.4671875 0.3484375 0.084375 0.0375
0 0.75703125 0.56015625 0.075 0.034375
0 0.3796875 0.36953125 0.0890625 0.04375
0 0.35390625 0.815625 0.0875 0.03125
0 0.38515625 0.2796875 0.0875 0.0453125
0 0.515625 0.828125 0.078125 0.028125
0 0.75 0.63359375 0.0734375 0.0421875
0 0.3640625 0.6828125 0.0875 0.0296875
0 0.7609375 0.5359375 0.0734375 0.034375
0 0.55078125 0.3640625 0.08125 0.0375
0 0.7 0.44453125 0.075 0.0375
0 0.38515625 0.2484375 0.090625 0.0453125
0 0.5546875 0.30234375 0.0828125 0.04375
0 0.603125 0.67578125 0.078125 0.03125
0 0.703125 0.40078125 0.0734375 0.059375
0 0.434375 0.82265625 0.08125 0.034375
0 0.20234375 0.265625 0.03125 0.134375
0 0.63203125 0.31796875 0.08125 0.0375
0 0.359375 0.65703125 0.0890625 0.03125
0 0.35234375 0.8484375 0.0859375 0.0328125
0 0.3125 0.528125 0.03125 0.11875
0 0.6703125 0.7296875 0.075 0.028125
0 0.475 0.2625 0.084375 0.04375
0 0.765625 0.5078125 0.071875 0.034375
0 0.47734375 0.2 0.0890625 0.0390625
0 0.58203125 0.90390625 0.078125 0.03125
0 0.6296875 0.3453125 0.0796875 0.034375
0 0.70234375 0.41875 0.075 0.0390625
0 0.5625 0.2125 0.084375 0.05
0 0.59296875 0.80859375 0.0765625 0.028125
0 0.37734375 0.45703125 0.0859375 0.0359375
0 0.47109375 0.29375 0.084375 0.040625
0 0.75625 0.58671875 0.075 0.0328125
0 0.275 0.27578125 0.025 0.13125
0 0.6796875 0.62734375 0.0734375 0.03125
0 0.22734375 0.26328125 0.034375 0.13125
0 0.640625 0.26015625 0.0796875 0.04375
0 0.203125 0.1171875 0.04375 0.1390625
0 0.58515625 0.8796875 0.078125 0.03125
0 0.20625 0.865625 0.0265625 0.1109375
0 0.228125 0.865625 0.028125 0.109375
0 0.25234375 0.8671875 0.028125 0.10625
0 0.27578125 0.86484375 0.0296875 0.10625
0 0.29765625 0.86484375 0.0296875 0.10625
0 0.1875 0.753125 0.03125 0.1140625
0 0.21171875 0.75234375 0.0265625 0.1125
0 0.23515625 0.7546875 0.0265625 0.1140625
0 0.2578125 0.75625 0.0296875 0.1125
0 0.28046875 0.75546875 0.0296875 0.1140625
0 0.303125 0.7578125 0.0296875 0.1109375
0 0.18984375 0.63828125 0.0296875 0.1171875
0 0.2140625 0.6390625 0.028125 0.11875
0 0.2390625 0.63984375 0.0296875 0.11875
0 0.26171875 0.6421875 0.028125 0.115625
0 0.2859375 0.64296875 0.0296875 0.115625
0 0.3078125 0.6453125 0.028125 0.115625
0 0.19140625 0.515625 0.03125 0.121875
0 0.2171875 0.51953125 0.0296875 0.121875
0 0.24140625 0.521875 0.03125 0.121875
0 0.26484375 0.5265625 0.0265625 0.11875
0 0.290625 0.52734375 0.028125 0.1203125
0 0.19921875 0.39296875 0.03125 0.128125
0 0.22421875 0.39375 0.03125 0.125
0 0.2484375 0.39609375 0.028125 0.125
0 0.27265625 0.40234375 0.028125 0.125
0 0.29609375 0.40546875 0.03125 0.121875
0 0.31796875 0.4125 0.03125 0.125
0 0.253125 0.2703125 0.028125 0.1265625
0 0.30078125 0.28203125 0.028125 0.13125
0 0.325 0.2875 0.028125 0.128125
0 0.23125 0.121875 0.0390625 0.1390625
0 0.2578125 0.140625 0.034375 0.13125
0 0.28203125 0.146875 0.03125 0.134375
0 0.30546875 0.1515625 0.034375 0.13125
0 0.3328125 0.1609375 0.0296875 0.1328125
0 0.29921875 0.0671875 0.096875 0.075
0 0.39453125 0.08671875 0.09375 0.0578125
0 0.39296875 0.11796875 0.0921875 0.0578125
0 0.3921875 0.1515625 0.090625 0.053125
0 0.38828125 0.18046875 0.0875 0.053125
0 0.37890625 0.33828125 0.0875 0.0484375
0 0.38125 0.30703125 0.0875 0.046875
0 0.35078125 0.87421875 0.0890625 0.028125
0 0.3484375 0.9 0.08125 0.0296875
0 0.4296875 0.903125 0.0828125 0.0296875
0 0.43046875 0.87734375 0.0828125 0.025
0 0.43125 0.85234375 0.08125 0.028125
0 0.5078125 0.903125 0.078125 0.0296875
0 0.50859375 0.87890625 0.08125 0.025
0 0.51015625 0.8546875 0.08125 0.028125
0 0.58671875 0.85625 0.078125 0.028125
0 0.5875 0.8328125 0.078125 0.0265625
0 0.596875 0.703125 0.0765625 0.028125
0 0.46796875 0.32109375 0.0875 0.04375
0 0.4765625 0.23046875 0.0859375 0.05
0 0.478125 0.1703125 0.0875 0.053125
0 0.48046875 0.13828125 0.08125 0.053125
0 0.48359375 0.1078125 0.0875 0.053125
0 0.5671875 0.12265625 0.0828125 0.05
0 0.565625 0.15390625 0.08125 0.0484375
0 0.56328125 0.184375 0.08125 0.05
0 0.55859375 0.24453125 0.08125 0.05
0 0.64921875 0.14140625 0.078125 0.05
0 0.64609375 0.1734375 0.078125 0.046875
0 0.64453125 0.2015625 0.08125 0.05
0 0.64375 0.23125 0.08125 0.046875
0 0.72734375 0.15859375 0.078125 0.05
0 0.72421875 0.18828125 0.078125 0.0484375
0 0.72109375 0.21875 0.075 0.046875
0 0.71640625 0.2484375 0.078125 0.04375
0 0.7140625 0.275 0.075 0.04375
0 0.7125 0.30546875 0.078125 0.0453125
0 0.70859375 0.33515625 0.075 0.0421875
0 0.70546875 0.3625 0.0765625 0.040625
0 0.684375 0.578125 0.075 0.0328125
0 0.68046875 0.603125 0.071875 0.034375
0 0.6765625 0.65390625 0.071875 0.0296875
0 0.67421875 0.68359375 0.071875 0.034375
0 0.67109375 0.70703125 0.0734375 0.03125
0 0.66640625 0.75703125 0.071875 0.03125
0 0.66640625 0.7828125 0.071875 0.028125
0 0.66484375 0.80859375 0.071875 0.0265625
0 0.66171875 0.83359375 0.0734375 0.025
0 0.6578125 0.85859375 0.0703125 0.0265625
0 0.65625 0.88125 0.071875 0.0265625
0 0.65390625 0.9046875 0.0734375 0.025
0 0.721875 0.90859375 0.071875 0.0265625
0 0.725 0.884375 0.06875 0.028125
0 0.72578125 0.86015625 0.06875 0.025
0 0.7296875 0.8359375 0.06875 0.028125
0 0.73046875 0.81171875 0.06875 0.0296875
0 0.73046875 0.7859375 0.06875 0.0296875
0 0.7328125 0.76015625 0.0703125 0.028125
0 0.7359375 0.7359375 0.06875 0.025
0 0.73828125 0.71328125 0.071875 0.0296875
0 0.74140625 0.68828125 0.0703125 0.025
0 0.7453125 0.6625 0.06875 0.0296875
0 0.74921875 0.6109375 0.06875 0.034375
0 0.76640625 0.48203125 0.071875 0.0375
0 0.76875 0.45703125 0.071875 0.0359375
0 0.77265625 0.43046875 0.0703125 0.0375
0 0.7734375 0.403125 0.0671875 0.0375
0 0.7765625 0.37578125 0.071875 0.040625
0 0.77890625 0.34765625 0.071875 0.040625
0 0.7828125 0.31953125 0.0734375 0.040625
0 0.78671875 0.29140625 0.075 0.0421875
0 0.78828125 0.26328125 0.0734375 0.040625
0 0.790625 0.23671875 0.071875 0.0421875
0 0.7953125 0.20625 0.075 0.046875
0 0.796875 0.1796875 0.0734375 0.046875