0 0.34296875 0.2171875 0.0765625 0.046875
0 0.28046875 0.54609375 0.071875 0.0421875
0 0.421875 0.46328125 0.071875 0.04375
0 0.56875 0.35078125 0.078125 0.046875
0 0.26953125 0.22109375 0.075 0.05
0 0.20546875 0.41875 0.071875 0.04375
0 0.271875 0.31015625 0.071875 0.046875
0 0.49296875 0.425 0.075 0.04375
0 0.565625 0.48671875 0.075 0.0453125
0 0.421875 0.50859375 0.071875 0.04375
0 0.49375 0.33359375 0.075 0.046875
0 0.5671875 0.52734375 0.075 0.0421875
0 0.28203125 0.5859375 0.071875 0.040625
0 0.34765625 0.440625 0.075 0.04375
0 0.3453125 0.39609375 0.071875 0.04375
0 0.56796875 0.396875 0.078125 0.0453125
0 0.284375 0.628125 0.071875 0.040625
0 0.49375 0.28671875 0.075 0.046875
0 0.34375 0.26328125 0.075 0.046875
0 0.4890625 0.37578125 0.075 0.04375
0 0.2078125 0.4625 0.071875 0.04375
0 0.3453125 0.3515625 0.075 0.04375
0 0.49375 0.23984375 0.075 0.05
0 0.28046875 0.50234375 0.071875 0.04375
0 0.42109375 0.378125 0.075 0.04375
0 0.421875 0.41953125 0.0734375 0.04375
0 0.5671875 0.44296875 0.075 0.04375
0 0.42109375 0.33125 0.075 0.046875
0 0.49375 0.753125 0.06875 0.040625
0 0.4203125 0.2859375 0.075 0.046875
0 0.49375 0.59140625 0.071875 0.040625
0 0.275 0.4109375 0.071875 0.05
0 0.27734375 0.45625 0.0734375 0.04375
0 0.42421875 0.63125 0.071875 0.040625
0 0.49296875 0.67421875 0.071875 0.040625
0 0.21640625 0.62890625 0.071875 0.040625
0 0.56796875 0.653125 0.075 0.046875
0 0.3484375 0.48203125 0.071875 0.04375
0 0.34375 0.30625 0.075 0.046875
0 0.20390625 0.37734375 0.071875 0.0453125
0 0.49296875 0.6328125 0.071875 0.040625
0 0.56328125 0.734375 0.0734375 0.04375
0 0.56875 0.2140625 0.078125 0.05
0 0.27109375 0.26875 0.075 0.0484375
0 0.56796875 0.30390625 0.078125 0.04375
0 0.4234375 0.553125 0.071875 0.0453125
0 0.49375 0.55234375 0.0734375 0.040625
0 0.2109375 0.5484375 0.06875 0.04375
0 0.2109375 0.50546875 0.071875 0.0421875
0 0.34921875 0.52421875 0.071875 0.0421875
0 0.21328125 0.58671875 0.0703125 0.040625
0 0.49375 0.715625 0.0703125 0.0390625
0 0.5625 0.7765625 0.075 0.040625
0 0.56171875 0.81640625 0.071875 0.040625
0 0.56953125 0.26171875 0.078125 0.046875
0 0.65546875 0.56640625 0.0375 0.1
0 0.4203125 0.240625 0.075 0.046875
0 0.49296875 0.875 0.06875 0.040625
0 0.19296875 0.228125 0.075 0.0515625
0 0.42109375 0.67265625 0.06875 0.0421875
0 0.565625 0.56953125 0.0734375 0.04375
0 0.2734375 0.35703125 0.0734375 0.046875
0 0.56171875 0.85546875 0.071875 0.04375
0 0.42421875 0.71328125 0.06875 0.040625
0 0.21796875 0.66953125 0.06875 0.040625
0 0.2 0.28671875 0.075 0.05
0 0.49296875 0.83359375 0.06875 0.04375
0 0.2015625 0.3328125 0.0734375 0.0453125
0 0.4265625 0.8484375 0.0703125 0.0796875
0 0.35390625 0.72734375 0.06875 0.040625
0 0.49375 0.46875 0.075 0.04375
0 0.56484375 0.6125 0.0734375 0.0421875
0 0.28671875 0.709375 0.06875 0.0421875
0 0.35078125 0.56796875 0.071875 0.0421875
0 0.62578125 0.24140625 0.0375 0.1109375
0 0.49296875 0.509375 0.075 0.0453125
0 0.65703125 0.46328125 0.0390625 0.10625
0 0.35625 0.68671875 0.06875 0.040625
0 0.3546875 0.61015625 0.071875 0.040625
0 0.61875 0.5671875 0.0359375 0.1
0 0.61640625 0.66484375 0.034375 0.096875
0 0.22265625 0.82265625 0.0671875 0.0390625
0 0.2859375 0.66953125 0.071875 0.040625
0 0.35234375 0.65 0.0703125 0.040625
0 0.48828125 0.79296875 0.06875 0.040625
0 0.3578125 0.85 0.06875 0.053125
0 0.42421875 0.58984375 0.0703125 0.0390625
0 0.65234375 0.66328125 0.0375 0.096875
0 0.6203125 0.4625 0.0375 0.103125
0 0.28828125 0.7859375 0.0671875 0.0375
0 0.615625 0.759375 0.0359375 0.09375
0 0.29140625 0.85859375 0.06875 0.04375
0 0.28828125 0.75078125 0.0671875 0.040625
0 0.22578125 0.8578125 0.065625 0.040625
0 0.64609375 0.85390625 0.0375 0.09375
0 0.61640625 0.85390625 0.0359375 0.0953125
0 0.68828125 0.46484375 0.0390625 0.1078125
0 0.21875 0.70859375 0.06875 0.040625
0 0.62890625 0.35390625 0.040625 0.109375
0 0.2203125 0.78359375 0.06875 0.0390625
0 0.66171875 0.24296875 0.0390625 0.1125
0 0.66015625 0.353125 0.040625 0.109375
0 0.7421875 0.8609375 0.040625 0.096875
0 0.6859375 0.56640625 0.0375 0.103125
0 0.64921875 0.7609375 0.0359375 0.09375
0 0.35859375 0.8046875 0.06875 0.04375
0 0.4234375 0.7734375 0.0703125 0.08125
0 0.7703125 0.23984375 0.04375 0.115625
0 0.68359375 0.665625 0.0390625 0.1
0 0.21875 0.74921875 0.0671875 0.0421875
0 0.7609375 0.46015625 0.040625 0.10625
0 0.7203125 0.4625 0.0390625 0.10625
0 0.6953125 0.24375 0.040625 0.1140625
0 0.675 0.859375 0.0375 0.096875
0 0.290625 0.82265625 0.0671875 0.0375
0 0.70625 0.86328125 0.040625 0.096875
0 0.7359375 0.24140625 0.04375 0.115625
0 0.69375 0.35234375 0.040625 0.109375
0 0.6796875 0.76328125 0.0390625 0.0953125
0 0.74921875 0.76796875 0.0390625 0.0984375
0 0.35546875 0.76640625 0.0703125 0.040625
0 0.7171875 0.56875 0.0375 0.1
0 0.7546875 0.5671875 0.040625 0.1
0 0.76796875 0.35078125 0.040625 0.109375
0 0.73359375 0.35 0.040625 0.1125
0 0.75390625 0.66875 0.0390625 0.103125
0 0.71875 0.66953125 0.0375 0.1015625
0 0.71640625 0.7671875 0.0375 0.0984375
0 0.5671875 0.69453125 0.075 0.04375