0 0.49765625 0.66328125 0.0296875 0.1875
0 0.134375 0.8390625 0.03125 0.175
0 0.546875 0.6609375 0.03125 0.1875
0 0.4453125 0.6640625 0.0296875 0.184375
0 0.39375 0.6625 0.0328125 0.184375
0 0.89921875 0.28828125 0.03125 0.190625
0 0.75546875 0.8484375 0.034375 0.184375
0 0.61640625 0.8484375 0.03125 0.184375
0 0.6171875 0.6671875 0.03125 0.190625
0 0.3203125 0.290625 0.0296875 0.1890625
0 0.11015625 0.83828125 0.0359375 0.175
0 0.47109375 0.6640625 0.0296875 0.184375
0 0.2671875 0.4765625 0.04375 0.1921875
0 0.44765625 0.29609375 0.028125 0.184375
0 0.6109375 0.478125 0.0421875 0.184375
0 0.26875 0.84609375 0.028125 0.178125
0 0.725 0.28984375 0.028125 0.190625
0 0.64453125 0.66484375 0.03125 0.190625
0 0.84765625 0.296875 0.03125 0.190625
0 0.37265625 0.2921875 0.0328125 0.1890625
0 0.49296875 0.85 0.03125 0.190625
0 0.82265625 0.29609375 0.03125 0.1875
0 0.2203125 0.84609375 0.03125 0.175
0 0.69140625 0.4765625 0.03125 0.190625
0 0.27421875 0.6640625 0.03125 0.184375
0 0.0953125 0.29765625 0.034375 0.184375
0 0.52109375 0.6609375 0.03125 0.1875
0 0.89921875 0.84296875 0.03125 0.1703125
0 0.425 0.29609375 0.0296875 0.18125
0 0.4609375 0.85234375 0.03125 0.1859375
0 0.665625 0.66796875 0.034375 0.1953125
0 0.1203125 0.29609375 0.028125 0.1890625
0 0.56640625 0.84765625 0.028125 0.184375
0 0.23046875 0.2890625 0.0328125 0.1875
0 0.3984375 0.2953125 0.03125 0.1828125
0 0.92578125 0.28671875 0.03125 0.190625
0 0.6515625 0.48203125 0.05 0.1859375
0 0.7796875 0.84921875 0.034375 0.184375
0 0.603125 0.29296875 0.03125 0.190625
0 0.69375 0.6671875 0.034375 0.196875
0 0.7015625 0.29375 0.03125 0.19375
0 0.875 0.29375 0.0296875 0.190625
0 0.4359375 0.48203125 0.046875 0.184375
0 0.38984375 0.84609375 0.03125 0.178125
0 0.18125 0.296875 0.03125 0.1875
0 0.5921875 0.84921875 0.028125 0.184375
0 0.29765625 0.66640625 0.034375 0.1828125
0 0.5765625 0.29375 0.03125 0.1875
0 0.4234375 0.665625 0.0296875 0.1875
0 0.24375 0.8453125 0.0265625 0.175
0 0.315625 0.846875 0.0296875 0.18125
0 0.80703125 0.8484375 0.034375 0.184375
0 0.1234375 0.659375 0.03125 0.178125
0 0.71640625 0.475 0.03125 0.1890625
0 0.20859375 0.29453125 0.03125 0.1859375
0 0.9265625 0.84375 0.0328125 0.1703125
0 0.5515625 0.29453125 0.0328125 0.184375
0 0.571875 0.665625 0.0359375 0.190625
0 0.90703125 0.47734375 0.034375 0.19375
0 0.73203125 0.84765625 0.025 0.18125
0 0.69140625 0.84765625 0.03125 0.1796875
0 0.675 0.29375 0.03125 0.19375
0 0.17734375 0.840625 0.03125 0.171875
0 0.8578125 0.47890625 0.03125 0.19375
0 0.815625 0.475 0.034375 0.1875
0 0.58984375 0.66328125 0.03125 0.1890625
0 0.15859375 0.8390625 0.025 0.175
0 0.3390625 0.84609375 0.0296875 0.1796875
0 0.85078125 0.8453125 0.034375 0.178125
0 0.87890625 0.8453125 0.03125 0.1734375
0 0.3609375 0.84609375 0.028125 0.178125
0 0.65078125 0.29375 0.0296875 0.190625
0 0.4375 0.85546875 0.028125 0.1828125
0 0.58671875 0.48359375 0.0484375 0.184375
0 0.765625 0.4734375 0.034375 0.184375
0 0.6265625 0.29296875 0.03125 0.190625
0 0.93515625 0.47578125 0.03125 0.19375
0 0.28046875 0.28828125 0.0328125 0.1875
0 0.28984375 0.846875 0.028125 0.18125
0 0.7109375 0.846875 0.028125 0.1796875
0 0.34375 0.28984375 0.03125 0.1890625
0 0.4125 0.84765625 0.028125 0.178125
0 0.74765625 0.2890625 0.028125 0.190625
0 0.94921875 0.8453125 0.03125 0.1734375
0 0.09765625 0.47890625 0.0375 0.1875
0 0.828125 0.846875 0.03125 0.18125
0 0.78828125 0.47421875 0.0296875 0.1875
0 0.159375 0.6609375 0.034375 0.18125
0 0.20390625 0.66484375 0.0375 0.190625
0 0.5171875 0.8484375 0.03125 0.1875
0 0.3453125 0.66484375 0.0375 0.18125
0 0.51484375 0.29765625 0.0328125 0.18125
0 0.41171875 0.48046875 0.05 0.1828125
0 0.1609375 0.29921875 0.03125 0.1875
0 0.253125 0.2953125 0.0296875 0.184375
0 0.6640625 0.8484375 0.028125 0.184375
0 0.49375 0.29765625 0.03125 0.1859375
0 0.91640625 0.6671875 0.0359375 0.190625
0 0.7421875 0.47578125 0.028125 0.1859375
0 0.53671875 0.47734375 0.0453125 0.184375
0 0.74296875 0.66328125 0.0375 0.190625
0 0.95 0.2875 0.0328125 0.190625
0 0.56015625 0.4796875 0.0421875 0.184375
0 0.08046875 0.8375 0.0375 0.18125
0 0.796875 0.2921875 0.0296875 0.1875
0 0.88671875 0.66875 0.0328125 0.190625
0 0.775 0.28984375 0.03125 0.1875
0 0.3703125 0.6625 0.0375 0.184375
0 0.8828125 0.47890625 0.03125 0.190625
0 0.23984375 0.478125 0.040625 0.19375
0 0.06640625 0.2921875 0.040625 0.190625
0 0.1390625 0.29609375 0.025 0.184375
0 0.29921875 0.28828125 0.01875 0.190625
0 0.46953125 0.29375 0.03125 0.184375
0 0.5109375 0.47734375 0.0609375 0.18125
0 0.48828125 0.478125 0.05625 0.18125
0 0.3875 0.478125 0.0515625 0.184375
0 0.3609375 0.47734375 0.05 0.1859375
0 0.33828125 0.478125 0.05 0.1875
0 0.31328125 0.4765625 0.05 0.184375
0 0.290625 0.47734375 0.05 0.1875
0 0.2140625 0.47734375 0.046875 0.1890625
0 0.190625 0.47734375 0.04375 0.1890625
0 0.16640625 0.48046875 0.0484375 0.1875
0 0.14140625 0.4796875 0.0453125 0.1875
0 0.12265625 0.4796875 0.0375 0.184375
0 0.06796875 0.4796875 0.0390625 0.184375
0 0.075 0.6609375 0.034375 0.1828125
0 0.1 0.6609375 0.034375 0.178125
0 0.1796875 0.6625 0.0359375 0.184375
0 0.22578125 0.66328125 0.0296875 0.184375
0 0.24921875 0.66328125 0.0359375 0.1859375
0 0.32265625 0.66171875 0.04375 0.184375
0 0.71484375 0.6609375 0.034375 0.1875
0 0.76484375 0.6609375 0.0359375 0.1890625
0 0.78984375 0.6625 0.0359375 0.1890625
0 0.81484375 0.6625 0.0375 0.1875
0 0.840625 0.66328125 0.0359375 0.1875
0 0.8640625 0.6640625 0.0375 0.184375
0 0.93359375 0.6625 0.034375 0.190625
0 0.9578125 0.6609375 0.0328125 0.1875
0 0.19921875 0.8390625 0.0296875 0.171875
0 0.540625 0.84375 0.028125 0.18125
0 0.640625 0.84765625 0.0296875 0.1875
0 0.95546875 0.4734375 0.025 0.190625