0 0.22890625 0.496875 0.1796875 0.22734375
0 0.39765625 0.5078125 0.146875 0.2
0 0.54765625 0.5140625 0.13203125 0.19140625
0 0.8125 0.51796875 0.1203125 0.171875
0 0.68359375 0.521875 0.12109375 0.17578125
0 0.70546875 0.70390625 0.121875 0.20703125
0 0.390625 0.7234375 0.15859375 0.23203125
0 0.23984375 0.31328125 0.16328125 0.16953125
0 0.83125 0.70234375 0.12109375 0.19375
0 0.39765625 0.334375 0.1390625 0.1484375
0 0.5515625 0.71015625 0.13984375 0.21796875
0 0.55390625 0.3515625 0.11796875 0.14140625
0 0.671875 0.36796875 0.11484375 0.125
0 0.78515625 0.3734375 0.1109375 0.11796875
0 0.21875 0.72734375 0.1859375 0.2453125