0 0.72890625 0.5125 0.140625 0.171875
0 0.71953125 0.6859375 0.128125 0.159375
0 0.715625 0.33515625 0.134375 0.175
0 0.20390625 0.38359375 0.190625 0.028125
0 0.20546875 0.86328125 0.1875 0.04375
0 0.2078125 0.88828125 0.184375 0.0375
0 0.203125 0.83828125 0.1875 0.0390625
0 0.2046875 0.6890625 0.1875 0.0453125
0 0.20625 0.78515625 0.18125 0.046875
0 0.20234375 0.53125 0.1921875 0.04375
0 0.7203125 0.871875 0.125 0.1875
0 0.2015625 0.6609375 0.184375 0.0421875
0 0.7375 0.1546875 0.134375 0.1703125
0 0.2015625 0.1953125 0.1875 0.0296875
0 0.2 0.503125 0.2 0.0375
0 0.20390625 0.29140625 0.1875 0.03125
0 0.203125 0.58515625 0.190625 0.0453125
0 0.2078125 0.81328125 0.184375 0.0453125
0 0.39609375 0.7125 0.1984375 0.03125
0 0.2015625 0.56015625 0.190625 0.0453125
0 0.1984375 0.6078125 0.190625 0.046875
0 0.2046875 0.71484375 0.1921875 0.0640625
0 0.19765625 0.4359375 0.190625 0.03125
0 0.2015625 0.22109375 0.184375 0.028125
0 0.2078125 0.91171875 0.1859375 0.0359375
0 0.2015625 0.359375 0.190625 0.0328125
0 0.20703125 0.76171875 0.18125 0.046875
0 0.3953125 0.5140625 0.196875 0.0375
0 0.396875 0.7875 0.196875 0.03125
0 0.39609375 0.6875 0.2 0.034375
0 0.39765625 0.76484375 0.1984375 0.03125
0 0.396875 0.73671875 0.2 0.03125
0 0.20234375 0.24375 0.1875 0.0296875
0 0.203125 0.45546875 0.190625 0.028125
0 0.390625 0.3671875 0.1984375 0.0390625
0 0.39296875 0.48828125 0.196875 0.040625
0 0.20234375 0.45625 0.190625 0.025
0 0.6515625 0.5921875 0.01875 0.25
0 0.5640625 0.5921875 0.021875 0.25
0 0.20234375 0.32109375 0.1875 0.03125
0 0.39453125 0.6625 0.196875 0.0375
0 0.55 0.59296875 0.0171875 0.25
0 0.39296875 0.6390625 0.196875 0.0375
0 0.20625 0.73515625 0.1875 0.065625
0 0.65390625 0.84375 0.021875 0.253125
0 0.2109375 0.96640625 0.190625 0.0421875
0 0.20390625 0.26796875 0.1875 0.028125
0 0.396875 0.81015625 0.190625 0.034375
0 0.2109375 0.93671875 0.1875 0.0390625
0 0.3953125 0.10859375 0.1859375 0.03125
0 0.3921875 0.29140625 0.190625 0.0375
0 0.3890625 0.33828125 0.2015625 0.0375
0 0.6046875 0.33984375 0.021875 0.25
0 0.39296875 0.5421875 0.19375 0.040625
0 0.396875 0.08515625 0.1875 0.040625
0 0.578125 0.08515625 0.178125 0.03125
0 0.5765625 0.1109375 0.178125 0.025
0 0.575 0.1328125 0.175 0.01875
0 0.57890625 0.146875 0.184375 0.01875
0 0.58125 0.16640625 0.1875 0.028125
0 0.58046875 0.190625 0.1890625 0.034375
0 0.64296875 0.33046875 0.0203125 0.2609375
0 0.62421875 0.33671875 0.01875 0.25625
0 0.5859375 0.33671875 0.0203125 0.25
0 0.56796875 0.33671875 0.021875 0.246875
0 0.55 0.34453125 0.0203125 0.24375
0 0.5328125 0.34921875 0.021875 0.25
0 0.515625 0.3453125 0.01875 0.246875
0 0.49765625 0.3421875 0.0203125 0.246875
0 0.63359375 0.59453125 0.01875 0.25625
0 0.6171875 0.590625 0.015625 0.2484375
0 0.60078125 0.59140625 0.01875 0.25
0 0.5828125 0.58828125 0.0203125 0.259375
0 0.534375 0.5984375 0.021875 0.25
0 0.51640625 0.59375 0.01875 0.25
0 0.4984375 0.59296875 0.0203125 0.253125
0 0.6375 0.84921875 0.025 0.253125
0 0.61875 0.84296875 0.0234375 0.25625
0 0.6 0.84453125 0.025 0.25625
0 0.5828125 0.84765625 0.025 0.25625
0 0.56484375 0.84765625 0.025 0.2578125
0 0.54921875 0.84453125 0.0171875 0.246875
0 0.53515625 0.84375 0.021875 0.246875
0 0.51796875 0.84765625 0.0203125 0.25
0 0.5 0.84765625 0.021875 0.2546875
0 0.40078125 0.96015625 0.18125 0.03125
0 0.4 0.93515625 0.184375 0.034375
0 0.40078125 0.91015625 0.18125 0.034375
0 0.4 0.88359375 0.184375 0.03125
0 0.39921875 0.86015625 0.184375 0.028125
0 0.396875 0.8390625 0.190625 0.03125
0 0.39296875 0.6078125 0.1921875 0.040625
0 0.39296875 0.57890625 0.19375 0.04375
0 0.39296875 0.46484375 0.190625 0.04375
0 0.3921875 0.43828125 0.19375 0.040625
0 0.39375 0.4109375 0.190625 0.0375
0 0.39375 0.38828125 0.1875 0.034375
0 0.39296875 0.3140625 0.190625 0.0359375
0 0.39296875 0.2640625 0.1890625 0.0375
0 0.39296875 0.24140625 0.1875 0.028125
0 0.39140625 0.21875 0.1875 0.034375
0 0.39140625 0.19453125 0.1890625 0.034375
0 0.39453125 0.171875 0.1875 0.028125
0 0.39453125 0.1515625 0.18125 0.028125
0 0.3953125 0.13125 0.1828125 0.0296875
0 0.20546875 0.0796875 0.19375 0.034375
0 0.2078125 0.10546875 0.190625 0.028125
0 0.2078125 0.128125 0.1953125 0.03125
0 0.20703125 0.15 0.1921875 0.03125
0 0.20546875 0.171875 0.19375 0.025
0 0.203125 0.3390625 0.1890625 0.01875
0 0.20234375 0.409375 0.1953125 0.0296875
0 0.2 0.4765625 0.2 0.0375
0 0.20390625 0.634375 0.1875 0.05