0 0.5015625 0.71640625 0.078125 0.046875
0 0.4203125 0.34375 0.078125 0.05
0 0.4265625 0.665625 0.078125 0.046875
0 0.34765625 0.6203125 0.075 0.04375
0 0.27421875 0.61796875 0.0765625 0.046875
0 0.5 0.57578125 0.078125 0.046875
0 0.4203125 0.2953125 0.0796875 0.046875
0 0.5765625 0.625 0.08125 0.046875
0 0.2640625 0.390625 0.0796875 0.046875
0 0.425 0.6203125 0.078125 0.046875
0 0.34921875 0.6640625 0.0765625 0.04375
0 0.41484375 0.14609375 0.084375 0.053125
0 0.49765625 0.196875 0.08125 0.05
0 0.42421875 0.5734375 0.078125 0.046875
0 0.34609375 0.57421875 0.078125 0.046875
0 0.2 0.70546875 0.075 0.0453125
0 0.340625 0.39296875 0.0796875 0.046875
0 0.49921875 0.48671875 0.078125 0.046875
0 0.33984375 0.34296875 0.08125 0.0484375
0 0.42265625 0.48515625 0.078125 0.0453125
0 0.42734375 0.7546875 0.0765625 0.05
0 0.3328125 0.13828125 0.0859375 0.05625
0 0.57890625 0.4390625 0.0828125 0.05
0 0.49921875 0.62265625 0.078125 0.0484375
0 0.421875 0.43828125 0.078125 0.046875
0 0.42109375 0.39140625 0.078125 0.046875
0 0.27265625 0.571875 0.0765625 0.04375
0 0.5 0.14921875 0.0828125 0.05
0 0.35078125 0.74921875 0.0765625 0.0453125
0 0.18984375 0.484375 0.0765625 0.0453125
0 0.24921875 0.14453125 0.0828125 0.05625
0 0.3421875 0.43984375 0.0796875 0.046875
0 0.49765625 0.24609375 0.08125 0.0515625
0 0.5765625 0.57890625 0.08125 0.046875
0 0.58046875 0.48828125 0.0828125 0.0484375
0 0.196875 0.6171875 0.075 0.04375
0 0.27109375 0.52734375 0.075 0.04375
0 0.5 0.53046875 0.078125 0.0453125
0 0.33671875 0.24453125 0.08125 0.05
0 0.3453125 0.52890625 0.078125 0.0453125
0 0.578125 0.5328125 0.08125 0.046875
0 0.41640625 0.19765625 0.08125 0.053125
0 0.26484375 0.43828125 0.078125 0.0484375
0 0.18515625 0.3921875 0.078125 0.046875
0 0.1953125 0.5265625 0.078125 0.04375
0 0.26796875 0.48515625 0.075 0.046875
0 0.5796875 0.19609375 0.084375 0.0515625
0 0.42421875 0.528125 0.078125 0.0453125
0 0.57890625 0.2921875 0.0828125 0.05
0 0.5765625 0.67109375 0.078125 0.0453125
0 0.57890625 0.24296875 0.084375 0.05
0 0.27578125 0.6625 0.078125 0.04375
0 0.18671875 0.4390625 0.0765625 0.046875
0 0.57578125 0.76328125 0.078125 0.05
0 0.57890625 0.340625 0.084375 0.05
0 0.49921875 0.4390625 0.08125 0.046875
0 0.33984375 0.29375 0.08125 0.05
0 0.17734375 0.2984375 0.08125 0.05
0 0.50078125 0.66953125 0.0796875 0.046875
0 0.5015625 0.8046875 0.078125 0.05
0 0.578125 0.39140625 0.084375 0.046875
0 0.57578125 0.715625 0.078125 0.046875
0 0.19375 0.57109375 0.0765625 0.046875
0 0.42578125 0.7109375 0.075 0.046875
0 0.334375 0.19765625 0.084375 0.053125
0 0.41953125 0.2453125 0.0796875 0.05
0 0.50078125 0.7625 0.078125 0.046875
0 0.35 0.709375 0.0765625 0.04375
0 0.20234375 0.66015625 0.075 0.0453125
0 0.275 0.70859375 0.078125 0.0453125
0 0.26328125 0.3421875 0.0796875 0.0484375
0 0.184375 0.34296875 0.078125 0.05
0 0.25078125 0.19765625 0.08125 0.053125
0 0.34375 0.48515625 0.078125 0.046875
0 0.42890625 0.8015625 0.075 0.053125
0 0.58125 0.14296875 0.0875 0.053125
0 0.2625 0.2953125 0.08125 0.046875
0 0.2796875 0.79375 0.075 0.0484375
0 0.57734375 0.8078125 0.078125 0.0515625
0 0.25390625 0.2453125 0.08125 0.053125
0 0.278125 0.74765625 0.0765625 0.04375
0 0.4984375 0.29296875 0.08125 0.0484375
0 0.20234375 0.790625 0.0765625 0.0453125
0 0.4984375 0.39140625 0.08125 0.046875
0 0.17109375 0.1453125 0.084375 0.059375
0 0.35234375 0.8421875 0.078125 0.0578125
0 0.4984375 0.34296875 0.08125 0.05
0 0.6359375 0.5171875 0.0390625 0.109375
0 0.671875 0.6203125 0.0390625 0.109375
0 0.20390625 0.7453125 0.0765625 0.046875
0 0.28046875 0.83984375 0.075 0.05625
0 0.6375 0.621875 0.0375 0.109375
0 0.63828125 0.39921875 0.040625 0.115625
0 0.35390625 0.79375 0.0765625 0.05
0 0.67734375 0.39921875 0.040625 0.115625
0 0.20390625 0.834375 0.075 0.0484375
0 0.67109375 0.72890625 0.0390625 0.10625
0 0.6390625 0.2859375 0.040625 0.115625
0 0.71640625 0.4 0.0421875 0.1171875
0 0.675 0.51328125 0.0390625 0.109375
0 0.63984375 0.1703125 0.040625 0.115625
0 0.50234375 0.853125 0.078125 0.059375
0 0.7125 0.5171875 0.040625 0.1125
0 0.18046875 0.2453125 0.08125 0.05
0 0.75390625 0.1671875 0.04375 0.121875
0 0.71640625 0.2859375 0.040625 0.115625
0 0.42890625 0.846875 0.078125 0.053125
0 0.67734375 0.16796875 0.0421875 0.121875
0 0.77890625 0.73828125 0.0421875 0.109375
0 0.75390625 0.2921875 0.040625 0.11875
0 0.7171875 0.16796875 0.0421875 0.11875
0 0.71015625 0.6234375 0.040625 0.109375
0 0.79140625 0.1734375 0.040625 0.121875
0 0.67734375 0.29140625 0.040625 0.1171875
0 0.5765625 0.8546875 0.08125 0.053125
0 0.63671875 0.83671875 0.040625 0.10625
0 0.74765625 0.51875 0.040625 0.1125
0 0.74140625 0.73359375 0.04375 0.109375
0 0.7890625 0.40390625 0.0375 0.1171875
0 0.78515625 0.51796875 0.04375 0.1125
0 0.70703125 0.73046875 0.040625 0.109375
0 0.7890625 0.2890625 0.0421875 0.115625
0 0.66953125 0.83984375 0.040625 0.1078125
0 0.7078125 0.83984375 0.0421875 0.1109375
0 0.74765625 0.62421875 0.040625 0.109375
0 0.17734375 0.20234375 0.08125 0.05
0 0.78203125 0.62578125 0.04375 0.109375
0 0.778125 0.84453125 0.0421875 0.115625
0 0.74296875 0.84375 0.04375 0.1078125
0 0.753125 0.4046875 0.040625 0.1125
0 0.6375 0.73046875 0.04375 0.1109375