0 0.61796875 0.6359375 0.065625 0.040625
0 0.48515625 0.734375 0.06875 0.0421875
0 0.61796875 0.55390625 0.065625 0.040625
0 0.68515625 0.5578125 0.0640625 0.0390625
0 0.74296875 0.45546875 0.0640625 0.0375
0 0.553125 0.7609375 0.06875 0.04375
0 0.61953125 0.59453125 0.065625 0.0390625
0 0.41640625 0.69609375 0.071875 0.040625
0 0.68984375 0.721875 0.06875 0.0421875
0 0.4859375 0.6953125 0.06875 0.040625
0 0.55546875 0.5546875 0.065625 0.040625
0 0.55390625 0.51484375 0.065625 0.0390625
0 0.5546875 0.475 0.065625 0.0390625
0 0.41796875 0.6546875 0.06875 0.0421875
0 0.4890625 0.5703125 0.0671875 0.040625
0 0.74375 0.49453125 0.0625 0.0375
0 0.6828125 0.52109375 0.0625 0.0390625
0 0.7453125 0.53359375 0.0625 0.0375
0 0.61875 0.675 0.06875 0.04375
0 0.4203125 0.56953125 0.06875 0.040625
0 0.48671875 0.653125 0.06875 0.0421875
0 0.75859375 0.77265625 0.06875 0.04375
0 0.4890625 0.61171875 0.0671875 0.040625
0 0.5546875 0.40234375 0.0640625 0.0375
0 0.41640625 0.7359375 0.0734375 0.04375
0 0.55234375 0.67421875 0.06875 0.040625
0 0.48984375 0.53359375 0.06875 0.0375
0 0.4234375 0.5328125 0.06875 0.040625
0 0.690625 0.76640625 0.06875 0.04375
0 0.6890625 0.6828125 0.0671875 0.040625
0 0.75234375 0.65 0.0671875 0.040625
0 0.6828125 0.59921875 0.065625 0.040625
0 0.6203125 0.7171875 0.06875 0.0421875
0 0.4921875 0.38046875 0.065625 0.0390625
0 0.42109375 0.6109375 0.071875 0.040625
0 0.74140625 0.38359375 0.0625 0.0375
0 0.49140625 0.41953125 0.0671875 0.040625
0 0.4328125 0.2703125 0.0640625 0.0375
0 0.6875 0.63828125 0.065625 0.040625
0 0.5546875 0.59375 0.06875 0.040625
0 0.75625 0.68828125 0.06875 0.0421875
0 0.42421875 0.4921875 0.06875 0.0390625
0 0.55234375 0.71796875 0.06875 0.04375
0 0.61953125 0.4796875 0.065625 0.0390625
0 0.48203125 0.7796875 0.071875 0.046875
0 0.75078125 0.609375 0.065625 0.0375
0 0.5546875 0.63515625 0.06875 0.040625
0 0.67890625 0.4109375 0.0640625 0.0375
0 0.68046875 0.44453125 0.0640625 0.0375
0 0.61953125 0.51484375 0.065625 0.040625
0 0.74609375 0.56875 0.065625 0.0390625
0 0.6171875 0.40703125 0.0625 0.0375
0 0.4140625 0.7796875 0.0734375 0.04375
0 0.4296875 0.34453125 0.065625 0.0375
0 0.7578125 0.72890625 0.06875 0.040625
0 0.5546875 0.43984375 0.065625 0.0375
0 0.68125 0.4828125 0.0640625 0.0375
0 0.74140625 0.42109375 0.0640625 0.0375
0 0.425 0.4546875 0.0671875 0.0390625
0 0.61953125 0.7609375 0.0703125 0.04375
0 0.67890625 0.3734375 0.0640625 0.0375
0 0.61953125 0.44140625 0.0625 0.0375
0 0.4921875 0.34375 0.065625 0.0375
0 0.496875 0.23984375 0.0625 0.0375
0 0.740625 0.346875 0.059375 0.0375
0 0.4265625 0.38203125 0.065625 0.0375
0 0.61640625 0.2984375 0.0625 0.0375
0 0.43046875 0.30859375 0.065625 0.0375
0 0.5546875 0.36796875 0.0640625 0.0375
0 0.434375 0.234375 0.065625 0.0375
0 0.6796875 0.33671875 0.0625 0.0375
0 0.55546875 0.33046875 0.0625 0.0375
0 0.55625 0.1953125 0.0625 0.0375
0 0.496875 0.20703125 0.0625 0.0375
0 0.334375 0.65234375 0.0375 0.096875
0 0.6765625 0.2015625 0.059375 0.0375
0 0.43515625 0.20078125 0.0640625 0.040625
0 0.35703125 0.75078125 0.04375 0.103125
0 0.3296875 0.75234375 0.0390625 0.1046875
0 0.490625 0.45625 0.0671875 0.0390625
0 0.4953125 0.27578125 0.0640625 0.0375
0 0.73984375 0.31484375 0.059375 0.0375
0 0.3109375 0.5546875 0.0375 0.096875
0 0.49453125 0.3109375 0.065625 0.0375
0 0.6796875 0.30078125 0.0625 0.034375
0 0.6765625 0.23515625 0.0609375 0.0359375
0 0.42578125 0.415625 0.06875 0.0375
0 0.3640625 0.6515625 0.0375 0.1
0 0.61640625 0.36953125 0.0625 0.0375
0 0.61796875 0.334375 0.0640625 0.034375
0 0.38046875 0.37734375 0.034375 0.0875
0 0.30390625 0.65 0.040625 0.1
0 0.34375 0.4625 0.034375 0.09375
0 0.33984375 0.55625 0.0359375 0.0953125
0 0.55546875 0.228125 0.0625 0.0375
0 0.3765625 0.4640625 0.034375 0.090625
0 0.36953125 0.55546875 0.0359375 0.0953125
0 0.6171875 0.2 0.0625 0.0359375
0 0.4875 0.490625 0.06875 0.0390625
0 0.3046875 0.19609375 0.0390625 0.0875
0 0.6171875 0.23203125 0.0625 0.0390625
0 0.346875 0.37421875 0.0359375 0.084375
0 0.38046875 0.28671875 0.034375 0.084375
0 0.67890625 0.2703125 0.0625 0.034375
0 0.28203125 0.55078125 0.0390625 0.0953125
0 0.353125 0.2859375 0.034375 0.0859375
0 0.55546875 0.2921875 0.0625 0.040625
0 0.73671875 0.2109375 0.0625 0.0375
0 0.2625 0.75390625 0.04375 0.1078125
0 0.2703125 0.6515625 0.0390625 0.1
0 0.32421875 0.278125 0.0390625 0.0875
0 0.38359375 0.20078125 0.0375 0.084375
0 0.7375 0.2796875 0.0625 0.0375
0 0.31640625 0.45859375 0.034375 0.0921875
0 0.33125 0.196875 0.0375 0.0875
0 0.28359375 0.4578125 0.0375 0.090625
0 0.3015625 0.2765625 0.0390625 0.0890625
0 0.29296875 0.37265625 0.0359375 0.0875
0 0.36015625 0.2 0.040625 0.084375
0 0.32109375 0.375 0.0375 0.090625
0 0.7359375 0.24765625 0.0625 0.0375
0 0.6140625 0.2640625 0.0625 0.034375
0 0.3015625 0.753125 0.040625 0.1078125
0 0.5546875 0.2609375 0.0625 0.0390625