0 0.78359375 0.80234375 0.0328125 0.325
0 0.225 0.8953125 0.225 0.03125
0 0.76171875 0.80703125 0.028125 0.334375
0 0.2265625 0.9234375 0.225 0.03125
0 0.45859375 0.825 0.2375 0.034375
0 0.74453125 0.81015625 0.025 0.325
0 0.45859375 0.84765625 0.2375 0.0328125
0 0.4578125 0.8015625 0.2390625 0.03125
0 0.4578125 0.875 0.2375 0.034375
0 0.45703125 0.7765625 0.240625 0.0359375
0 0.446875 0.2828125 0.2421875 0.0484375
0 0.44609375 0.18125 0.2375 0.040625
0 0.4484375 0.33671875 0.234375 0.040625
0 0.778125 0.46328125 0.03125 0.334375
0 0.44296875 0.23046875 0.234375 0.03125
0 0.759375 0.4640625 0.03125 0.3265625
0 0.6875 0.47890625 0.0296875 0.3234375
0 0.44296875 0.20859375 0.234375 0.03125
0 0.215625 0.57109375 0.24375 0.034375
0 0.22578125 0.846875 0.23125 0.03125
0 0.215625 0.6796875 0.240625 0.0328125
0 0.65859375 0.8125 0.034375 0.334375
0 0.44375 0.253125 0.2359375 0.03125
0 0.2171875 0.14453125 0.225 0.040625
0 0.45859375 0.7234375 0.2375 0.034375
0 0.45546875 0.8984375 0.234375 0.034375
0 0.2234375 0.80390625 0.234375 0.0359375
0 0.6671875 0.478125 0.03125 0.3234375
0 0.64921875 0.4734375 0.03125 0.33125
0 0.70546875 0.8078125 0.03125 0.33125
0 0.6296875 0.47421875 0.0296875 0.3265625
0 0.6859375 0.2078125 0.25 0.040625
0 0.215625 0.5984375 0.2421875 0.0328125
0 0.796875 0.4625 0.034375 0.3421875
0 0.225 0.8734375 0.228125 0.03125
0 0.640625 0.8109375 0.034375 0.328125
0 0.44453125 0.1171875 0.228125 0.0375
0 0.22421875 0.82578125 0.234375 0.03125
0 0.22734375 0.946875 0.225 0.03125
0 0.4546875 0.925 0.2390625 0.034375
0 0.7125 0.8015625 0.03125 0.31875
0 0.221875 0.775 0.234375 0.0328125
0 0.215625 0.653125 0.240625 0.03125
0 0.45859375 0.7046875 0.2390625 0.040625
0 0.68359375 0.1828125 0.2515625 0.034375
0 0.44453125 0.14453125 0.23125 0.0359375
0 0.22109375 0.75390625 0.2375 0.03125
0 0.21953125 0.73046875 0.2375 0.034375
0 0.62421875 0.815625 0.034375 0.334375
0 0.68984375 0.25546875 0.253125 0.0375
0 0.6875 0.23203125 0.25 0.0375
0 0.215625 0.0984375 0.234375 0.0453125
0 0.22578125 0.97421875 0.228125 0.034375
0 0.4578125 0.75234375 0.2421875 0.034375
0 0.459375 0.9484375 0.24375 0.0328125
0 0.21171875 0.2796875 0.2375 0.0453125
0 0.215625 0.55078125 0.2453125 0.034375
0 0.4453125 0.31328125 0.2375 0.0390625
0 0.2140625 0.23046875 0.2328125 0.0375
0 0.21171875 0.521875 0.24375 0.034375
0 0.6125 0.484375 0.034375 0.325
0 0.675 0.1046875 0.234375 0.0359375
0 0.67734375 0.078125 0.2390625 0.0375
0 0.67421875 0.12578125 0.2375 0.034375
0 0.6765625 0.15 0.2359375 0.040625
0 0.68671875 0.28515625 0.240625 0.04375
0 0.7421875 0.46953125 0.028125 0.328125
0 0.725 0.4671875 0.0296875 0.328125
0 0.70703125 0.47578125 0.028125 0.3171875
0 0.596875 0.48359375 0.028125 0.31875
0 0.57734375 0.4859375 0.0265625 0.3203125
0 0.8015625 0.81171875 0.025 0.328125
0 0.72578125 0.7921875 0.0234375 0.315625
0 0.6953125 0.80625 0.0296875 0.328125
0 0.67734375 0.80703125 0.0296875 0.325
0 0.603125 0.8140625 0.03125 0.31875
0 0.58671875 0.8109375 0.028125 0.321875
0 0.46171875 0.9734375 0.240625 0.0328125
0 0.45703125 0.6765625 0.2390625 0.034375
0 0.45546875 0.65234375 0.24375 0.034375
0 0.45625 0.6265625 0.240625 0.028125
0 0.45546875 0.60390625 0.240625 0.034375
0 0.4546875 0.5765625 0.2375 0.0328125
0 0.45234375 0.55 0.240625 0.03125
0 0.45078125 0.52578125 0.2390625 0.0296875
0 0.45 0.484375 0.240625 0.0328125
0 0.45 0.45625 0.2375 0.0375
0 0.446875 0.428125 0.234375 0.0453125
0 0.4453125 0.40390625 0.2375 0.05
0 0.44765625 0.378125 0.240625 0.05
0 0.4453125 0.359375 0.2359375 0.05
0 0.4453125 0.33359375 0.234375 0.04375
0 0.446875 0.09375 0.228125 0.0359375
0 0.44453125 0.159375 0.228125 0.03125
0 0.2171875 0.12265625 0.228125 0.040625
0 0.21328125 0.16796875 0.228125 0.04375
0 0.21484375 0.1859375 0.23125 0.04375
0 0.2125 0.20703125 0.23125 0.040625
0 0.21171875 0.25546875 0.23125 0.04375
0 0.21015625 0.3015625 0.2328125 0.0484375
0 0.2109375 0.3265625 0.234375 0.0453125
0 0.21484375 0.353125 0.228125 0.0453125
0 0.21328125 0.375 0.23125 0.040625
0 0.2109375 0.3984375 0.2359375 0.046875
0 0.2109375 0.41875 0.234375 0.05
0 0.2109375 0.44921875 0.2390625 0.040625
0 0.2109375 0.47109375 0.240625 0.04375
0 0.2125 0.49375 0.240625 0.04375
0 0.21484375 0.621875 0.24375 0.040625
0 0.21796875 0.703125 0.24375 0.028125