0 0.52578125 0.5140625 0.0453125 0.075
0 0.64296875 0.6640625 0.0453125 0.078125
0 0.6390625 0.7375 0.0453125 0.078125
0 0.64375 0.590625 0.046875 0.0765625
0 0.41875 0.43828125 0.0453125 0.078125
0 0.684375 0.43671875 0.046875 0.078125
0 0.42421875 0.5859375 0.04375 0.0765625
0 0.68828125 0.66484375 0.04375 0.0765625
0 0.46640625 0.6640625 0.04375 0.0765625
0 0.33671875 0.5875 0.046875 0.075
0 0.68828125 0.59140625 0.04375 0.0765625
0 0.6390625 0.43828125 0.046875 0.078125
0 0.44140625 0.51328125 0.04375 0.075
0 0.51015625 0.5875 0.046875 0.075
0 0.46640625 0.590625 0.04375 0.0765625
0 0.4625 0.43828125 0.04375 0.078125
0 0.571875 0.5140625 0.046875 0.0765625
0 0.59609375 0.73671875 0.046875 0.0765625
0 0.7765625 0.43671875 0.0453125 0.0796875
0 0.46328125 0.73671875 0.04375 0.075
0 0.73203125 0.4375 0.046875 0.078125
0 0.5109375 0.6640625 0.0453125 0.078125
0 0.19921875 0.73203125 0.046875 0.075
0 0.39609375 0.5125 0.04375 0.075
0 0.61796875 0.51328125 0.0453125 0.078125
0 0.821875 0.43828125 0.05 0.078125
0 0.35234375 0.5125 0.04375 0.075
0 0.2484375 0.6609375 0.0453125 0.075
0 0.3375 0.66015625 0.0453125 0.075
0 0.6 0.5875 0.046875 0.075
0 0.50859375 0.4390625 0.04375 0.078125
0 0.60078125 0.66328125 0.0453125 0.078125
0 0.42578125 0.6625 0.04375 0.075
0 0.29375 0.6609375 0.04375 0.075
0 0.55703125 0.6640625 0.04375 0.078125
0 0.553125 0.43828125 0.0453125 0.078125
0 0.55625 0.590625 0.04375 0.0765625
0 0.38125 0.5890625 0.0421875 0.0765625
0 0.484375 0.51328125 0.04375 0.0765625
0 0.7796875 0.665625 0.046875 0.0765625
0 0.29140625 0.58828125 0.04375 0.075
0 0.50859375 0.73828125 0.04375 0.075
0 0.8421875 0.5140625 0.046875 0.0765625
0 0.55234375 0.73671875 0.04375 0.0765625
0 0.684375 0.73828125 0.046875 0.075
0 0.37734375 0.7328125 0.04375 0.075
0 0.2828125 0.43828125 0.046875 0.075
0 0.41953125 0.734375 0.04375 0.075
0 0.37578125 0.43828125 0.04375 0.078125
0 0.66171875 0.51328125 0.046875 0.0765625
0 0.73359375 0.66640625 0.046875 0.075
0 0.33125 0.4375 0.046875 0.078125
0 0.70703125 0.815625 0.046875 0.075
0 0.31171875 0.51171875 0.04375 0.075
0 0.2046875 0.58828125 0.04375 0.075
0 0.26875 0.51171875 0.04375 0.0765625
0 0.225 0.5109375 0.04375 0.075
0 0.78203125 0.5921875 0.046875 0.078125
0 0.28828125 0.734375 0.04375 0.075
0 0.19921875 0.4390625 0.0453125 0.075
0 0.8 0.5140625 0.0453125 0.0765625
0 0.59375 0.4375 0.04375 0.078125
0 0.3828125 0.6609375 0.04375 0.075
0 0.87265625 0.59140625 0.0484375 0.0765625
0 0.73125 0.7390625 0.0453125 0.078125
0 0.734375 0.5921875 0.046875 0.078125
0 0.23828125 0.4375 0.04375 0.0765625
0 0.75 0.81640625 0.046875 0.075
0 0.871875 0.4390625 0.05 0.078125
0 0.35625 0.81015625 0.04375 0.0734375
0 0.30859375 0.38203125 0.1 0.0375
0 0.18125 0.5109375 0.0453125 0.075
0 0.57265625 0.81328125 0.046875 0.078125
0 0.2046875 0.66015625 0.046875 0.075
0 0.33359375 0.7328125 0.04375 0.0734375
0 0.246875 0.7328125 0.04375 0.0734375
0 0.24765625 0.58828125 0.04375 0.075
0 0.7984375 0.81640625 0.0515625 0.078125
0 0.5125 0.346875 0.10625 0.0375
0 0.52890625 0.8140625 0.04375 0.0765625
0 0.5125 0.3828125 0.10625 0.0359375
0 0.61875 0.81484375 0.046875 0.075
0 0.41171875 0.38203125 0.103125 0.0375
0 0.871875 0.73984375 0.05 0.0765625
0 0.86875 0.665625 0.0484375 0.078125
0 0.62265625 0.296875 0.109375 0.065625
0 0.62109375 0.3828125 0.10625 0.0359375
0 0.6625 0.81484375 0.0453125 0.075
0 0.30703125 0.28125 0.103125 0.040625
0 0.73515625 0.38125 0.109375 0.0390625
0 0.2703125 0.809375 0.046875 0.0734375
0 0.40703125 0.3171875 0.103125 0.0375
0 0.4109375 0.346875 0.103125 0.0375
0 0.3125 0.81015625 0.046875 0.0734375
0 0.30703125 0.31953125 0.103125 0.0375
0 0.40546875 0.28359375 0.103125 0.0375
0 0.8265625 0.59140625 0.04375 0.0765625
0 0.4875 0.8140625 0.046875 0.075
0 0.20625 0.3484375 0.103125 0.0390625
0 0.20390625 0.28203125 0.1046875 0.040625
0 0.51796875 0.315625 0.10625 0.0390625
0 0.621875 0.346875 0.10625 0.0375
0 0.825 0.665625 0.046875 0.078125
0 0.31171875 0.3484375 0.103125 0.034375
0 0.4421875 0.81171875 0.04375 0.075
0 0.209375 0.38046875 0.103125 0.0375
0 0.85078125 0.36328125 0.1125 0.06875
0 0.73515625 0.34609375 0.109375 0.0421875
0 0.18203125 0.809375 0.05 0.078125
0 0.51796875 0.2828125 0.10625 0.0375
0 0.7765625 0.73984375 0.0484375 0.078125
0 0.20703125 0.31875 0.10625 0.0390625
0 0.7546875 0.5140625 0.0484375 0.078125
0 0.73828125 0.3640625 0.1109375 0.0640625
0 0.39609375 0.80859375 0.046875 0.0765625
0 0.734375 0.28203125 0.1109375 0.04375
0 0.84921875 0.8203125 0.05 0.078125
0 0.225 0.81015625 0.05 0.078125
0 0.8234375 0.73984375 0.0515625 0.0765625
0 0.8484375 0.28828125 0.121875 0.075
0 0.7359375 0.31171875 0.109375 0.04375
0 0.84609375 0.34375 0.1109375 0.046875
0 0.8421875 0.37890625 0.1125 0.04375
0 0.709375 0.51328125 0.05 0.078125