0 0.21640625 0.19765625 0.0328125 0.325
0 0.775 0.1046875 0.225 0.03125
0 0.23828125 0.19296875 0.028125 0.334375
0 0.7734375 0.0765625 0.225 0.03125
0 0.54140625 0.175 0.2375 0.034375
0 0.25546875 0.18984375 0.025 0.325
0 0.54140625 0.15234375 0.2375 0.0328125
0 0.5421875 0.1984375 0.2390625 0.03125
0 0.5421875 0.125 0.2375 0.034375
0 0.54296875 0.2234375 0.240625 0.0359375
0 0.553125 0.7171875 0.2421875 0.0484375
0 0.55390625 0.81875 0.2375 0.040625
0 0.5515625 0.66328125 0.234375 0.040625
0 0.221875 0.53671875 0.03125 0.334375
0 0.55703125 0.76953125 0.234375 0.03125
0 0.240625 0.5359375 0.03125 0.3265625
0 0.3125 0.52109375 0.0296875 0.3234375
0 0.55703125 0.79140625 0.234375 0.03125
0 0.784375 0.42890625 0.24375 0.034375
0 0.77421875 0.153125 0.23125 0.03125
0 0.784375 0.3203125 0.240625 0.03125
0 0.34140625 0.1875 0.034375 0.334375
0 0.55625 0.746875 0.2359375 0.03125
0 0.7828125 0.85546875 0.225 0.040625
0 0.54140625 0.2765625 0.2375 0.034375
0 0.54453125 0.1015625 0.234375 0.034375
0 0.7765625 0.19609375 0.234375 0.034375
0 0.3328125 0.521875 0.03125 0.3234375
0 0.35078125 0.5265625 0.03125 0.33125
0 0.29453125 0.1921875 0.03125 0.33125
0 0.3703125 0.52578125 0.0296875 0.3265625
0 0.3140625 0.7921875 0.25 0.040625
0 0.784375 0.4015625 0.2421875 0.0328125
0 0.203125 0.5375 0.034375 0.3421875
0 0.775 0.1265625 0.228125 0.03125
0 0.359375 0.1890625 0.034375 0.328125
0 0.55546875 0.8828125 0.228125 0.0375
0 0.77578125 0.17421875 0.234375 0.03125
0 0.77265625 0.053125 0.225 0.03125
0 0.5453125 0.075 0.2390625 0.034375
0 0.2875 0.1984375 0.03125 0.31875
0 0.778125 0.225 0.234375 0.03125
0 0.784375 0.346875 0.240625 0.03125
0 0.54140625 0.2953125 0.2390625 0.040625
0 0.31640625 0.8171875 0.2515625 0.0359375
0 0.55546875 0.85546875 0.23125 0.0359375
0 0.77890625 0.24609375 0.2375 0.03125
0 0.78046875 0.26953125 0.2375 0.034375
0 0.37578125 0.184375 0.034375 0.334375
0 0.31015625 0.74453125 0.253125 0.0375
0 0.3125 0.76796875 0.25 0.0375
0 0.784375 0.9015625 0.234375 0.0453125
0 0.77421875 0.02578125 0.228125 0.034375
0 0.5421875 0.24765625 0.2421875 0.034375
0 0.540625 0.0515625 0.24375 0.0328125
0 0.78828125 0.7203125 0.2375 0.0453125
0 0.784375 0.44921875 0.2453125 0.034375
0 0.5546875 0.68671875 0.2375 0.0390625
0 0.7859375 0.76953125 0.2328125 0.0375
0 0.78828125 0.478125 0.24375 0.034375
0 0.3875 0.515625 0.034375 0.325
0 0.325 0.8953125 0.234375 0.0359375
0 0.32265625 0.921875 0.2390625 0.0375
0 0.32578125 0.87421875 0.2375 0.0359375
0 0.3234375 0.85 0.2359375 0.0421875
0 0.31328125 0.71484375 0.240625 0.04375
0 0.2578125 0.53046875 0.028125 0.328125
0 0.275 0.5328125 0.0296875 0.328125
0 0.29296875 0.52421875 0.028125 0.3171875
0 0.403125 0.51640625 0.028125 0.31875
0 0.42265625 0.5140625 0.0265625 0.3203125
0 0.1984375 0.18828125 0.025 0.328125
0 0.27421875 0.2078125 0.0234375 0.315625
0 0.3046875 0.19375 0.0296875 0.328125
0 0.32265625 0.19296875 0.0296875 0.325
0 0.396875 0.1859375 0.03125 0.31875
0 0.41328125 0.1890625 0.028125 0.321875
0 0.53828125 0.0265625 0.240625 0.03125
0 0.54296875 0.3234375 0.2390625 0.034375
0 0.54453125 0.34765625 0.24375 0.034375
0 0.54375 0.3734375 0.240625 0.028125
0 0.54453125 0.39609375 0.240625 0.034375
0 0.5453125 0.4234375 0.2375 0.0328125
0 0.54765625 0.45 0.240625 0.03125
0 0.54921875 0.47421875 0.2390625 0.0296875
0 0.55 0.515625 0.240625 0.0328125
0 0.55 0.54375 0.2375 0.0375
0 0.553125 0.571875 0.234375 0.0453125
0 0.5546875 0.59609375 0.2375 0.05
0 0.55234375 0.621875 0.240625 0.05
0 0.5546875 0.640625 0.2359375 0.05
0 0.5546875 0.66640625 0.234375 0.04375
0 0.553125 0.90625 0.228125 0.0359375
0 0.55546875 0.840625 0.228125 0.03125
0 0.7828125 0.87734375 0.228125 0.0421875
0 0.78671875 0.83203125 0.228125 0.04375
0 0.78515625 0.8140625 0.23125 0.04375
0 0.7875 0.79296875 0.23125 0.0421875
0 0.78828125 0.74453125 0.23125 0.04375
0 0.78984375 0.6984375 0.2328125 0.0484375
0 0.7890625 0.6734375 0.234375 0.0453125
0 0.78515625 0.646875 0.228125 0.0453125
0 0.78671875 0.625 0.23125 0.0421875
0 0.7890625 0.6015625 0.2359375 0.046875
0 0.7890625 0.58125 0.234375 0.05
0 0.7890625 0.55078125 0.2390625 0.040625
0 0.7890625 0.52890625 0.240625 0.04375
0 0.7875 0.50625 0.240625 0.04375
0 0.78515625 0.378125 0.24375 0.040625
0 0.78203125 0.296875 0.24375 0.028125