0 0.71640625 0.4984375 0.04765625 0.07890625
0 0.34375 0.5796875 0.04921875 0.07890625
0 0.665625 0.5734375 0.04609375 0.07734375
0 0.6203125 0.65234375 0.04453125 0.07578125
0 0.61796875 0.72578125 0.04609375 0.0765625
0 0.57578125 0.5 0.04609375 0.07890625
0 0.2953125 0.5796875 0.04765625 0.0796875
0 0.625 0.4234375 0.046875 0.08046875
0 0.390625 0.7359375 0.04609375 0.0796875
0 0.6203125 0.575 0.046875 0.078125
0 0.6640625 0.65078125 0.04453125 0.0765625
0 0.14609375 0.58515625 0.05234375 0.084375
0 0.196875 0.50234375 0.04921875 0.08125
0 0.5734375 0.57578125 0.04609375 0.078125
0 0.57421875 0.65390625 0.04609375 0.07734375
0 0.70546875 0.8 0.0453125 0.07578125
0 0.39296875 0.659375 0.04765625 0.0796875
0 0.48671875 0.50078125 0.04765625 0.07890625
0 0.34296875 0.66015625 0.0484375 0.08046875
0 0.48515625 0.57734375 0.0453125 0.078125
0 0.7546875 0.57265625 0.04921875 0.0765625
0 0.13828125 0.6671875 0.05625 0.0859375
0 0.4390625 0.42109375 0.04921875 0.0828125
0 0.62265625 0.50078125 0.0484375 0.078125
0 0.43828125 0.578125 0.04765625 0.078125
0 0.39140625 0.57890625 0.04609375 0.07890625
0 0.571875 0.72734375 0.04453125 0.0765625
0 0.14921875 0.5 0.04921875 0.0828125
0 0.74921875 0.64921875 0.0453125 0.0765625
0 0.484375 0.81015625 0.0453125 0.0765625
0 0.14453125 0.75078125 0.05546875 0.0828125
0 0.43984375 0.6578125 0.04609375 0.0796875
0 0.24609375 0.50234375 0.0515625 0.08046875
0 0.57890625 0.4234375 0.04609375 0.08125
0 0.48828125 0.41953125 0.0484375 0.0828125
0 0.6171875 0.803125 0.04375 0.07578125
0 0.52734375 0.72890625 0.04453125 0.075
0 0.53046875 0.5 0.0453125 0.07890625
0 0.24453125 0.66328125 0.05078125 0.08203125
0 0.52890625 0.6546875 0.0453125 0.07734375
0 0.5328125 0.421875 0.046875 0.08203125
0 0.19765625 0.58359375 0.05234375 0.08125
0 0.43828125 0.73515625 0.0484375 0.07734375
0 0.3921875 0.81484375 0.046875 0.07734375
0 0.5265625 0.8046875 0.04453125 0.07734375
0 0.48515625 0.73203125 0.046875 0.07578125
0 0.19609375 0.4203125 0.0515625 0.084375
0 0.528125 0.57578125 0.0453125 0.07890625
0 0.2921875 0.42109375 0.04921875 0.0828125
0 0.67109375 0.4234375 0.0453125 0.078125
0 0.24296875 0.42109375 0.04921875 0.08515625
0 0.6625 0.72421875 0.04453125 0.07734375
0 0.4390625 0.81328125 0.046875 0.0765625
0 0.76328125 0.42421875 0.05078125 0.078125
0 0.340625 0.42109375 0.05 0.08359375
0 0.4390625 0.50078125 0.04765625 0.08125
0 0.29375 0.66015625 0.04921875 0.08125
0 0.2984375 0.82265625 0.04921875 0.08046875
0 0.66953125 0.49921875 0.046875 0.0796875
0 0.8046875 0.4984375 0.05078125 0.078125
0 0.39140625 0.421875 0.046875 0.08359375
0 0.715625 0.42421875 0.04609375 0.07734375
0 0.57109375 0.80625 0.04609375 0.0765625
0 0.7109375 0.57421875 0.046875 0.07578125
0 0.19765625 0.665625 0.05234375 0.08515625
0 0.2453125 0.58046875 0.04921875 0.0796875
0 0.7625 0.49921875 0.046875 0.07734375
0 0.709375 0.65 0.04296875 0.0765625
0 0.66015625 0.79765625 0.0453125 0.075
0 0.70859375 0.725 0.0453125 0.07734375
0 0.3421875 0.73671875 0.0484375 0.0796875
0 0.34296875 0.815625 0.04921875 0.078125
0 0.19765625 0.74921875 0.05234375 0.08125
0 0.48515625 0.65625 0.04609375 0.07890625
0 0.8015625 0.57109375 0.05234375 0.07578125
0 0.14296875 0.41875 0.053125 0.08671875
0 0.2953125 0.7375 0.04765625 0.08125
0 0.79375 0.7203125 0.04921875 0.07421875
0 0.8078125 0.42265625 0.0515625 0.078125
0 0.2453125 0.74609375 0.05234375 0.08125
0 0.74765625 0.721875 0.04453125 0.0765625
0 0.29296875 0.5015625 0.0484375 0.08125
0 0.790625 0.79765625 0.0453125 0.0765625
0 0.39140625 0.5015625 0.04765625 0.08125
0 0.1453125 0.82890625 0.059375 0.084375
0 0.8421875 0.64765625 0.05703125 0.07734375
0 0.34296875 0.5015625 0.04921875 0.08203125
0 0.5171875 0.3640625 0.11015625 0.0390625
0 0.6203125 0.328125 0.11015625 0.0390625
0 0.7453125 0.79609375 0.04609375 0.0765625
0 0.83984375 0.71953125 0.05703125 0.075
0 0.621875 0.3625 0.10859375 0.03828125
0 0.39921875 0.36171875 0.11640625 0.040625
0 0.79375 0.64609375 0.05 0.0765625
0 0.39921875 0.32265625 0.11640625 0.04140625
0 0.834375 0.79609375 0.0484375 0.07578125
0 0.72890625 0.32890625 0.10625 0.0390625
0 0.2859375 0.3609375 0.11484375 0.040625
0 0.4 0.28359375 0.1171875 0.0421875
0 0.51328125 0.325 0.11015625 0.0390625
0 0.1703125 0.36015625 0.115625 0.03984375
0 0.853125 0.49765625 0.06015625 0.078125
0 0.5171875 0.2875 0.11328125 0.04140625
0 0.2453125 0.81953125 0.05078125 0.08203125
0 0.1671875 0.24609375 0.12109375 0.04296875
0 0.2859375 0.28359375 0.11640625 0.04140625
0 0.846875 0.57109375 0.053125 0.078125
0 0.16796875 0.32265625 0.12109375 0.0421875
0 0.73828125 0.22109375 0.109375 0.0421875
0 0.2921875 0.24609375 0.11796875 0.04140625
0 0.16796875 0.2828125 0.11953125 0.0421875
0 0.6234375 0.28984375 0.109375 0.04140625
0 0.1734375 0.20859375 0.12265625 0.040625
0 0.29140625 0.32265625 0.1171875 0.03984375
0 0.8546875 0.4234375 0.05390625 0.08125
0 0.83671875 0.36328125 0.10625 0.04140625
0 0.51875 0.25234375 0.11328125 0.04140625
0 0.73359375 0.25859375 0.109375 0.04296875
0 0.40390625 0.2109375 0.1171875 0.03828125
0 0.51796875 0.21484375 0.11171875 0.04453125
0 0.73046875 0.29296875 0.109375 0.04140625
0 0.2890625 0.2109375 0.11640625 0.0421875
0 0.83984375 0.33046875 0.1078125 0.040625
0 0.83984375 0.2921875 0.11015625 0.0421875
0 0.62421875 0.25234375 0.11015625 0.040625
0 0.20234375 0.82265625 0.05078125 0.08125
0 0.62578125 0.21796875 0.109375 0.04296875
0 0.84453125 0.221875 0.115625 0.0421875
0 0.84375 0.25703125 0.10703125 0.04296875
0 0.4046875 0.246875 0.1125 0.04140625
0 0.73046875 0.3625 0.1109375 0.04296875