0 0.5171875 0.553125 0.090625 0.034375
0 0.3390625 0.515625 0.0890625 0.0328125
0 0.51640625 0.5171875 0.090625 0.0359375
0 0.51640625 0.75 0.0953125 0.0375
0 0.60625 0.4328125 0.0875 0.0328125
0 0.43125 0.48046875 0.0890625 0.0328125
0 0.35390625 0.3125 0.084375 0.0296875
0 0.61171875 0.75546875 0.09375 0.0375
0 0.33046875 0.67734375 0.09375 0.0359375
0 0.34140625 0.4828125 0.0875 0.03125
0 0.42890625 0.509375 0.090625 0.034375
0 0.33203125 0.578125 0.09375 0.0328125
0 0.42890625 0.54296875 0.090625 0.0328125
0 0.6125 0.7890625 0.09375 0.0359375
0 0.42578125 0.63671875 0.09375 0.0359375
0 0.42734375 0.60078125 0.09375 0.034375
0 0.43046875 0.44765625 0.0890625 0.03125
0 0.51640625 0.6828125 0.0921875 0.0375
0 0.5171875 0.453125 0.0875 0.03125
0 0.51640625 0.5828125 0.0890625 0.034375
0 0.33828125 0.54921875 0.090625 0.034375
0 0.51640625 0.71796875 0.09375 0.0375
0 0.4265625 0.5703125 0.09375 0.034375
0 0.4171875 0.8515625 0.1 0.0375
0 0.51640625 0.615625 0.090625 0.034375
0 0.4265625 0.67421875 0.096875 0.0375
0 0.3171875 0.88828125 0.103125 0.0421875
0 0.41796875 0.93046875 0.1 0.04375
0 0.5171875 0.48515625 0.0875 0.034375
0 0.4203125 0.74609375 0.096875 0.0375
0 0.425 0.71171875 0.096875 0.0375
0 0.3453125 0.396875 0.0875 0.03125
0 0.51640625 0.65078125 0.090625 0.034375
0 0.35234375 0.2828125 0.084375 0.03125
0 0.33359375 0.61171875 0.0921875 0.034375
0 0.32890625 0.71484375 0.096875 0.0375
0 0.6046875 0.37265625 0.0875 0.03125
0 0.34296875 0.4546875 0.0875 0.03125
0 0.16328125 0.503125 0.0921875 0.034375
0 0.35 0.33984375 0.084375 0.03125
0 0.609375 0.6546875 0.0921875 0.034375
0 0.60546875 0.39921875 0.0875 0.03125
0 0.60703125 0.4609375 0.0875 0.0328125
0 0.26171875 0.4234375 0.084375 0.03125
0 0.33125 0.64453125 0.09375 0.0359375
0 0.26328125 0.39140625 0.084375 0.03125
0 0.253125 0.50859375 0.0921875 0.0328125
0 0.51328125 0.9328125 0.1 0.04375
0 0.34375 0.42734375 0.0875 0.03125
0 0.61328125 0.9359375 0.1 0.04375
0 0.159375 0.5375 0.09375 0.034375
0 0.43828125 0.27890625 0.08125 0.03125
0 0.41953125 0.88984375 0.0984375 0.0390625
0 0.26640625 0.334375 0.0859375 0.03125
0 0.25078125 0.54140625 0.09375 0.0328125
0 0.51796875 0.425 0.0875 0.03125
0 0.42109375 0.78046875 0.1 0.0375
0 0.6125 0.85859375 0.096875 0.040625
0 0.16875 0.471875 0.090625 0.034375
0 0.61015625 0.71953125 0.09375 0.0375
0 0.2515625 0.4765625 0.0890625 0.03125
0 0.60859375 0.6203125 0.090625 0.034375
0 0.51640625 0.78671875 0.096875 0.0375
0 0.60859375 0.52421875 0.090625 0.0328125
0 0.26640625 0.3609375 0.0859375 0.0296875
0 0.35078125 0.3703125 0.0859375 0.03125
0 0.61015625 0.68515625 0.0921875 0.034375
0 0.43515625 0.33203125 0.084375 0.0296875
0 0.5203125 0.3953125 0.0875 0.03125
0 0.2328125 0.70546875 0.1 0.0375
0 0.6078125 0.49375 0.0890625 0.034375
0 0.2390625 0.6359375 0.0953125 0.0375
0 0.42265625 0.81796875 0.0984375 0.0375
0 0.22890625 0.74375 0.1 0.0375
0 0.51640625 0.3671875 0.0859375 0.03125
0 0.6078125 0.58671875 0.090625 0.034375
0 0.259375 0.45078125 0.0875 0.03125
0 0.61171875 0.825 0.096875 0.0375
0 0.60625 0.55703125 0.090625 0.0328125
0 0.51328125 0.89296875 0.0984375 0.040625
0 0.60546875 0.34296875 0.084375 0.0296875
0 0.14765625 0.634375 0.096875 0.040625
0 0.2328125 0.671875 0.0984375 0.0375
0 0.61328125 0.8953125 0.096875 0.040625
0 0.43515625 0.359375 0.084375 0.03125
0 0.24765625 0.57109375 0.0921875 0.034375
0 0.3265625 0.74609375 0.096875 0.0375
0 0.153125 0.60078125 0.096875 0.0359375
0 0.43671875 0.3078125 0.084375 0.028125
0 0.3203125 0.853125 0.1 0.0390625
0 0.6046875 0.31640625 0.084375 0.03125
0 0.23984375 0.60078125 0.09375 0.034375
0 0.31796875 0.928125 0.10625 0.04375
0 0.43359375 0.4203125 0.0859375 0.03125
0 0.2703125 0.3046875 0.0859375 0.03125
0 0.515625 0.81875 0.096875 0.0375
0 0.32421875 0.8171875 0.1015625 0.040625
0 0.32421875 0.78125 0.0984375 0.0375
0 0.27734375 0.2515625 0.084375 0.028125
0 0.6953125 0.70234375 0.0328125 0.1359375
0 0.51484375 0.859375 0.0984375 0.0375
0 0.43984375 0.2265625 0.08125 0.028125
0 0.17265625 0.44375 0.090625 0.03125
0 0.2265625 0.775 0.103125 0.0375
0 0.17890625 0.3859375 0.0890625 0.034375
0 0.4328125 0.3890625 0.0875 0.0328125
0 0.15546875 0.56640625 0.09375 0.034375
0 0.43828125 0.25 0.084375 0.028125
0 0.4453125 0.096875 0.078125 0.05
0 0.35859375 0.22890625 0.084375 0.0296875
0 0.353125 0.25234375 0.0859375 0.028125
0 0.80625 0.56640625 0.0328125 0.128125
0 0.1734375 0.4171875 0.090625 0.034375
0 0.43984375 0.203125 0.08125 0.0265625
0 0.51875 0.3359375 0.0859375 0.0296875
0 0.6046875 0.28828125 0.084375 0.0296875
0 0.603125 0.2359375 0.08125 0.0296875
0 0.221875 0.8140625 0.10625 0.040625
0 0.60390625 0.26484375 0.0828125 0.028125
0 0.684375 0.44296875 0.028125 0.11875
0 0.81875 0.9375 0.10625 0.046875
0 0.44296875 0.13203125 0.08125 0.028125
0 0.68984375 0.56953125 0.028125 0.125
0 0.77265625 0.12734375 0.0296875 0.1
0 0.3625 0.20234375 0.0828125 0.025
0 0.13515625 0.7375 0.1 0.0390625
0 0.44296875 0.178125 0.08125 0.028125
0 0.7453125 0.70390625 0.0359375 0.134375
0 0.51875 0.3109375 0.0859375 0.03125
0 0.44375 0.159375 0.0796875 0.034375
0 0.14375 0.67109375 0.096875 0.040625
0 0.7109375 0.13125 0.028125 0.0984375
0 0.521875 0.2609375 0.084375 0.03125
0 0.7796875 0.2234375 0.03125 0.1046875
0 0.52265625 0.1828125 0.08125 0.025
0 0.70703125 0.440625 0.025 0.115625
0 0.73828125 0.56953125 0.034375 0.121875
0 0.51875 0.2828125 0.084375 0.03125
0 0.190625 0.30078125 0.084375 0.03125
0 0.66015625 0.32890625 0.028125 0.1125
0 0.52265625 0.2078125 0.0828125 0.028125
0 0.36953125 0.10546875 0.08125 0.028125
0 0.13515625 0.70078125 0.1015625 0.0390625
0 0.753125 0.125 0.0328125 0.0890625
0 0.73359375 0.1296875 0.0296875 0.0921875
0 0.69140625 0.1296875 0.0265625 0.0921875
0 0.67265625 0.12890625 0.025 0.0921875
0 0.65 0.12734375 0.0234375 0.0921875
0 0.76171875 0.22109375 0.03125 0.1
0 0.73984375 0.22421875 0.028125 0.1
0 0.71875 0.2234375 0.028125 0.1
0 0.69765625 0.22265625 0.028125 0.1
0 0.67734375 0.22265625 0.028125 0.1015625
0 0.65546875 0.22109375 0.0265625 0.1
0 0.79140625 0.325 0.03125 0.103125
0 0.7703125 0.325 0.0296875 0.10625
0 0.75 0.32734375 0.03125 0.10625
0 0.72578125 0.32734375 0.0296875 0.1109375
0 0.70390625 0.325 0.03125 0.109375
0 0.68125 0.3265625 0.0265625 0.1078125
0 0.79921875 0.44140625 0.034375 0.1171875
0 0.77578125 0.44140625 0.034375 0.1171875
0 0.753125 0.44375 0.0296875 0.115625
0 0.73125 0.4453125 0.028125 0.115625
0 0.66328125 0.44375 0.0265625 0.11875
0 0.78359375 0.565625 0.034375 0.125
0 0.76171875 0.56875 0.034375 0.125
0 0.7140625 0.56953125 0.03125 0.1265625
0 0.6671875 0.56640625 0.0296875 0.125
0 0.81875 0.70390625 0.0375 0.13125
0 0.79375 0.6984375 0.034375 0.13125
0 0.76953125 0.70390625 0.03125 0.13125
0 0.72109375 0.70234375 0.034375 0.134375
0 0.67109375 0.7015625 0.0328125 0.13125
0 0.8265625 0.84296875 0.040625 0.146875
0 0.80078125 0.84296875 0.0421875 0.146875
0 0.775 0.8453125 0.0375 0.146875
0 0.7515625 0.84453125 0.0359375 0.14375
0 0.7265625 0.840625 0.0328125 0.14375
0 0.6984375 0.840625 0.028125 0.14375
0 0.67578125 0.840625 0.03125 0.1453125
0 0.71484375 0.93828125 0.1 0.04375
0 0.13203125 0.771875 0.1 0.0375
0 0.128125 0.8078125 0.103125 0.0375
0 0.12421875 0.8453125 0.10625 0.0375
0 0.12109375 0.88359375 0.103125 0.040625
0 0.11640625 0.921875 0.10625 0.0390625
0 0.2234375 0.84765625 0.1015625 0.0390625
0 0.22109375 0.884375 0.1046875 0.040625
0 0.21953125 0.92265625 0.103125 0.040625
0 0.603125 0.09140625 0.078125 0.0265625
0 0.603125 0.1140625 0.078125 0.0265625
0 0.603125 0.1375 0.08125 0.028125
0 0.603125 0.1609375 0.0796875 0.025
0 0.60234375 0.184375 0.0828125 0.028125
0 0.60390625 0.209375 0.08125 0.0265625
0 0.525 0.08828125 0.0765625 0.0265625
0 0.52421875 0.1109375 0.078125 0.0234375
0 0.52421875 0.1328125 0.08125 0.0265625
0 0.52421875 0.15703125 0.0796875 0.025
0 0.52265625 0.2328125 0.08125 0.0234375
0 0.37109375 0.078125 0.078125 0.028125
0 0.36796875 0.1296875 0.078125 0.025
0 0.365625 0.153125 0.078125 0.0265625
0 0.3640625 0.1765625 0.0796875 0.025
0 0.29375 0.07890625 0.075 0.028125
0 0.29296875 0.1046875 0.078125 0.025
0 0.29140625 0.12890625 0.075 0.021875
0 0.28984375 0.1515625 0.075 0.0234375
0 0.2859375 0.175 0.08125 0.025
0 0.28359375 0.2 0.08125 0.025
0 0.2796875 0.225 0.0796875 0.0265625
0 0.275 0.27890625 0.08125 0.0296875
0 0.2171875 0.07890625 0.08125 0.0296875
0 0.215625 0.10390625 0.078125 0.0265625
0 0.21484375 0.12890625 0.08125 0.025
0 0.21015625 0.15078125 0.078125 0.0234375
0 0.20703125 0.17421875 0.078125 0.0265625
0 0.2046875 0.19921875 0.08125 0.028125
0 0.2 0.22421875 0.084375 0.0296875
0 0.19765625 0.25078125 0.0828125 0.025
0 0.19375 0.2765625 0.084375 0.025
0 0.1859375 0.328125 0.0875 0.0265625
0 0.1828125 0.3578125 0.0875 0.0296875