0 0.3734375 0.5390625 0.08125 0.03125
0 0.37421875 0.56640625 0.08125 0.0328125
0 0.29765625 0.47578125 0.078125 0.03125
0 0.30234375 0.446875 0.078125 0.03125
0 0.3765625 0.50859375 0.08125 0.03125
0 0.3796875 0.47734375 0.08125 0.03125
0 0.3796875 0.45 0.08125 0.03125
0 0.3671875 0.6578125 0.084375 0.034375
0 0.44609375 0.7578125 0.0875 0.040625
0 0.3734375 0.59765625 0.0828125 0.034375
0 0.36640625 0.68828125 0.084375 0.0359375
0 0.44140625 0.88671875 0.0875 0.046875
0 0.296875 0.5359375 0.078125 0.03125
0 0.44296875 0.85 0.0875 0.04375
0 0.296875 0.50546875 0.0765625 0.03125
0 0.53671875 0.771875 0.0890625 0.04375
0 0.38125 0.4234375 0.08125 0.0296875
0 0.3703125 0.6265625 0.08125 0.034375
0 0.6390625 0.4328125 0.090625 0.0375
0 0.284375 0.678125 0.078125 0.034375
0 0.2296875 0.38671875 0.078125 0.028125
0 0.4578125 0.54375 0.0875 0.034375
0 0.5359375 0.8046875 0.090625 0.04375
0 0.22578125 0.4421875 0.0765625 0.03125
0 0.353125 0.8796875 0.0875 0.0453125
0 0.53671875 0.73828125 0.090625 0.0453125
0 0.228125 0.4125 0.078125 0.03125
0 0.63828125 0.49453125 0.0875 0.0375
0 0.3140625 0.30859375 0.075 0.03125
0 0.4484375 0.69765625 0.0875 0.040625
0 0.39140625 0.28359375 0.078125 0.03125
0 0.45078125 0.6640625 0.0875 0.0375
0 0.53203125 0.90625 0.090625 0.0484375
0 0.44453125 0.7890625 0.0875 0.0390625
0 0.30703125 0.3625 0.0765625 0.0296875
0 0.21875 0.496875 0.078125 0.03125
0 0.459375 0.51171875 0.0859375 0.034375
0 0.3078125 0.39140625 0.078125 0.03125
0 0.46015625 0.484375 0.084375 0.0328125
0 0.38359375 0.39375 0.08125 0.0296875
0 0.38984375 0.309375 0.08125 0.0296875
0 0.5296875 0.871875 0.090625 0.046875
0 0.22109375 0.46796875 0.078125 0.03125
0 0.309375 0.3375 0.0765625 0.028125
0 0.315625 0.2828125 0.075 0.03125
0 0.29140625 0.5625 0.078125 0.03125
0 0.634375 0.584375 0.090625 0.0421875
0 0.2875 0.61875 0.08125 0.034375
0 0.45390625 0.603125 0.084375 0.0375
0 0.39296875 0.22734375 0.0796875 0.0328125
0 0.63515625 0.55546875 0.090625 0.040625
0 0.54296875 0.6125 0.0890625 0.0390625
0 0.28671875 0.64765625 0.078125 0.034375
0 0.47578125 0.2296875 0.0828125 0.03125
0 0.396875 0.253125 0.08125 0.03125
0 0.31640625 0.25703125 0.075 0.0296875
0 0.46171875 0.4546875 0.0875 0.03125
0 0.634375 0.46015625 0.090625 0.0375
0 0.63984375 0.525 0.0875 0.0375
0 0.3640625 0.72109375 0.084375 0.0359375
0 0.471875 0.28515625 0.08125 0.034375
0 0.453125 0.63203125 0.0859375 0.0375
0 0.53984375 0.67578125 0.0875 0.040625
0 0.23671875 0.334375 0.0765625 0.03125
0 0.2015625 0.72578125 0.078125 0.0359375
0 0.546875 0.51875 0.0890625 0.034375
0 0.21875 0.52265625 0.078125 0.03125
0 0.5390625 0.7078125 0.0875 0.04375
0 0.28046875 0.709375 0.0796875 0.034375
0 0.81953125 0.90703125 0.025 0.1453125
0 0.203125 0.6984375 0.0796875 0.0375
0 0.215625 0.55234375 0.0796875 0.034375
0 0.54609375 0.55078125 0.0890625 0.0375
0 0.44765625 0.7265625 0.0875 0.0390625
0 0.6359375 0.6171875 0.090625 0.04375
0 0.27890625 0.73828125 0.08125 0.0359375
0 0.55703125 0.23046875 0.084375 0.0296875
0 0.36328125 0.75 0.084375 0.0359375
0 0.82109375 0.51015625 0.03125 0.128125
0 0.53359375 0.83984375 0.090625 0.040625
0 0.21484375 0.57890625 0.078125 0.034375
0 0.29140625 0.59140625 0.078125 0.03125
0 0.54921875 0.375 0.0921875 0.03125
0 0.38671875 0.3671875 0.08125 0.0296875
0 0.3046875 0.42109375 0.078125 0.03125
0 0.396875 0.20078125 0.078125 0.028125
0 0.4734375 0.25859375 0.08125 0.03125
0 0.5421875 0.64453125 0.0890625 0.040625
0 0.3546875 0.8421875 0.0859375 0.0421875
0 0.35859375 0.78515625 0.0859375 0.046875
0 0.5578125 0.25703125 0.0875 0.03125
0 0.4421875 0.821875 0.0890625 0.040625
0 0.23359375 0.359375 0.078125 0.03125
0 0.640625 0.3171875 0.09375 0.028125
0 0.640625 0.2859375 0.090625 0.03125
0 0.4 0.14921875 0.08125 0.03125
0 0.81875 0.37109375 0.03125 0.1234375
0 0.7359375 0.06484375 0.09375 0.0375
0 0.6296875 0.7109375 0.09375 0.0484375
0 0.55390625 0.34296875 0.084375 0.03125
0 0.3234375 0.15 0.075 0.0328125
0 0.46328125 0.4265625 0.084375 0.03125
0 0.55390625 0.31328125 0.084375 0.03125
0 0.63203125 0.6484375 0.0953125 0.046875
0 0.4765625 0.2 0.0828125 0.0296875
0 0.32109375 0.17265625 0.0765625 0.03125
0 0.39921875 0.11953125 0.0796875 0.03125
0 0.2421875 0.28125 0.0765625 0.03125
0 0.79609375 0.37109375 0.034375 0.121875
0 0.39921875 0.17421875 0.0796875 0.028125
0 0.46015625 0.571875 0.08125 0.034375
0 0.2375 0.309375 0.078125 0.028125
0 0.2140625 0.61015625 0.078125 0.0359375
0 0.38828125 0.3375 0.08125 0.028125
0 0.821875 0.13125 0.025 0.1234375
0 0.5546875 0.28671875 0.0828125 0.0296875
0 0.46484375 0.39609375 0.084375 0.0296875
0 0.634375 0.6796875 0.0953125 0.04375
0 0.20859375 0.665625 0.08125 0.0375
0 0.640625 0.4015625 0.090625 0.034375
0 0.62578125 0.9109375 0.096875 0.05625
0 0.19453125 0.81796875 0.08125 0.0421875
0 0.746875 0.26015625 0.025 0.115625
0 0.5453125 0.5796875 0.0875 0.0375
0 0.559375 0.20234375 0.0859375 0.028125
0 0.2125 0.6359375 0.078125 0.0375
0 0.27890625 0.76796875 0.078125 0.0375
0 0.325 0.121875 0.075 0.0375
0 0.31875 0.2265625 0.0734375 0.0296875
0 0.76796875 0.896875 0.03125 0.146875
0 0.81640625 0.76953125 0.03125 0.1375
0 0.7953125 0.25859375 0.03125 0.11875
0 0.196875 0.784375 0.078125 0.04375
0 0.771875 0.371875 0.03125 0.1203125
0 0.7234375 0.259375 0.025 0.1140625
0 0.7734375 0.259375 0.03125 0.11875
0 0.81875 0.2578125 0.028125 0.1203125
0 0.5484375 0.490625 0.0890625 0.0328125
0 0.74453125 0.49921875 0.0265625 0.1234375
0 0.31484375 0.22734375 0.0828125 0.03125
0 0.20078125 0.7578125 0.078125 0.0375
0 0.76796875 0.4984375 0.028125 0.13125
0 0.81953125 0.63671875 0.025 0.1296875
0 0.278125 0.83125 0.08125 0.04375
0 0.7984375 0.13515625 0.028125 0.11875
0 0.63828125 0.34296875 0.0875 0.0328125
0 0.63828125 0.37421875 0.0875 0.034375
0 0.40625 0.0640625 0.0796875 0.03125
0 0.771875 0.13359375 0.021875 0.121875
0 0.746875 0.13828125 0.028125 0.11875
0 0.72421875 0.140625 0.028125 0.11875
0 0.7015625 0.1421875 0.025 0.115625
0 0.7 0.25703125 0.0265625 0.115625
0 0.7453125 0.375 0.025 0.121875
0 0.72109375 0.37421875 0.025 0.115625
0 0.69765625 0.375 0.025 0.1140625
0 0.7953125 0.50390625 0.028125 0.125
0 0.721875 0.49453125 0.0296875 0.1234375
0 0.69765625 0.49375 0.0265625 0.121875
0 0.79453125 0.6296875 0.028125 0.13125
0 0.76953125 0.6234375 0.028125 0.1296875
0 0.74296875 0.621875 0.028125 0.13125
0 0.71953125 0.621875 0.028125 0.128125
0 0.69375 0.6203125 0.028125 0.128125
0 0.79140625 0.7609375 0.0296875 0.134375
0 0.76484375 0.76015625 0.03125 0.14375
0 0.740625 0.75390625 0.03125 0.1328125
0 0.7140625 0.75234375 0.03125 0.1359375
0 0.68828125 0.74921875 0.028125 0.134375
0 0.79375 0.89765625 0.028125 0.140625
0 0.73828125 0.89140625 0.0265625 0.134375
0 0.71171875 0.8859375 0.03125 0.140625
0 0.6875 0.88515625 0.028125 0.13125
0 0.62578125 0.87734375 0.096875 0.053125
0 0.628125 0.84375 0.09375 0.053125
0 0.62734375 0.809375 0.096875 0.05
0 0.6296875 0.77734375 0.09375 0.05
0 0.63125 0.7453125 0.09375 0.05
0 0.64453125 0.25625 0.0875 0.0296875
0 0.6453125 0.2296875 0.090625 0.0296875
0 0.6453125 0.2015625 0.0875 0.0265625
0 0.646875 0.1734375 0.0890625 0.03125
0 0.6484375 0.14375 0.0890625 0.0265625
0 0.6484375 0.1171875 0.0890625 0.028125
0 0.6484375 0.08828125 0.0890625 0.028125
0 0.65 0.0625 0.0875 0.03125
0 0.565625 0.065625 0.084375 0.034375
0 0.56328125 0.09140625 0.084375 0.03125
0 0.56328125 0.11796875 0.084375 0.0328125
0 0.56328125 0.1453125 0.0859375 0.028125
0 0.56171875 0.17265625 0.0875 0.03125
0 0.484375 0.0671875 0.08125 0.03125
0 0.4828125 0.09375 0.084375 0.028125
0 0.48046875 0.12109375 0.08125 0.03125
0 0.48046875 0.14765625 0.08125 0.03125
0 0.47890625 0.17421875 0.084375 0.028125
0 0.471875 0.3125 0.084375 0.0265625
0 0.4703125 0.340625 0.084375 0.028125
0 0.4703125 0.36796875 0.084375 0.03125
0 0.4046875 0.0921875 0.078125 0.03125
0 0.553125 0.39921875 0.090625 0.028125
0 0.55078125 0.43125 0.0875 0.034375
0 0.33046875 0.0703125 0.078125 0.03125
0 0.3296875 0.09296875 0.078125 0.028125
0 0.25546875 0.0703125 0.0765625 0.028125
0 0.2546875 0.09453125 0.075 0.034375
0 0.253125 0.121875 0.078125 0.03125
0 0.25 0.14921875 0.0765625 0.03125
0 0.24921875 0.17421875 0.075 0.0328125
0 0.32109375 0.2015625 0.0765625 0.0296875
0 0.24921875 0.20078125 0.075 0.0328125
0 0.24609375 0.22734375 0.075 0.03125
0 0.24453125 0.25390625 0.075 0.028125
0 0.55078125 0.46015625 0.0890625 0.0375
0 0.3609375 0.81328125 0.0828125 0.0453125
0 0.27734375 0.80078125 0.084375 0.04375
0 0.2734375 0.8640625 0.0796875 0.046875
0 0.19453125 0.84765625 0.078125 0.046875