0 0.42265625 0.4421875 0.075 0.046875
0 0.5734375 0.4015625 0.0796875 0.0484375
0 0.50234375 0.5765625 0.0765625 0.04375
0 0.4953125 0.39375 0.078125 0.046875
0 0.57578125 0.53671875 0.0765625 0.0453125
0 0.41171875 0.253125 0.0796875 0.0546875
0 0.35078125 0.4984375 0.075 0.046875
0 0.409375 0.20234375 0.08125 0.0578125
0 0.509375 0.85390625 0.06875 0.0375
0 0.43046875 0.57578125 0.075 0.04375
0 0.41328125 0.3 0.078125 0.05
0 0.42578125 0.5359375 0.075 0.0453125
0 0.48984375 0.19453125 0.0796875 0.059375
0 0.5734375 0.44765625 0.078125 0.046875
0 0.25625 0.221875 0.0796875 0.059375
0 0.19609375 0.42578125 0.075 0.046875
0 0.57578125 0.57734375 0.078125 0.0421875
0 0.27578125 0.46328125 0.0765625 0.04375
0 0.20703125 0.51171875 0.0734375 0.04375
0 0.271875 0.41875 0.075 0.046875
0 0.4328125 0.61953125 0.0734375 0.040625
0 0.5078125 0.778125 0.071875 0.040625
0 0.26328125 0.32734375 0.078125 0.0515625
0 0.33828125 0.309375 0.078125 0.053125
0 0.1984375 0.46875 0.0734375 0.046875
0 0.50625 0.7390625 0.071875 0.0375
0 0.4203125 0.39453125 0.075 0.046875
0 0.3328125 0.2046875 0.0796875 0.05625
0 0.3546875 0.58203125 0.071875 0.04375
0 0.36953125 0.74140625 0.0703125 0.040625
0 0.503125 0.61953125 0.075 0.040625
0 0.2671875 0.375 0.0765625 0.046875
0 0.371875 0.78125 0.0703125 0.0390625
0 0.5734375 0.49296875 0.078125 0.04375
0 0.35234375 0.54375 0.0734375 0.04375
0 0.49375 0.3453125 0.0796875 0.05
0 0.33515625 0.26171875 0.078125 0.05625
0 0.50078125 0.534375 0.078125 0.04375
0 0.34453125 0.4109375 0.075 0.046875
0 0.49140625 0.24453125 0.0796875 0.053125
0 0.434375 0.65859375 0.071875 0.040625
0 0.2828125 0.54921875 0.071875 0.04375
0 0.57890625 0.81953125 0.071875 0.040625
0 0.4953125 0.3 0.08125 0.05
0 0.57109375 0.353125 0.078125 0.05
0 0.346875 0.45390625 0.075 0.0453125
0 0.42265625 0.48828125 0.075 0.046875
0 0.27734375 0.50703125 0.0734375 0.04375
0 0.25625 0.27265625 0.0796875 0.0546875
0 0.5046875 0.6609375 0.071875 0.0421875
0 0.665625 0.646875 0.0375 0.096875
0 0.57109375 0.3046875 0.08125 0.05
0 0.28984375 0.6296875 0.071875 0.040625
0 0.43828125 0.73828125 0.071875 0.040625
0 0.17578125 0.23515625 0.08125 0.059375
0 0.509375 0.81875 0.071875 0.0390625
0 0.36171875 0.62421875 0.071875 0.0421875
0 0.340625 0.36015625 0.078125 0.05
0 0.50546875 0.703125 0.071875 0.040625
0 0.4375 0.7 0.0703125 0.040625
0 0.41796875 0.34765625 0.078125 0.05
0 0.2125 0.55546875 0.075 0.040625
0 0.4390625 0.7796875 0.06875 0.0390625
0 0.66640625 0.32890625 0.040625 0.115625
0 0.57734375 0.70234375 0.075 0.040625
0 0.7671875 0.7390625 0.0390625 0.09375
0 0.57890625 0.77890625 0.071875 0.0390625
0 0.66640625 0.44375 0.0375 0.109375
0 0.36875 0.7046875 0.0703125 0.0390625
0 0.18671875 0.33359375 0.075 0.0484375
0 0.44296875 0.8546875 0.0671875 0.0375
0 0.57734375 0.6609375 0.075 0.0421875
0 0.4421875 0.8203125 0.0671875 0.0390625
0 0.56953125 0.20703125 0.08125 0.05625
0 0.18984375 0.38046875 0.071875 0.046875
0 0.2859375 0.58828125 0.071875 0.040625
0 0.29921875 0.709375 0.06875 0.040625
0 0.22265625 0.63359375 0.0703125 0.0421875
0 0.57109375 0.25625 0.08125 0.05
0 0.5796875 0.8546875 0.071875 0.0390625
0 0.22578125 0.675 0.071875 0.040625
0 0.63359375 0.64921875 0.034375 0.096875
0 0.703125 0.4390625 0.0390625 0.109375
0 0.184375 0.2859375 0.0765625 0.0515625
0 0.49921875 0.4421875 0.078125 0.046875
0 0.365625 0.66484375 0.071875 0.0375
0 0.63203125 0.33203125 0.0375 0.1125
0 0.57734375 0.7390625 0.071875 0.040625
0 0.29296875 0.66796875 0.071875 0.040625
0 0.6328125 0.55078125 0.034375 0.1
0 0.21796875 0.5953125 0.0703125 0.040625
0 0.63125 0.44921875 0.0375 0.1109375
0 0.778125 0.32109375 0.0453125 0.115625
0 0.69765625 0.7375 0.034375 0.090625
0 0.66796875 0.2109375 0.040625 0.121875
0 0.23671875 0.78984375 0.0703125 0.0375
0 0.77421875 0.43515625 0.040625 0.109375
0 0.57890625 0.61875 0.075 0.040625
0 0.73046875 0.7375 0.0375 0.0921875
0 0.29921875 0.74609375 0.0671875 0.040625
0 0.6671875 0.54765625 0.0390625 0.103125
0 0.7703125 0.53984375 0.04375 0.1
0 0.6640625 0.74140625 0.0375 0.090625
0 0.63203125 0.2125 0.040625 0.1234375
0 0.7015625 0.64609375 0.0375 0.1
0 0.7375 0.4359375 0.040625 0.109375
0 0.3734375 0.81875 0.0703125 0.0390625
0 0.37578125 0.85234375 0.06875 0.0375
0 0.70390625 0.3265625 0.040625 0.115625
0 0.30234375 0.7859375 0.0671875 0.040625
0 0.63203125 0.7421875 0.0375 0.090625
0 0.49453125 0.48515625 0.078125 0.046875
0 0.6984375 0.83046875 0.0375 0.090625
0 0.76640625 0.640625 0.0375 0.1
0 0.70703125 0.2046875 0.040625 0.1234375
0 0.63359375 0.82734375 0.0375 0.09375
0 0.23125 0.75078125 0.06875 0.04375
0 0.66484375 0.83046875 0.0375 0.090625
0 0.7328125 0.828125 0.040625 0.09375
0 0.30859375 0.82265625 0.071875 0.0359375
0 0.73671875 0.32421875 0.040625 0.115625
0 0.76328125 0.82734375 0.0375 0.0921875
0 0.73359375 0.54140625 0.0375 0.1015625
0 0.24140625 0.82421875 0.06875 0.034375
0 0.73515625 0.64375 0.0375 0.1015625
0 0.7796875 0.2046875 0.04375 0.1234375
0 0.76015625 0.2 0.071875 0.125
0 0.22734375 0.70859375 0.071875 0.0359375
0 0.69609375 0.546875 0.0359375 0.103125
0 0.3109375 0.85625 0.071875 0.0375
0 0.246875 0.86015625 0.065625 0.0375