0 0.6671875 0.41484375 0.05 0.084375
0 0.7609375 0.7375 0.05 0.08125
0 0.56875 0.571875 0.046875 0.0796875
0 0.61640625 0.57265625 0.0484375 0.08125
0 0.6171875 0.41484375 0.05 0.084375
0 0.56796875 0.41484375 0.0484375 0.0828125
0 0.76640625 0.5765625 0.053125 0.08125
0 0.665625 0.57421875 0.0484375 0.08125
0 0.5171875 0.64921875 0.046875 0.078125
0 0.521875 0.41171875 0.0484375 0.08125
0 0.71015625 0.7359375 0.05 0.08125
0 0.4734375 0.56953125 0.046875 0.078125
0 0.7703125 0.49296875 0.053125 0.084375
0 0.71640625 0.4140625 0.053125 0.0859375
0 0.71484375 0.57578125 0.05 0.08125
0 0.81875 0.49296875 0.053125 0.0859375
0 0.51796875 0.72421875 0.0453125 0.078125
0 0.56796875 0.49453125 0.0484375 0.08125
0 0.4734375 0.49375 0.046875 0.078125
0 0.525 0.57109375 0.046875 0.0796875
0 0.4671875 0.79921875 0.046875 0.078125
0 0.42890625 0.4171875 0.046875 0.08125
0 0.4703125 0.6453125 0.0453125 0.0765625
0 0.8765625 0.4953125 0.053125 0.0875
0 0.21171875 0.49375 0.046875 0.075
0 0.52109375 0.49375 0.046875 0.08125
0 0.3390625 0.4171875 0.04375 0.0796875
0 0.47421875 0.4125 0.0484375 0.08125
0 0.2546875 0.4921875 0.04375 0.075
0 0.42734375 0.64765625 0.046875 0.075
0 0.43203125 0.49453125 0.0453125 0.078125
0 0.29375 0.56640625 0.046875 0.075
0 0.56328125 0.6515625 0.046875 0.078125
0 0.7609375 0.659375 0.05 0.08125
0 0.3421875 0.49375 0.04375 0.0765625
0 0.71015625 0.6578125 0.05 0.08125
0 0.87265625 0.578125 0.0546875 0.0875
0 0.4734375 0.721875 0.046875 0.078125
0 0.375 0.64609375 0.046875 0.075
0 0.384375 0.4171875 0.046875 0.0796875
0 0.43203125 0.56953125 0.04375 0.078125
0 0.296875 0.49453125 0.0453125 0.0765625
0 0.5640625 0.72578125 0.046875 0.078125
0 0.340625 0.5671875 0.04375 0.075
0 0.5125 0.8015625 0.0453125 0.078125
0 0.8125 0.66171875 0.053125 0.08125
0 0.55859375 0.8046875 0.046875 0.078125
0 0.2 0.56484375 0.0421875 0.0734375
0 0.28671875 0.64140625 0.04375 0.0734375
0 0.7703125 0.41015625 0.053125 0.0875
0 0.8609375 0.74375 0.05625 0.084375
0 0.42421875 0.79453125 0.046875 0.0765625
0 0.80390625 0.82109375 0.053125 0.08125
0 0.24296875 0.565625 0.04375 0.075
0 0.61171875 0.72890625 0.0484375 0.078125
0 0.215625 0.71015625 0.04375 0.071875
0 0.66015625 0.65703125 0.05 0.08125
0 0.33046875 0.6421875 0.04375 0.075
0 0.6109375 0.6546875 0.0484375 0.078125
0 0.3734375 0.7890625 0.046875 0.075
0 0.81875 0.58125 0.053125 0.084375
0 0.340625 0.71640625 0.04375 0.0734375
0 0.3859375 0.49375 0.04375 0.078125
0 0.3859375 0.56875 0.046875 0.0765625
0 0.6578125 0.81171875 0.05 0.078125
0 0.20078125 0.63984375 0.04375 0.0734375
0 0.2515625 0.41796875 0.04375 0.078125
0 0.66015625 0.7328125 0.0484375 0.0796875
0 0.8125 0.74140625 0.0515625 0.08125
0 0.16796875 0.41953125 0.04375 0.0765625
0 0.865625 0.66328125 0.0578125 0.084375
0 0.6078125 0.8078125 0.0484375 0.078125
0 0.24296875 0.640625 0.04375 0.0734375
0 0.428125 0.72109375 0.0453125 0.075
0 0.29765625 0.71484375 0.04375 0.0734375
0 0.16484375 0.49296875 0.04375 0.075
0 0.878125 0.4078125 0.0578125 0.090625
0 0.384375 0.71796875 0.04375 0.075
0 0.25546875 0.71171875 0.0421875 0.071875
0 0.16015625 0.56484375 0.04375 0.071875
0 0.328125 0.7859375 0.04375 0.071875
0 0.21171875 0.41796875 0.046875 0.0765625
0 0.8234375 0.409375 0.053125 0.0875
0 0.29609375 0.41796875 0.04375 0.078125
0 0.8578125 0.828125 0.0578125 0.084375
0 0.71796875 0.49609375 0.0515625 0.084375
0 0.16953125 0.7078125 0.0453125 0.071875
0 0.6171875 0.49453125 0.05 0.08125
0 0.84765625 0.30625 0.13125 0.04375
0 0.75703125 0.81953125 0.05 0.08125
0 0.2453125 0.78125 0.04375 0.0734375
0 0.16640625 0.77578125 0.04375 0.071875
0 0.3859375 0.35703125 0.109375 0.0375
0 0.20703125 0.7796875 0.040625 0.071875
0 0.60703125 0.31640625 0.115625 0.040625
0 0.7234375 0.34921875 0.121875 0.040625
0 0.721875 0.3125 0.1234375 0.0421875
0 0.60703125 0.3515625 0.115625 0.040625
0 0.384375 0.321875 0.109375 0.040625
0 0.1578125 0.6390625 0.04375 0.071875
0 0.60390625 0.20234375 0.115625 0.046875
0 0.49453125 0.31796875 0.1125 0.040625
0 0.6671875 0.49609375 0.05 0.08125
0 0.1703125 0.21953125 0.1 0.0421875
0 0.8484375 0.34609375 0.1265625 0.04375
0 0.85390625 0.18203125 0.134375 0.05
0 0.8546875 0.22734375 0.13125 0.0484375
0 0.6046875 0.28125 0.1171875 0.040625
0 0.72890625 0.27578125 0.121875 0.04375
0 0.7265625 0.1921875 0.125 0.05
0 0.49609375 0.35390625 0.1109375 0.0390625
0 0.28984375 0.784375 0.04375 0.071875
0 0.27421875 0.35625 0.1 0.0421875
0 0.49375 0.2796875 0.1125 0.040625
0 0.70703125 0.81640625 0.053125 0.078125
0 0.175 0.33515625 0.1 0.05625
0 0.725 0.2328125 0.125 0.046875
0 0.38203125 0.28359375 0.1125 0.040625
0 0.85234375 0.26328125 0.13125 0.05
0 0.60390625 0.2390625 0.115625 0.04375
0 0.38203125 0.209375 0.1125 0.04375
0 0.49296875 0.20859375 0.1109375 0.040625
0 0.49375 0.24375 0.1125 0.0421875
0 0.27265625 0.3234375 0.103125 0.040625
0 0.17890625 0.353125 0.1015625 0.0546875
0 0.171875 0.29140625 0.1015625 0.04375
0 0.38125 0.2484375 0.115625 0.0421875
0 0.2734375 0.2140625 0.103125 0.04375
0 0.16953125 0.2578125 0.1015625 0.0359375
0 0.26875 0.2515625 0.1078125 0.0421875
0 0.2671875 0.2859375 0.103125 0.040625