0 0.50625 0.4578125 0.0515625 0.0890625
0 0.16953125 0.44765625 0.0484375 0.08359375
0 0.61015625 0.7125 0.05078125 0.08125
0 0.36640625 0.771875 0.04765625 0.0765625
0 0.50546875 0.21484375 0.12734375 0.046875
0 0.41015625 0.540625 0.05078125 0.08359375
0 0.525 0.54609375 0.05078125 0.0859375
0 0.625 0.55 0.05390625 0.0875
0 0.86953125 0.73125 0.06484375 0.0859375
0 0.51875 0.625 0.04921875 0.08203125
0 0.3125 0.69296875 0.05 0.07890625
0 0.321875 0.7703125 0.04765625 0.075
0 0.36015625 0.53828125 0.0484375 0.0828125
0 0.57265625 0.54765625 0.0515625 0.0859375
0 0.21875 0.5328125 0.0484375 0.08125
0 0.45546875 0.45546875 0.05078125 0.08828125
0 0.8171875 0.725 0.0578125 0.08359375
0 0.36328125 0.69765625 0.04921875 0.078125
0 0.4046875 0.4546875 0.05 0.08671875
0 0.46953125 0.54453125 0.05234375 0.08515625
0 0.41328125 0.7015625 0.0484375 0.08046875
0 0.22109375 0.690625 0.0484375 0.07890625
0 0.73125 0.46328125 0.05546875 0.09140625
0 0.41328125 0.77578125 0.04609375 0.07578125
0 0.6765625 0.55234375 0.05390625 0.08828125
0 0.61640625 0.36875 0.0546875 0.09375
0 0.7296875 0.55390625 0.0546875 0.08828125
0 0.3265625 0.61484375 0.046875 0.08046875
0 0.67734375 0.46328125 0.0546875 0.09140625
0 0.4234375 0.6171875 0.04921875 0.08359375
0 0.5 0.29921875 0.12265625 0.0453125
0 0.56640625 0.3703125 0.053125 0.09375
0 0.6734375 0.3734375 0.05546875 0.09609375
0 0.2296875 0.6125 0.0515625 0.0796875
0 0.78671875 0.465625 0.05703125 0.09296875
0 0.84921875 0.46875 0.0609375 0.09296875
0 0.18125 0.76484375 0.05078125 0.07578125
0 0.275 0.7671875 0.04921875 0.0734375
0 0.734375 0.37109375 0.0578125 0.0953125
0 0.215625 0.4484375 0.0484375 0.08515625
0 0.2609375 0.3625 0.0484375 0.0890625
0 0.509375 0.1703125 0.12578125 0.0484375
0 0.38359375 0.21484375 0.12109375 0.04765625
0 0.3078125 0.36640625 0.05078125 0.0890625
0 0.615625 0.634375 0.0515625 0.08515625
0 0.78984375 0.371875 0.06015625 0.09765625
0 0.46015625 0.36640625 0.0515625 0.09296875
0 0.653125 0.79296875 0.053125 0.0796875
0 0.46875 0.62265625 0.04921875 0.0828125
0 0.78046875 0.12109375 0.140625 0.0515625
0 0.56875 0.63125 0.05078125 0.08359375
0 0.72265625 0.6359375 0.05390625 0.084375
0 0.78515625 0.55625 0.05625 0.0890625
0 0.76328125 0.259375 0.1375 0.04765625
0 0.27890625 0.61328125 0.0484375 0.08046875
0 0.896875 0.56015625 0.065625 0.08984375
0 0.5546875 0.78671875 0.04921875 0.078125
0 0.7703125 0.21484375 0.14140625 0.0484375
0 0.26640625 0.53359375 0.0484375 0.08203125
0 0.67109375 0.6328125 0.053125 0.084375
0 0.76015625 0.30078125 0.13359375 0.046875
0 0.77578125 0.640625 0.05703125 0.08515625
0 0.37421875 0.6171875 0.046875 0.08125
0 0.3796875 0.29921875 0.11875 0.04375
0 0.90625 0.4703125 0.06796875 0.09453125
0 0.56015625 0.71015625 0.05 0.08046875
0 0.828125 0.6421875 0.05859375 0.08671875
0 0.3109375 0.5359375 0.0484375 0.0828125
0 0.5078125 0.7859375 0.0484375 0.078125
0 0.51640625 0.3671875 0.05390625 0.09296875
0 0.3578125 0.365625 0.04921875 0.09140625
0 0.2125 0.3625 0.0484375 0.0875
0 0.12109375 0.44765625 0.05 0.0828125
0 0.17890625 0.61015625 0.05078125 0.0796875
0 0.8578125 0.815625 0.06640625 0.08515625
0 0.46171875 0.70546875 0.0484375 0.08046875
0 0.1734375 0.6859375 0.04921875 0.07890625
0 0.2625 0.45 0.0484375 0.08359375
0 0.7765625 0.1671875 0.13671875 0.05234375
0 0.5109375 0.70859375 0.04921875 0.08203125
0 0.71328125 0.7203125 0.0546875 0.0828125
0 0.16484375 0.53125 0.05390625 0.0828125
0 0.4078125 0.36875 0.05078125 0.090625
0 0.60234375 0.79140625 0.053125 0.078125
0 0.50234375 0.259375 0.12421875 0.04609375
0 0.66171875 0.7171875 0.053125 0.08125
0 0.38125 0.259375 0.1203125 0.0453125
0 0.1203125 0.365625 0.04921875 0.084375
0 0.853125 0.37578125 0.0640625 0.0984375
0 0.35546875 0.453125 0.0484375 0.0859375
0 0.11953125 0.53203125 0.053125 0.0828125
0 0.88125 0.64765625 0.06328125 0.0890625
0 0.26875 0.68984375 0.0484375 0.078125
0 0.309375 0.45078125 0.0484375 0.084375
0 0.228125 0.765625 0.04921875 0.0765625
0 0.13359375 0.7640625 0.05 0.07734375
0 0.13125 0.60859375 0.05078125 0.07890625
0 0.83984375 0.5578125 0.059375 0.08984375
0 0.515625 0.12421875 0.128125 0.05078125
0 0.80625 0.80546875 0.059375 0.08125
0 0.6390625 0.21640625 0.13203125 0.04609375
0 0.703125 0.80078125 0.053125 0.08203125
0 0.7640625 0.721875 0.05546875 0.0828125
0 0.63125 0.30703125 0.12890625 0.046875
0 0.46015625 0.7828125 0.04765625 0.07890625
0 0.6453125 0.125 0.13671875 0.0484375
0 0.62890625 0.259375 0.13046875 0.046875
0 0.62109375 0.46171875 0.059375 0.0921875
0 0.1296875 0.68515625 0.04609375 0.07890625
0 0.26171875 0.296875 0.12109375 0.04453125
0 0.92109375 0.121875 0.14921875 0.053125
0 0.2625 0.25859375 0.1203125 0.04375
0 0.384375 0.16796875 0.12421875 0.04609375
0 0.6421875 0.16796875 0.134375 0.0515625
0 0.13671875 0.1296875 0.12421875 0.0515625
0 0.16484375 0.3625 0.05 0.08515625
0 0.8984375 0.3078125 0.1484375 0.0515625
0 0.1328125 0.17109375 0.11953125 0.0484375
0 0.38359375 0.12734375 0.125 0.04921875
0 0.5609375 0.46171875 0.0546875 0.090625
0 0.903125 0.26015625 0.15 0.0515625
0 0.91171875 0.37578125 0.06484375 0.09921875
0 0.7546875 0.8015625 0.05625 0.08125
0 0.26484375 0.1296875 0.121875 0.046875
0 0.1453125 0.303125 0.11015625 0.04765625
0 0.91015625 0.21640625 0.1484375 0.0515625
0 0.140625 0.25625 0.11640625 0.04609375
0 0.13671875 0.21796875 0.1203125 0.04921875
0 0.25859375 0.17109375 0.13125 0.0453125
0 0.2609375 0.2171875 0.1234375 0.046875
0 0.91796875 0.16484375 0.15078125 0.0546875