0 0.5125 0.27109375 0.171875 0.140625
0 0.6859375 0.28046875 0.159375 0.128125
0 0.33515625 0.284375 0.175 0.134375
0 0.38359375 0.79609375 0.028125 0.190625
0 0.86328125 0.79453125 0.04375 0.1875
0 0.88828125 0.7921875 0.0375 0.184375
0 0.83828125 0.796875 0.0390625 0.1875
0 0.6890625 0.7953125 0.0453125 0.1875
0 0.78515625 0.79375 0.046875 0.18125
0 0.53125 0.79765625 0.04375 0.1921875
0 0.871875 0.2796875 0.1875 0.125
0 0.6609375 0.7984375 0.0421875 0.184375
0 0.1546875 0.2625 0.1703125 0.134375
0 0.1953125 0.7984375 0.0296875 0.1875
0 0.503125 0.8 0.0375 0.2
0 0.29140625 0.79609375 0.03125 0.1875
0 0.58515625 0.796875 0.0453125 0.190625
0 0.81328125 0.7921875 0.0453125 0.184375
0 0.7125 0.60390625 0.03125 0.1984375
0 0.56015625 0.7984375 0.0453125 0.190625
0 0.6078125 0.8015625 0.046875 0.190625
0 0.71484375 0.7953125 0.0640625 0.1921875
0 0.4359375 0.80234375 0.03125 0.190625
0 0.22109375 0.7984375 0.028125 0.184375
0 0.91171875 0.7921875 0.0359375 0.1859375
0 0.359375 0.7984375 0.0328125 0.190625
0 0.76171875 0.79296875 0.046875 0.18125
0 0.5140625 0.6046875 0.0375 0.196875
0 0.7875 0.603125 0.03125 0.196875
0 0.6875 0.60390625 0.034375 0.2
0 0.76484375 0.60234375 0.03125 0.1984375
0 0.73671875 0.603125 0.03125 0.2
0 0.24375 0.79765625 0.0296875 0.1875
0 0.45546875 0.796875 0.028125 0.190625
0 0.3671875 0.609375 0.0390625 0.1984375
0 0.48828125 0.60703125 0.040625 0.196875
0 0.45625 0.79765625 0.025 0.190625
0 0.5921875 0.3484375 0.25 0.01875
0 0.5921875 0.4359375 0.25 0.021875
0 0.32109375 0.79765625 0.03125 0.1875
0 0.6625 0.60546875 0.0375 0.196875
0 0.59296875 0.45 0.25 0.0171875
0 0.6390625 0.60703125 0.0375 0.196875
0 0.73515625 0.79375 0.065625 0.1875
0 0.84375 0.34609375 0.253125 0.021875
0 0.96640625 0.7890625 0.040625 0.190625
0 0.26796875 0.79609375 0.028125 0.1875
0 0.81015625 0.603125 0.034375 0.190625
0 0.93671875 0.7890625 0.0375 0.1875
0 0.10859375 0.6046875 0.03125 0.1859375
0 0.29140625 0.6078125 0.0375 0.190625
0 0.33828125 0.6109375 0.0375 0.2015625
0 0.33984375 0.3953125 0.25 0.021875
0 0.5421875 0.60703125 0.040625 0.19375
0 0.08515625 0.603125 0.040625 0.1875
0 0.08515625 0.421875 0.03125 0.178125
0 0.1109375 0.4234375 0.025 0.178125
0 0.1328125 0.425 0.01875 0.175
0 0.146875 0.42109375 0.01875 0.184375
0 0.16640625 0.41875 0.028125 0.1875
0 0.190625 0.41953125 0.034375 0.1890625
0 0.33046875 0.35703125 0.2609375 0.0203125
0 0.33671875 0.37578125 0.25625 0.01875
0 0.33671875 0.4140625 0.25 0.0203125
0 0.33671875 0.43203125 0.246875 0.021875
0 0.34453125 0.45 0.24375 0.0203125
0 0.34921875 0.4671875 0.25 0.021875
0 0.3453125 0.484375 0.246875 0.01875
0 0.3421875 0.50234375 0.246875 0.0203125
0 0.59453125 0.36640625 0.25625 0.01875
0 0.590625 0.3828125 0.2484375 0.015625
0 0.59140625 0.39921875 0.25 0.01875
0 0.58828125 0.4171875 0.259375 0.0203125
0 0.5984375 0.465625 0.25 0.021875
0 0.59375 0.48359375 0.25 0.01875
0 0.59296875 0.5015625 0.253125 0.0203125
0 0.84921875 0.3625 0.253125 0.025
0 0.84296875 0.38125 0.25625 0.0234375
0 0.84453125 0.4 0.25625 0.025
0 0.84765625 0.4171875 0.25625 0.025
0 0.84765625 0.43515625 0.2578125 0.025
0 0.84453125 0.45078125 0.246875 0.0171875
0 0.84375 0.46484375 0.246875 0.021875
0 0.84765625 0.48203125 0.25 0.0203125
0 0.84765625 0.5 0.2546875 0.021875
0 0.96015625 0.59921875 0.03125 0.18125
0 0.93515625 0.6 0.034375 0.184375
0 0.91015625 0.59921875 0.034375 0.18125
0 0.88359375 0.6 0.03125 0.184375
0 0.86015625 0.60078125 0.028125 0.184375
0 0.8390625 0.603125 0.03125 0.190625
0 0.6078125 0.60703125 0.040625 0.1921875
0 0.57890625 0.60703125 0.04375 0.19375
0 0.46484375 0.60703125 0.04375 0.190625
0 0.43828125 0.6078125 0.040625 0.19375
0 0.4109375 0.60625 0.0375 0.190625
0 0.38828125 0.60625 0.034375 0.1875
0 0.3140625 0.60703125 0.0359375 0.190625
0 0.2640625 0.60703125 0.0375 0.1890625
0 0.24140625 0.60703125 0.028125 0.1875
0 0.21875 0.60859375 0.034375 0.1875
0 0.19453125 0.60859375 0.034375 0.1890625
0 0.171875 0.60546875 0.028125 0.1875
0 0.1515625 0.60546875 0.028125 0.18125
0 0.13125 0.6046875 0.0296875 0.1828125
0 0.0796875 0.79453125 0.034375 0.19375
0 0.10546875 0.7921875 0.028125 0.190625
0 0.128125 0.7921875 0.03125 0.1953125
0 0.15 0.79296875 0.03125 0.1921875
0 0.171875 0.79453125 0.025 0.19375
0 0.3390625 0.796875 0.01875 0.1890625
0 0.409375 0.79765625 0.0296875 0.1953125
0 0.4765625 0.8 0.0375 0.2
0 0.634375 0.79609375 0.05 0.1875