0 0.41171875 0.640625 0.046875 0.078125
0 0.51796875 0.49296875 0.046875 0.078125
0 0.640625 0.65390625 0.046875 0.078125
0 0.38046875 0.48828125 0.0453125 0.078125
0 0.4171875 0.565625 0.046875 0.078125
0 0.42734375 0.4890625 0.046875 0.0796875
0 0.74375 0.57734375 0.05 0.08125
0 0.59296875 0.72734375 0.046875 0.078125
0 0.50625 0.64765625 0.0453125 0.078125
0 0.41328125 0.71796875 0.0453125 0.075
0 0.58984375 0.80625 0.0453125 0.0765625
0 0.1953125 0.55546875 0.0453125 0.0765625
0 0.55625 0.56953125 0.046875 0.0796875
0 0.33046875 0.56171875 0.04375 0.078125
0 0.40859375 0.790625 0.0453125 0.0765625
0 0.4765625 0.4140625 0.046875 0.08125
0 0.56484375 0.49375 0.046875 0.0796875
0 0.4546875 0.79375 0.046875 0.0765625
0 0.50546875 0.72109375 0.0453125 0.0765625
0 0.6015625 0.571875 0.046875 0.08125
0 0.19765625 0.48203125 0.05 0.075
0 0.66640625 0.41953125 0.05 0.08125
0 0.64921875 0.57421875 0.05 0.08125
0 0.5515625 0.64921875 0.0453125 0.0796875
0 0.61796875 0.41796875 0.0484375 0.08125
0 0.71484375 0.4203125 0.0484375 0.08125
0 0.38828125 0.40859375 0.0453125 0.0796875
0 0.46328125 0.5671875 0.0453125 0.078125
0 0.46015625 0.71875 0.0453125 0.0765625
0 0.4328125 0.4125 0.046875 0.0796875
0 0.73671875 0.659375 0.05 0.078125
0 0.153125 0.5546875 0.04375 0.075
0 0.36640625 0.64140625 0.04375 0.078125
0 0.36796875 0.71484375 0.04375 0.0765625
0 0.49921875 0.7984375 0.046875 0.0765625
0 0.69765625 0.5765625 0.05 0.08125
0 0.10234375 0.478125 0.04375 0.0734375
0 0.25 0.4046875 0.046875 0.078125
0 0.3265625 0.7125 0.04375 0.078125
0 0.4578125 0.64296875 0.046875 0.078125
0 0.24609375 0.48125 0.0453125 0.078125
0 0.28203125 0.7109375 0.04375 0.0765625
0 0.7546875 0.5015625 0.0515625 0.08125
0 0.52265625 0.41484375 0.046875 0.08125
0 0.4703125 0.4921875 0.046875 0.078125
0 0.203125 0.403125 0.046875 0.078125
0 0.315625 0.7859375 0.046875 0.075
0 0.29609375 0.40546875 0.0453125 0.078125
0 0.2359375 0.709375 0.046875 0.075
0 0.596875 0.6515625 0.046875 0.0796875
0 0.509375 0.5703125 0.046875 0.0796875
0 0.68671875 0.73203125 0.046875 0.0765625
0 0.5703125 0.4125 0.05 0.08125
0 0.28125 0.634375 0.04375 0.0765625
0 0.55078125 0.725 0.046875 0.078125
0 0.78515625 0.66171875 0.0515625 0.0796875
0 0.734375 0.734375 0.046875 0.078125
0 0.2859375 0.5609375 0.04375 0.0765625
0 0.70625 0.5 0.0515625 0.08125
0 0.546875 0.803125 0.046875 0.078125
0 0.34296875 0.40703125 0.046875 0.078125
0 0.24140625 0.55859375 0.0453125 0.075
0 0.68203125 0.8109375 0.046875 0.075
0 0.63984375 0.7296875 0.046875 0.0765625
0 0.18984375 0.62890625 0.04375 0.075
0 0.3234375 0.6390625 0.04375 0.078125
0 0.23515625 0.63203125 0.0453125 0.075
0 0.37421875 0.5640625 0.0453125 0.078125
0 0.68828125 0.65625 0.046875 0.078125
0 0.3640625 0.78828125 0.046875 0.0765625
0 0.14765625 0.48125 0.05 0.075
0 0.8046875 0.50234375 0.05625 0.08125
0 0.3359375 0.48671875 0.04375 0.078125
0 0.63828125 0.80859375 0.046875 0.075
0 0.728125 0.81328125 0.0484375 0.0796875
0 0.78125 0.73671875 0.053125 0.078125
0 0.76328125 0.42109375 0.05 0.0828125
0 0.29140625 0.4859375 0.0453125 0.078125
0 0.7921875 0.58203125 0.0546875 0.08125
0 0.1609375 0.40234375 0.0453125 0.078125
0 0.109375 0.553125 0.04375 0.075
0 0.61015625 0.49765625 0.0484375 0.08125
0 0.1484375 0.6265625 0.04375 0.0765625
0 0.22734375 0.78125 0.0453125 0.0734375
0 0.13671875 0.77578125 0.05 0.075
0 0.1828125 0.778125 0.04375 0.0734375
0 0.659375 0.4984375 0.05 0.08125
0 0.67109375 0.28359375 0.115625 0.0421875
0 0.56015625 0.31875 0.109375 0.040625
0 0.27265625 0.784375 0.046875 0.0765625
0 0.809375 0.42265625 0.053125 0.084375
0 0.5625 0.28046875 0.1109375 0.040625
0 0.1046875 0.62578125 0.04375 0.075
0 0.10703125 0.696875 0.04375 0.071875
0 0.19140625 0.70546875 0.04375 0.0734375
0 0.15078125 0.70390625 0.04375 0.071875
0 0.11640625 0.40078125 0.04375 0.078125
0 0.6765625 0.2109375 0.1171875 0.040625
0 0.77578125 0.81640625 0.053125 0.0796875
0 0.56015625 0.35390625 0.1078125 0.0375
0 0.78984375 0.3234375 0.11875 0.0421875
0 0.78359375 0.3578125 0.115625 0.0421875
0 0.66953125 0.32265625 0.1109375 0.040625
0 0.67578125 0.246875 0.115625 0.040625
0 0.79453125 0.2125 0.121875 0.04375
0 0.79296875 0.2828125 0.121875 0.046875
0 0.66875 0.36015625 0.109375 0.040625
0 0.08828125 0.771875 0.04375 0.075
0 0.45078125 0.31796875 0.1125 0.040625
0 0.79453125 0.2484375 0.125 0.0421875
0 0.33984375 0.35 0.109375 0.040625
0 0.56484375 0.24375 0.1140625 0.040625
0 0.45 0.35078125 0.1109375 0.0390625
0 0.2328125 0.34921875 0.103125 0.0375
0 0.56328125 0.21015625 0.115625 0.040625
0 0.45 0.28515625 0.1109375 0.0375
0 0.23515625 0.20390625 0.10625 0.0375
0 0.1265625 0.34609375 0.10625 0.0375
0 0.13125 0.20546875 0.10625 0.0359375
0 0.1296875 0.2421875 0.109375 0.040625
0 0.23359375 0.31484375 0.10625 0.040625
0 0.340625 0.31640625 0.109375 0.040625
0 0.12890625 0.31328125 0.10625 0.040625
0 0.346875 0.21015625 0.1078125 0.03125
0 0.45 0.2078125 0.1109375 0.0421875
0 0.13046875 0.28046875 0.1078125 0.04375
0 0.4515625 0.24375 0.1125 0.04375
0 0.23359375 0.28125 0.1078125 0.0421875
0 0.3421875 0.28359375 0.1125 0.040625
0 0.23359375 0.240625 0.109375 0.040625
0 0.34296875 0.24375 0.109375 0.040625