0 0.45625 0.44296875 0.03125 0.0875
0 0.6046875 0.259375 0.034375 0.1015625
0 0.51640625 0.44453125 0.03125 0.0875
0 0.4296875 0.4421875 0.03125 0.0875
0 0.4421875 0.25859375 0.034375 0.1
0 0.34140625 0.25859375 0.034375 0.0984375
0 0.4890625 0.44296875 0.03125 0.0875
0 0.51015625 0.25625 0.034375 0.1
0 0.39921875 0.44296875 0.0328125 0.0875
0 0.3046875 0.259375 0.034375 0.1
0 0.540625 0.2578125 0.034375 0.1
0 0.62578125 0.6921875 0.0328125 0.075
0 0.48828125 0.35546875 0.03125 0.09375
0 0.57734375 0.35390625 0.0328125 0.09375
0 0.56640625 0.5328125 0.03125 0.084375
0 0.68671875 0.5359375 0.0359375 0.084375
0 0.396875 0.3546875 0.03125 0.09375
0 0.7078125 0.3546875 0.0359375 0.0953125
0 0.59609375 0.61328125 0.03125 0.0796875
0 0.6234375 0.61484375 0.03125 0.078125
0 0.47265625 0.2578125 0.0328125 0.1015625
0 0.371875 0.44140625 0.0328125 0.0875
0 0.309375 0.44140625 0.03125 0.0859375
0 0.36796875 0.35078125 0.03125 0.0921875
0 0.37578125 0.2578125 0.0359375 0.1
0 0.54921875 0.35703125 0.03125 0.09375
0 0.59921875 0.6921875 0.0328125 0.0765625
0 0.3421875 0.60546875 0.03125 0.078125
0 0.57109375 0.2609375 0.034375 0.1015625
0 0.65703125 0.6953125 0.03125 0.0765625
0 0.73828125 0.3578125 0.0359375 0.0953125
0 0.53984375 0.53203125 0.0296875 0.084375
0 0.37265625 0.68046875 0.03125 0.0734375
0 0.68125 0.61640625 0.034375 0.0796875
0 0.45546875 0.35234375 0.03125 0.09375
0 0.70078125 0.4484375 0.0359375 0.090625
0 0.31328125 0.603125 0.03125 0.078125
0 0.71328125 0.61796875 0.034375 0.08125
0 0.5390625 0.68671875 0.03125 0.075
0 0.6578125 0.76640625 0.03125 0.071875
0 0.628125 0.76484375 0.0296875 0.0734375
0 0.309375 0.5265625 0.03125 0.08125
0 0.50859375 0.6890625 0.03125 0.075
0 0.7015625 0.25390625 0.0375 0.103125
0 0.684375 0.76796875 0.03125 0.0734375
0 0.65625 0.53515625 0.0328125 0.084375
0 0.74765625 0.53671875 0.0375 0.084375
0 0.27421875 0.259375 0.034375 0.1
0 0.340625 0.44140625 0.03125 0.0875
0 0.4109375 0.25703125 0.0359375 0.1
0 0.425 0.528125 0.03125 0.0828125
0 0.225 0.43984375 0.0328125 0.084375
0 0.56484375 0.61171875 0.0296875 0.08125
0 0.15546875 0.59921875 0.0375 0.078125
0 0.24609375 0.3515625 0.034375 0.090625
0 0.5484375 0.44453125 0.03125 0.0875
0 0.62578125 0.534375 0.03125 0.084375
0 0.634375 0.2578125 0.0359375 0.103125
0 0.4 0.68125 0.0296875 0.075
0 0.428125 0.353125 0.03125 0.09375
0 0.4515625 0.528125 0.0296875 0.0828125
0 0.51171875 0.53203125 0.03125 0.084375
0 0.5375 0.6078125 0.028125 0.08125
0 0.33671875 0.35078125 0.03125 0.09375
0 0.18828125 0.35 0.034375 0.090625
0 0.5984375 0.5328125 0.03125 0.084375
0 0.425 0.60703125 0.0296875 0.0796875
0 0.64375 0.3546875 0.0328125 0.09375
0 0.6859375 0.6953125 0.03125 0.0765625
0 0.73046875 0.4484375 0.0375 0.090625
0 0.1609375 0.67109375 0.0375 0.071875
0 0.6109375 0.35703125 0.034375 0.09375
0 0.2125 0.67265625 0.034375 0.075
0 0.66796875 0.2578125 0.0375 0.103125
0 0.83828125 0.3546875 0.040625 0.09375
0 0.60234375 0.765625 0.028125 0.071875
0 0.2265625 0.5234375 0.03125 0.0828125
0 0.71875 0.534375 0.0375 0.084375
0 0.71484375 0.7703125 0.03125 0.075
0 0.23828125 0.6734375 0.034375 0.075
0 0.56875 0.69140625 0.0359375 0.078125
0 0.65390625 0.61171875 0.03125 0.0828125
0 0.775 0.61875 0.0375 0.0796875
0 0.1953125 0.4390625 0.034375 0.084375
0 0.5109375 0.60625 0.03125 0.08125
0 0.36875 0.5265625 0.03125 0.08125
0 0.6734375 0.3578125 0.034375 0.0953125
0 0.51640625 0.35234375 0.0328125 0.09375
0 0.42734375 0.6828125 0.0296875 0.0734375
0 0.36328125 0.74921875 0.034375 0.0703125
0 0.2 0.52265625 0.034375 0.0828125
0 0.2515625 0.440625 0.03125 0.084375
0 0.30625 0.3515625 0.03125 0.090625
0 0.39453125 0.52578125 0.03125 0.0828125
0 0.7640625 0.4484375 0.0375 0.090625
0 0.453125 0.684375 0.03125 0.075
0 0.2875 0.60234375 0.03125 0.078125
0 0.79296875 0.44765625 0.0390625 0.090625
0 0.28125 0.44140625 0.03125 0.0859375
0 0.57421875 0.7640625 0.03125 0.075
0 0.45078125 0.6078125 0.028125 0.08125
0 0.44296875 0.75234375 0.03125 0.071875
0 0.41796875 0.75234375 0.03125 0.071875
0 0.2578125 0.52421875 0.034375 0.08125
0 0.1265625 0.59765625 0.0359375 0.078125
0 0.7421875 0.6171875 0.034375 0.0796875
0 0.31953125 0.67890625 0.03125 0.0734375
0 0.4765625 0.60546875 0.0296875 0.08125
0 0.3390625 0.52734375 0.0296875 0.08125
0 0.1 0.59765625 0.034375 0.078125
0 0.284375 0.525 0.03125 0.08125
0 0.47734375 0.53125 0.0296875 0.084375
0 0.34375 0.68046875 0.028125 0.075
0 0.73046875 0.25703125 0.0390625 0.10625
0 0.10625 0.6703125 0.0375 0.0734375
0 0.74140625 0.77109375 0.03125 0.075
0 0.2671875 0.67421875 0.0328125 0.071875
0 0.13125 0.66953125 0.0375 0.0734375
0 0.83046875 0.77421875 0.0390625 0.078125
0 0.23984375 0.25859375 0.034375 0.1
0 0.47734375 0.68515625 0.0296875 0.075
0 0.3953125 0.60625 0.028125 0.078125
0 0.86171875 0.25859375 0.05 0.10625
0 0.39140625 0.74921875 0.0328125 0.06875
0 0.55 0.7625 0.03125 0.075
0 0.85625 0.4515625 0.046875 0.090625
0 0.28125 0.35234375 0.0328125 0.090625
0 0.21953125 0.35078125 0.034375 0.090625
0 0.78125 0.534375 0.0390625 0.084375
0 0.16875 0.43828125 0.034375 0.084375
0 0.33828125 0.74765625 0.03125 0.071875
0 0.26328125 0.74296875 0.034375 0.071875
0 0.29140625 0.67578125 0.03125 0.071875
0 0.3671875 0.6015625 0.028125 0.0796875
0 0.184375 0.671875 0.0359375 0.075
0 0.109375 0.7390625 0.040625 0.0734375
0 0.4671875 0.7546875 0.028125 0.071875
0 0.76484375 0.25546875 0.040625 0.1046875
0 0.77109375 0.7734375 0.034375 0.0765625
0 0.1171875 0.51796875 0.0359375 0.08125
0 0.2625 0.6015625 0.03125 0.078125
0 0.2875 0.74375 0.034375 0.071875
0 0.15234375 0.25625 0.0359375 0.1
0 0.77265625 0.35390625 0.0359375 0.0953125
0 0.1625 0.35 0.034375 0.0921875
0 0.52109375 0.7609375 0.03125 0.075
0 0.6671875 0.446875 0.034375 0.0875
0 0.81484375 0.5390625 0.040625 0.084375
0 0.14609375 0.51953125 0.0375 0.08125
0 0.63828125 0.44609375 0.03125 0.0859375
0 0.49609375 0.75859375 0.03125 0.0734375
0 0.86875 0.62421875 0.0453125 0.08125
0 0.90078125 0.621875 0.04375 0.084375
0 0.82578125 0.4484375 0.040625 0.090625
0 0.08515625 0.4359375 0.040625 0.0875
0 0.23515625 0.74296875 0.0359375 0.071875
0 0.80234375 0.35546875 0.0359375 0.09375
0 0.79765625 0.25546875 0.0421875 0.10625
0 0.31484375 0.74609375 0.034375 0.071875
0 0.2125 0.74296875 0.034375 0.071875
0 0.17109375 0.52265625 0.034375 0.0828125
0 0.8359375 0.25546875 0.0375 0.10625
0 0.12890625 0.35078125 0.0375 0.09375
0 0.57578125 0.44453125 0.03125 0.0875
0 0.09140625 0.51640625 0.0359375 0.08125
0 0.1359375 0.7390625 0.034375 0.0734375
0 0.184375 0.25625 0.0359375 0.096875
0 0.23125 0.59921875 0.03125 0.078125
0 0.85625 0.69921875 0.040625 0.0765625
0 0.1203125 0.2546875 0.0375 0.096875
0 0.84140625 0.5390625 0.046875 0.084375
0 0.20625 0.59765625 0.03125 0.078125
0 0.80390625 0.6171875 0.0375 0.084375
0 0.83203125 0.6234375 0.05 0.084375
0 0.1828125 0.596875 0.03125 0.078125
0 0.82890625 0.7015625 0.040625 0.075
0 0.1125 0.4359375 0.0375 0.0875
0 0.8875 0.4515625 0.05625 0.090625
0 0.2125 0.25625 0.03125 0.0984375
0 0.14140625 0.43671875 0.034375 0.0875
0 0.8734375 0.5390625 0.05625 0.084375
0 0.87265625 0.35703125 0.05625 0.096875
0 0.06484375 0.25546875 0.040625 0.0953125
0 0.09296875 0.25625 0.0375 0.09375
0 0.07578125 0.34921875 0.04375 0.090625
0 0.10234375 0.34765625 0.040625 0.09375
0 0.1609375 0.74140625 0.034375 0.06875
0 0.18671875 0.74296875 0.034375 0.071875
0 0.60625 0.4453125 0.03125 0.090625
0 0.89453125 0.25625 0.0515625 0.1
0 0.928125 0.25859375 0.053125 0.1
0 0.96171875 0.259375 0.053125 0.1015625
0 0.90546875 0.35703125 0.05625 0.0953125
0 0.93671875 0.359375 0.0609375 0.0953125
0 0.91953125 0.4515625 0.053125 0.090625
0 0.90703125 0.5390625 0.05625 0.084375
0 0.71484375 0.69453125 0.034375 0.078125
0 0.7421875 0.69453125 0.034375 0.0765625
0 0.76953125 0.696875 0.0359375 0.075
0 0.7984375 0.69609375 0.0359375 0.078125
0 0.8859375 0.70078125 0.040625 0.078125
0 0.7984375 0.77265625 0.034375 0.075
0 0.8578125 0.77578125 0.0375 0.071875