0 0.290625 0.46796875 0.03828125 0.08984375
0 0.18125 0.65 0.04375 0.0828125
0 0.1984375 0.56171875 0.04140625 0.0859375
0 0.39140625 0.553125 0.034375 0.084375
0 0.32421875 0.4703125 0.0359375 0.0890625
0 0.46328125 0.27734375 0.03515625 0.09765625
0 0.3546875 0.465625 0.03515625 0.0890625
0 0.5359375 0.37265625 0.03125 0.090625
0 0.359375 0.553125 0.034375 0.08515625
0 0.43359375 0.278125 0.03671875 0.0984375
0 0.31171875 0.3765625 0.03984375 0.09609375
0 0.21484375 0.646875 0.0390625 0.08359375
0 0.296875 0.55625 0.0375 0.084375
0 0.5703125 0.6234375 0.02890625 0.08046875
0 0.33046875 0.55546875 0.0359375 0.084375
0 0.365625 0.278125 0.0375 0.09765625
0 0.1671875 0.5625 0.04453125 0.08671875
0 0.49609375 0.27734375 0.03515625 0.096875
0 0.2578125 0.46796875 0.040625 0.09140625
0 0.4 0.27734375 0.0359375 0.09921875
0 0.5046875 0.3734375 0.03359375 0.09140625
0 0.5265625 0.2765625 0.034375 0.09609375
0 0.4796875 0.46171875 0.0328125 0.08828125
0 0.50859375 0.46015625 0.0328125 0.08671875
0 0.51484375 0.62734375 0.0296875 0.0796875
0 0.3 0.27734375 0.040625 0.1
0 0.41640625 0.46328125 0.0328125 0.0875
0 0.25390625 0.72578125 0.03984375 0.08046875
0 0.42265625 0.55078125 0.03359375 0.0828125
0 0.5453125 0.6265625 0.0296875 0.078125
0 0.48828125 0.62734375 0.03125 0.08125
0 0.45234375 0.54921875 0.03203125 0.08359375
0 0.53984375 0.45859375 0.03046875 0.08671875
0 0.62265625 0.45625 0.0296875 0.0859375
0 0.3828125 0.465625 0.0328125 0.08984375
0 0.59609375 0.4578125 0.03203125 0.0859375
0 0.509375 0.54609375 0.03046875 0.08359375
0 0.3390625 0.63984375 0.03359375 0.0828125
0 0.6234375 0.5421875 0.03046875 0.08203125
0 0.3703125 0.63515625 0.03359375 0.08203125
0 0.45703125 0.62890625 0.03203125 0.08046875
0 0.4484375 0.4625 0.03203125 0.0875
0 0.334375 0.27734375 0.03984375 0.0984375
0 0.39921875 0.63671875 0.03125 0.08125
0 0.23359375 0.56171875 0.040625 0.0859375
0 0.125 0.2765625 0.05 0.103125
0 0.596875 0.54296875 0.0296875 0.08203125
0 0.6 0.621875 0.028125 0.08203125
0 0.26875 0.559375 0.0390625 0.0859375
0 0.278125 0.64296875 0.0359375 0.08203125
0 0.30546875 0.6390625 0.034375 0.08203125
0 0.2796875 0.378125 0.0375 0.09765625
0 0.47578125 0.37109375 0.0328125 0.09140625
0 0.5578125 0.2796875 0.03359375 0.09453125
0 0.59609375 0.371875 0.0328125 0.090625
0 0.43046875 0.634375 0.03203125 0.08125
0 0.56484375 0.37265625 0.03203125 0.09140625
0 0.16328125 0.27734375 0.04609375 0.10390625
0 0.7328125 0.28125 0.03046875 0.0921875
0 0.5703125 0.77109375 0.028125 0.07265625
0 0.76484375 0.28125 0.0296875 0.0921875
0 0.5875 0.27890625 0.03359375 0.09453125
0 0.2234375 0.4734375 0.03984375 0.090625
0 0.26953125 0.27734375 0.040625 0.10078125
0 0.540625 0.5453125 0.0296875 0.084375
0 0.28515625 0.7203125 0.03671875 0.07890625
0 0.23203125 0.27734375 0.04453125 0.1015625
0 0.65390625 0.540625 0.03046875 0.08046875
0 0.62265625 0.36875 0.03125 0.08984375
0 0.565625 0.45859375 0.03046875 0.0859375
0 0.38046875 0.3765625 0.0359375 0.0953125
0 0.24453125 0.64453125 0.0375 0.0828125
0 0.4609375 0.70859375 0.034375 0.07578125
0 0.14921875 0.65078125 0.0453125 0.08359375
0 0.31328125 0.71953125 0.03515625 0.07734375
0 0.4828125 0.54765625 0.03125 0.08359375
0 0.34765625 0.371875 0.03671875 0.096875
0 0.515625 0.70234375 0.0296875 0.071875
0 0.4328125 0.709375 0.0328125 0.07265625
0 0.5671875 0.5453125 0.03125 0.0828125
0 0.4125 0.37265625 0.034375 0.09375
0 0.4890625 0.70546875 0.03359375 0.07421875
0 0.653125 0.45625 0.03046875 0.08515625
0 0.59921875 0.76796875 0.02734375 0.071875
0 0.1890625 0.73046875 0.0390625 0.0796875
0 0.62578125 0.62109375 0.02890625 0.08125
0 0.15546875 0.7359375 0.04375 0.084375
0 0.2234375 0.7265625 0.0421875 0.0796875
0 0.32578125 0.79453125 0.0359375 0.07734375
0 0.1953125 0.278125 0.0421875 0.1015625
0 0.13046875 0.5625 0.04453125 0.09140625
0 0.67890625 0.5390625 0.0296875 0.07890625
0 0.2125 0.37890625 0.04140625 0.0984375
0 0.08984375 0.275 0.0515625 0.10625
0 0.67890625 0.371875 0.03125 0.08984375
0 0.171875 0.8109375 0.0484375 0.0828125
0 0.734375 0.53671875 0.03203125 0.07734375
0 0.62421875 0.76484375 0.028125 0.07421875
0 0.653125 0.371875 0.03125 0.08984375
0 0.40390625 0.7109375 0.0375 0.07578125
0 0.34453125 0.71953125 0.0375 0.0796875
0 0.4421875 0.371875 0.03515625 0.09375
0 0.73203125 0.45390625 0.0328125 0.08359375
0 0.65234375 0.76328125 0.028125 0.075
0 0.7078125 0.615625 0.02890625 0.08125
0 0.65 0.28046875 0.034375 0.090625
0 0.37578125 0.71328125 0.03515625 0.07734375
0 0.203125 0.8109375 0.04453125 0.08125
0 0.6546875 0.615625 0.0296875 0.078125
0 0.18828125 0.47421875 0.040625 0.0921875
0 0.29453125 0.79765625 0.0359375 0.07890625
0 0.790625 0.28125 0.03046875 0.09140625
0 0.546875 0.771875 0.02890625 0.0734375
0 0.8203125 0.28203125 0.03046875 0.090625
0 0.62421875 0.69609375 0.0296875 0.06796875
0 0.246875 0.37890625 0.0390625 0.0984375
0 0.6 0.69921875 0.03046875 0.0703125
0 0.67890625 0.45703125 0.03203125 0.08515625
0 0.1578125 0.471875 0.046875 0.0953125
0 0.61484375 0.28359375 0.03359375 0.09375
0 0.17421875 0.35625 0.04140625 0.05234375
0 0.70390625 0.53828125 0.0296875 0.0796875
0 0.7078125 0.28046875 0.03046875 0.0921875
0 0.70859375 0.37109375 0.03125 0.08828125
0 0.10625 0.378125 0.0515625 0.0953125
0 0.759375 0.61328125 0.03125 0.08125
0 0.571875 0.7 0.03125 0.071875
0 0.73125 0.61484375 0.0296875 0.084375
0 0.84453125 0.28125 0.03046875 0.08984375
0 0.67890625 0.6125 0.02890625 0.08125
0 0.67578125 0.759375 0.0296875 0.075
0 0.54609375 0.7015625 0.03046875 0.0734375
0 0.76484375 0.5328125 0.03203125 0.08046875
0 0.265625 0.80390625 0.03671875 0.0796875
0 0.73828125 0.365625 0.03046875 0.0890625
0 0.67734375 0.284375 0.03203125 0.09140625
0 0.1765625 0.37890625 0.0421875 0.0984375
0 0.140625 0.378125 0.04375 0.09921875
0 0.703125 0.4546875 0.03046875 0.08515625
0 0.2328125 0.80546875 0.0359375 0.08203125
0 0.11796875 0.471875 0.05234375 0.09375
0 0.7640625 0.37265625 0.0296875 0.0875
0 0.521875 0.7734375 0.02890625 0.0734375
0 0.8125 0.36796875 0.03671875 0.08359375
0 0.65234375 0.690625 0.03125 0.0734375
0 0.7640625 0.45234375 0.0328125 0.084375
0 0.87265625 0.28203125 0.03203125 0.0890625
0 0.703125 0.7578125 0.0296875 0.075
0 0.3515625 0.79140625 0.0375 0.07109375
0 0.38125 0.78828125 0.0375 0.078125
0 0.409375 0.784375 0.03515625 0.075
0 0.4375 0.78125 0.03203125 0.078125
0 0.465625 0.778125 0.03203125 0.07265625
0 0.4921875 0.775 0.028125 0.07265625
0 0.8953125 0.28125 0.03046875 0.08828125
0 0.921875 0.28203125 0.03359375 0.0890625
0 0.94765625 0.28046875 0.0421875 0.0890625
0 0.78828125 0.36796875 0.03359375 0.08671875
0 0.83984375 0.36796875 0.034375 0.0859375
0 0.86484375 0.3671875 0.0359375 0.08515625
0 0.89140625 0.3671875 0.03203125 0.084375
0 0.9171875 0.3671875 0.0328125 0.08515625
0 0.94375 0.365625 0.034375 0.08671875
0 0.7890625 0.4515625 0.03515625 0.08515625
0 0.81796875 0.45078125 0.0296875 0.0796875
0 0.8421875 0.44921875 0.0296875 0.08359375
0 0.86640625 0.44765625 0.0328125 0.08203125
0 0.8875 0.4484375 0.03046875 0.078125
0 0.9125 0.44765625 0.03125 0.08046875
0 0.93984375 0.446875 0.03203125 0.0796875
0 0.78984375 0.53046875 0.02890625 0.07890625
0 0.81328125 0.53046875 0.025 0.0828125
0 0.83671875 0.52734375 0.02734375 0.07890625
0 0.865625 0.52578125 0.028125 0.0796875
0 0.8875 0.52578125 0.03046875 0.0796875
0 0.91171875 0.52421875 0.02734375 0.078125
0 0.93515625 0.52265625 0.0265625 0.075
0 0.78359375 0.6078125 0.0328125 0.0796875
0 0.80859375 0.60546875 0.0328125 0.0765625
0 0.8328125 0.60390625 0.0328125 0.07578125
0 0.85625 0.603125 0.03125 0.07578125
0 0.88125 0.6 0.03515625 0.078125
0 0.9046875 0.5984375 0.03359375 0.07734375
0 0.9296875 0.59921875 0.034375 0.07734375
0 0.67578125 0.68828125 0.03203125 0.07578125
0 0.703125 0.68671875 0.02890625 0.07421875
0 0.728125 0.68359375 0.02734375 0.075
0 0.753125 0.68203125 0.02890625 0.0765625
0 0.77890625 0.68125 0.0234375 0.075
0 0.803125 0.67890625 0.02890625 0.0703125
0 0.82734375 0.67734375 0.03203125 0.07421875
0 0.85078125 0.67578125 0.03203125 0.075
0 0.875 0.6734375 0.02890625 0.0734375
0 0.90078125 0.6734375 0.03203125 0.0734375
0 0.92578125 0.67109375 0.03984375 0.07265625
0 0.92265625 0.7421875 0.0328125 0.06796875
0 0.896875 0.73984375 0.0328125 0.065625
0 0.87421875 0.7421875 0.03203125 0.06875
0 0.85 0.74375 0.028125 0.0703125
0 0.8234375 0.74765625 0.025 0.0703125
0 0.80234375 0.7484375 0.02578125 0.07578125
0 0.77578125 0.7515625 0.03046875 0.0734375
0 0.75078125 0.75390625 0.028125 0.075
0 0.728125 0.75546875 0.02734375 0.07421875