0 0.57734375 0.5578125 0.075 0.046875
0 0.4265625 0.5984375 0.0796875 0.0484375
0 0.49765625 0.4234375 0.0765625 0.04375
0 0.5046875 0.60625 0.078125 0.046875
0 0.42421875 0.46328125 0.0765625 0.0453125
0 0.58828125 0.746875 0.0796875 0.0546875
0 0.64921875 0.5015625 0.075 0.046875
0 0.590625 0.79765625 0.08125 0.0578125
0 0.490625 0.14609375 0.06875 0.0375
0 0.56953125 0.42421875 0.075 0.04375
0 0.58671875 0.7 0.078125 0.05
0 0.57421875 0.4640625 0.075 0.0453125
0 0.51015625 0.80546875 0.0796875 0.059375
0 0.4265625 0.55234375 0.078125 0.046875
0 0.74375 0.778125 0.0796875 0.059375
0 0.80390625 0.57421875 0.075 0.046875
0 0.42421875 0.42265625 0.078125 0.0421875
0 0.72421875 0.53671875 0.0765625 0.04375
0 0.79296875 0.48828125 0.0734375 0.04375
0 0.728125 0.58125 0.075 0.046875
0 0.5671875 0.38046875 0.0734375 0.040625
0 0.4921875 0.221875 0.071875 0.040625
0 0.73671875 0.67265625 0.078125 0.0515625
0 0.66171875 0.690625 0.078125 0.053125
0 0.8015625 0.53125 0.0734375 0.046875
0 0.49375 0.2609375 0.071875 0.0375
0 0.5796875 0.60546875 0.075 0.046875
0 0.6671875 0.7953125 0.0796875 0.05625
0 0.6453125 0.41796875 0.071875 0.04375
0 0.63046875 0.25859375 0.0703125 0.040625
0 0.496875 0.38046875 0.075 0.040625
0 0.7328125 0.625 0.0765625 0.046875
0 0.628125 0.21875 0.0703125 0.0390625
0 0.4265625 0.50703125 0.078125 0.04375
0 0.64765625 0.45625 0.0734375 0.04375
0 0.50625 0.6546875 0.0796875 0.05
0 0.66484375 0.73828125 0.078125 0.05625
0 0.49921875 0.465625 0.078125 0.04375
0 0.65546875 0.5890625 0.075 0.046875
0 0.50859375 0.75546875 0.0796875 0.053125
0 0.565625 0.34140625 0.071875 0.040625
0 0.7171875 0.45078125 0.071875 0.04375
0 0.42109375 0.18046875 0.071875 0.040625
0 0.5046875 0.7 0.08125 0.05
0 0.42890625 0.646875 0.078125 0.05
0 0.653125 0.54609375 0.075 0.0453125
0 0.57734375 0.51171875 0.075 0.046875
0 0.72265625 0.49296875 0.0734375 0.04375
0 0.74375 0.72734375 0.0796875 0.0546875
0 0.4953125 0.3390625 0.071875 0.0421875
0 0.334375 0.353125 0.0375 0.096875
0 0.42890625 0.6953125 0.08125 0.05
0 0.71015625 0.3703125 0.071875 0.040625
0 0.56171875 0.26171875 0.071875 0.040625
0 0.82421875 0.76484375 0.08125 0.0609375
0 0.490625 0.18125 0.071875 0.0390625
0 0.63828125 0.37578125 0.071875 0.0421875
0 0.659375 0.63984375 0.078125 0.05
0 0.49453125 0.296875 0.071875 0.040625
0 0.5625 0.3 0.0703125 0.040625
0 0.58203125 0.65234375 0.078125 0.05
0 0.7875 0.44453125 0.075 0.040625
0 0.5609375 0.2203125 0.06875 0.0390625
0 0.33359375 0.67109375 0.040625 0.115625
0 0.42265625 0.29765625 0.075 0.040625
0 0.2328125 0.2609375 0.0390625 0.09375
0 0.42109375 0.22109375 0.071875 0.0390625
0 0.33359375 0.55625 0.0375 0.109375
0 0.63125 0.2953125 0.0703125 0.0390625
0 0.81328125 0.66640625 0.075 0.0484375
0 0.55703125 0.1453125 0.0671875 0.0375
0 0.42265625 0.3390625 0.075 0.0421875
0 0.5578125 0.1796875 0.0671875 0.0390625
0 0.43046875 0.79296875 0.08125 0.05625
0 0.81015625 0.61953125 0.071875 0.046875
0 0.7140625 0.41171875 0.071875 0.040625
0 0.70078125 0.290625 0.06875 0.040625
0 0.77734375 0.36640625 0.0703125 0.0421875
0 0.42890625 0.74375 0.08125 0.05
0 0.4203125 0.1453125 0.071875 0.0390625
0 0.77421875 0.325 0.071875 0.040625
0 0.36640625 0.35078125 0.034375 0.096875
0 0.296875 0.5609375 0.0390625 0.109375
0 0.815625 0.7140625 0.0765625 0.0515625
0 0.50078125 0.5578125 0.078125 0.046875
0 0.634375 0.33515625 0.071875 0.0375
0 0.36796875 0.66796875 0.0375 0.1125
0 0.42265625 0.2609375 0.071875 0.040625
0 0.70703125 0.33203125 0.071875 0.040625
0 0.3671875 0.44921875 0.034375 0.1
0 0.78203125 0.4046875 0.0703125 0.040625
0 0.36875 0.55078125 0.0375 0.1109375
0 0.221875 0.67890625 0.0453125 0.115625
0 0.30234375 0.2625 0.034375 0.090625
0 0.33203125 0.7890625 0.040625 0.121875
0 0.76328125 0.21015625 0.0703125 0.0375
0 0.22578125 0.56484375 0.040625 0.109375
0 0.42109375 0.38125 0.075 0.040625
0 0.26953125 0.2625 0.0375 0.0921875
0 0.70078125 0.25390625 0.0671875 0.040625
0 0.3328125 0.45234375 0.0390625 0.103125
0 0.2296875 0.46015625 0.04375 0.1
0 0.3359375 0.25859375 0.0375 0.090625
0 0.36796875 0.7875 0.040625 0.1234375
0 0.2984375 0.35390625 0.0375 0.1
0 0.2625 0.5640625 0.040625 0.109375
0 0.6265625 0.18125 0.0703125 0.0390625
0 0.62421875 0.14765625 0.06875 0.0375
0 0.29609375 0.6734375 0.040625 0.115625
0 0.69765625 0.2140625 0.0671875 0.040625
0 0.36796875 0.2578125 0.0375 0.090625
0 0.50546875 0.51484375 0.078125 0.046875
0 0.3015625 0.16953125 0.0375 0.090625
0 0.23359375 0.359375 0.0375 0.1
0 0.29296875 0.7953125 0.040625 0.1234375
0 0.36640625 0.17265625 0.0375 0.09375
0 0.76875 0.24921875 0.06875 0.04375
0 0.33515625 0.16953125 0.0375 0.090625
0 0.2671875 0.171875 0.040625 0.09375
0 0.69140625 0.17734375 0.071875 0.0359375
0 0.26328125 0.67578125 0.040625 0.115625
0 0.23671875 0.17265625 0.0375 0.090625
0 0.26640625 0.45859375 0.0375 0.1015625
0 0.75859375 0.17578125 0.06875 0.034375
0 0.26484375 0.35625 0.0375 0.1015625
0 0.2203125 0.7953125 0.04375 0.1234375
0 0.23984375 0.8 0.071875 0.125
0 0.77265625 0.29140625 0.071875 0.0359375
0 0.30390625 0.453125 0.0359375 0.103125
0 0.6890625 0.14375 0.071875 0.0375
0 0.753125 0.13984375 0.065625 0.0375