0 0.3640625 0.61796875 0.04140625 0.06640625
0 0.265625 0.48515625 0.0421875 0.06953125
0 0.44609375 0.61796875 0.03984375 0.06484375
0 0.4421875 0.68515625 0.0390625 0.0640625
0 0.54453125 0.74296875 0.03828125 0.0640625
0 0.2390625 0.553125 0.04453125 0.06953125
0 0.40546875 0.61953125 0.0390625 0.065625
0 0.30390625 0.41640625 0.04140625 0.07109375
0 0.278125 0.68984375 0.0421875 0.06875
0 0.3046875 0.4859375 0.040625 0.06796875
0 0.4453125 0.55546875 0.03984375 0.06640625
0 0.48515625 0.55390625 0.0390625 0.065625
0 0.525 0.5546875 0.0390625 0.065625
0 0.3453125 0.41796875 0.0421875 0.06953125
0 0.4296875 0.4890625 0.03984375 0.0671875
0 0.50546875 0.74375 0.0375 0.06328125
0 0.47890625 0.6828125 0.0390625 0.06328125
0 0.46640625 0.7453125 0.03828125 0.06328125
0 0.325 0.61875 0.04296875 0.06875
0 0.43046875 0.4203125 0.03984375 0.06953125
0 0.346875 0.48671875 0.0421875 0.06796875
0 0.22734375 0.75859375 0.04375 0.06875
0 0.38828125 0.4890625 0.040625 0.0671875
0 0.59765625 0.5546875 0.03828125 0.0640625
0 0.2640625 0.41640625 0.04296875 0.0734375
0 0.32578125 0.55234375 0.04140625 0.06796875
0 0.46640625 0.48984375 0.03828125 0.06796875
0 0.4671875 0.4234375 0.03984375 0.06953125
0 0.23359375 0.690625 0.04453125 0.06953125
0 0.3171875 0.6890625 0.040625 0.0671875
0 0.35 0.75234375 0.03984375 0.0671875
0 0.40078125 0.6828125 0.03984375 0.065625
0 0.2828125 0.6203125 0.0421875 0.06953125
0 0.61953125 0.4921875 0.0390625 0.06640625
0 0.3890625 0.42109375 0.04140625 0.07109375
0 0.61640625 0.74140625 0.0375 0.0625
0 0.58046875 0.49140625 0.03984375 0.0671875
0 0.7296875 0.4328125 0.03828125 0.0640625
0 0.36171875 0.6875 0.040625 0.06640625
0 0.40625 0.5546875 0.03984375 0.06796875
0 0.31171875 0.75625 0.0421875 0.06796875
0 0.5078125 0.42421875 0.0390625 0.06796875
0 0.28203125 0.55234375 0.04296875 0.06796875
0 0.5203125 0.61953125 0.0390625 0.065625
0 0.2203125 0.48203125 0.04609375 0.07109375
0 0.390625 0.75078125 0.03828125 0.065625
0 0.36484375 0.5546875 0.04140625 0.06796875
0 0.5890625 0.67890625 0.03671875 0.0640625
0 0.55546875 0.68046875 0.03671875 0.0640625
0 0.48515625 0.61953125 0.03984375 0.06640625
0 0.43125 0.74609375 0.0390625 0.065625
0 0.59296875 0.6171875 0.03828125 0.0625
0 0.2203125 0.4140625 0.04375 0.0734375
0 0.65546875 0.4296875 0.03828125 0.06640625
0 0.27109375 0.7578125 0.04140625 0.06796875
0 0.56015625 0.5546875 0.03828125 0.06484375
0 0.5171875 0.68125 0.03671875 0.0640625
0 0.57890625 0.74140625 0.03671875 0.0640625
0 0.5453125 0.425 0.0390625 0.0671875
0 0.2390625 0.61953125 0.04453125 0.0703125
0 0.6265625 0.67890625 0.0375 0.0640625
0 0.55859375 0.61953125 0.0375 0.06328125
0 0.65625 0.4921875 0.03671875 0.065625
0 0.76015625 0.496875 0.03828125 0.0625
0 0.653125 0.740625 0.03671875 0.06015625
0 0.61796875 0.4265625 0.03828125 0.06640625
0 0.7015625 0.61640625 0.03671875 0.06328125
0 0.69140625 0.43046875 0.0375 0.065625
0 0.63203125 0.5546875 0.0375 0.0640625
0 0.765625 0.434375 0.0375 0.06484375
0 0.66328125 0.6796875 0.03828125 0.0625
0 0.66953125 0.55546875 0.03828125 0.06328125
0 0.8046875 0.55625 0.03671875 0.06171875
0 0.79296875 0.496875 0.03828125 0.0625
0 0.34765625 0.334375 0.09765625 0.03828125
0 0.7984375 0.6765625 0.03828125 0.06015625
0 0.79921875 0.43515625 0.03984375 0.0640625
0 0.24921875 0.35703125 0.10234375 0.04296875
0 0.24765625 0.3296875 0.1046875 0.0390625
0 0.54375 0.490625 0.0390625 0.0671875
0 0.72421875 0.4953125 0.03671875 0.0640625
0 0.68515625 0.73984375 0.03671875 0.06015625
0 0.4453125 0.3109375 0.09609375 0.0375
0 0.6890625 0.49453125 0.03671875 0.06484375
0 0.69921875 0.6796875 0.03515625 0.06171875
0 0.76484375 0.6765625 0.0359375 0.0609375
0 0.584375 0.42578125 0.03828125 0.06796875
0 0.3484375 0.3640625 0.10078125 0.03828125
0 0.63046875 0.61640625 0.0375 0.06328125
0 0.665625 0.61796875 0.03515625 0.0640625
0 0.62265625 0.38046875 0.0875 0.03359375
0 0.35 0.30390625 0.10078125 0.040625
0 0.5375 0.34375 0.09296875 0.034375
0 0.44375 0.33984375 0.0953125 0.0359375
0 0.771875 0.55546875 0.03671875 0.06171875
0 0.5359375 0.3765625 0.09140625 0.034375
0 0.44453125 0.36953125 0.0953125 0.0359375
0 0.8 0.6171875 0.0359375 0.06171875
0 0.509375 0.4875 0.0390625 0.06796875
0 0.80390625 0.3046875 0.0875 0.0390625
0 0.76796875 0.6171875 0.0390625 0.0625
0 0.62578125 0.346875 0.084375 0.0359375
0 0.71328125 0.38046875 0.08515625 0.03515625
0 0.7296875 0.67890625 0.034375 0.0625
0 0.44921875 0.28203125 0.0953125 0.0390625
0 0.7140625 0.353125 0.0859375 0.03515625
0 0.7078125 0.55546875 0.03984375 0.0625
0 0.7890625 0.73671875 0.03828125 0.0625
0 0.24609375 0.2625 0.1078125 0.04453125
0 0.3484375 0.2703125 0.1 0.0390625
0 0.721875 0.32421875 0.0875 0.0390625
0 0.79921875 0.38359375 0.08515625 0.03828125
0 0.7203125 0.7375 0.0375 0.06171875
0 0.54140625 0.31640625 0.0921875 0.03359375
0 0.803125 0.33125 0.0875 0.03828125
0 0.5421875 0.28359375 0.090625 0.03671875
0 0.7234375 0.3015625 0.0890625 0.0390625
0 0.62734375 0.29296875 0.08828125 0.0359375
0 0.8 0.36015625 0.084375 0.03984375
0 0.625 0.32109375 0.08984375 0.03671875
0 0.75234375 0.7359375 0.03671875 0.06171875
0 0.7359375 0.6140625 0.03359375 0.06328125
0 0.246875 0.3015625 0.1078125 0.03984375
0 0.7390625 0.5546875 0.0390625 0.06171875