0 0.30078125 0.490625 0.0875 0.05
0 0.45703125 0.72265625 0.0953125 0.0625
0 0.4671875 0.5546875 0.0921875 0.05625
0 0.565625 0.36015625 0.0875 0.0484375
0 0.378125 0.60234375 0.090625 0.05625
0 0.4640625 0.66484375 0.0921875 0.05625
0 0.4765625 0.43671875 0.0875 0.053125
0 0.46875 0.49453125 0.0890625 0.05625
0 0.36328125 0.77109375 0.0953125 0.0640625
0 0.4640625 0.61015625 0.0921875 0.05625
0 0.56015625 0.5078125 0.0921875 0.053125
0 0.38125 0.54921875 0.090625 0.053125
0 0.36796875 0.71328125 0.09375 0.059375
0 0.65625 0.3390625 0.090625 0.046875
0 0.2953125 0.54140625 0.0875 0.05
0 0.3609375 0.82890625 0.096875 0.071875
0 0.6546875 0.54453125 0.096875 0.0546875
0 0.2875 0.59296875 0.0890625 0.053125
0 0.39453125 0.39921875 0.0859375 0.046875
0 0.40625 0.26796875 0.0796875 0.04375
0 0.3921875 0.446875 0.0859375 0.0484375
0 0.3984375 0.35234375 0.084375 0.0453125
0 0.56328125 0.40625 0.0875 0.05
0 0.5671875 0.26796875 0.084375 0.04375
0 0.3109375 0.3921875 0.08125 0.046875
0 0.55703125 0.61171875 0.096875 0.059375
0 0.49140625 0.2 0.0796875 0.04375
0 0.30625 0.44140625 0.084375 0.046875
0 0.65390625 0.5984375 0.1 0.0578125
0 0.56171875 0.45625 0.090625 0.05
0 0.375 0.65625 0.0921875 0.05625
0 0.55859375 0.5609375 0.0953125 0.05625
0 0.33125 0.26484375 0.078125 0.040625
0 0.27421875 0.759375 0.09375 0.0625
0 0.4125 0.18203125 0.078125 0.04375
0 0.1984375 0.634375 0.0875 0.05625
0 0.22578125 0.43671875 0.08125 0.046875
0 0.55078125 0.859375 0.1046875 0.0734375
0 0.3203125 0.3484375 0.0796875 0.0453125
0 0.27734375 0.70078125 0.090625 0.059375
0 0.45390625 0.78359375 0.096875 0.065625
0 0.55234375 0.7921875 0.103125 0.06875
0 0.234375 0.38984375 0.08125 0.0453125
0 0.3265625 0.3046875 0.08125 0.04375
0 0.3375 0.18125 0.0765625 0.04375
0 0.55234375 0.728125 0.1 0.065625
0 0.56640625 0.31015625 0.0875 0.0484375
0 0.5703125 0.17890625 0.08125 0.04375
0 0.38671875 0.49375 0.0875 0.05
0 0.56953125 0.22265625 0.08125 0.0453125
0 0.571875 0.1359375 0.08125 0.0453125
0 0.65546875 0.38828125 0.090625 0.05
0 0.45 0.84609375 0.1 0.06875
0 0.24765625 0.30234375 0.08125 0.04375
0 0.65625 0.490625 0.09375 0.053125
0 0.65625 0.20234375 0.0859375 0.0453125
0 0.21484375 0.534375 0.084375 0.053125
0 0.48125 0.38125 0.084375 0.05
0 0.49375 0.1609375 0.078125 0.04375
0 0.4109375 0.22421875 0.078125 0.04375
0 0.2859375 0.64609375 0.090625 0.05625
0 0.26484375 0.81875 0.09375 0.0703125
0 0.48359375 0.33359375 0.0828125 0.046875
0 0.6546875 0.43828125 0.09375 0.053125
0 0.25546875 0.26328125 0.078125 0.04375
0 0.72109375 0.30546875 0.04375 0.1125
0 0.19296875 0.6890625 0.090625 0.059375
0 0.22109375 0.48359375 0.0828125 0.05
0 0.65546875 0.73984375 0.10625 0.06875
0 0.175 0.80625 0.0890625 0.06875
0 0.49609375 0.1203125 0.078125 0.040625
0 0.4859375 0.28671875 0.08125 0.046875
0 0.20625 0.58125 0.0875 0.053125
0 0.265625 0.17734375 0.075 0.0453125
0 0.3421875 0.13828125 0.075 0.0421875
0 0.65546875 0.29296875 0.0875 0.046875
0 0.65390625 0.6609375 0.1015625 0.0625
0 0.48828125 0.24375 0.08125 0.0421875
0 0.2390625 0.34609375 0.08125 0.04375
0 0.8328125 0.8578125 0.05625 0.1671875
0 0.65625 0.246875 0.0875 0.046875
0 0.4046875 0.3109375 0.08125 0.04375
0 0.65546875 0.8 0.1078125 0.0703125
0 0.5546875 0.67265625 0.0984375 0.059375
0 0.65703125 0.86875 0.1125 0.08125
0 0.41875 0.13828125 0.078125 0.040625
0 0.26171875 0.22109375 0.075 0.04375
0 0.1796875 0.746875 0.090625 0.0609375
0 0.49296875 0.084375 0.078125 0.040625
0 0.421875 0.103125 0.078125 0.04375
0 0.334375 0.221875 0.078125 0.040625
0 0.7359375 0.846875 0.05625 0.15625
0 0.65703125 0.16171875 0.0859375 0.0453125
0 0.740625 0.5578125 0.028125 0.128125
0 0.2703125 0.13515625 0.078125 0.0453125
0 0.34453125 0.1015625 0.078125 0.0421875
0 0.7828125 0.85234375 0.0578125 0.1625
0 0.73203125 0.69453125 0.046875 0.1375
0 0.5734375 0.0984375 0.08125 0.046875
0 0.27265625 0.09921875 0.078125 0.04375
0 0.7921875 0.10390625 0.046875 0.1015625
0 0.8015625 0.31328125 0.0421875 0.121875
0 0.7125 0.10546875 0.04375 0.096875
0 0.7140625 0.2015625 0.0421875 0.1046875
0 0.65625 0.08671875 0.084375 0.053125
0 0.81328125 0.7 0.0328125 0.1390625
0 0.79765625 0.203125 0.046875 0.115625
0 0.7546875 0.10390625 0.04375 0.1015625
0 0.7625 0.5625 0.034375 0.128125
0 0.81484375 0.56640625 0.0375 0.13125
0 0.78984375 0.565625 0.0359375 0.1265625
0 0.7125 0.421875 0.025 0.11875
0 0.73671875 0.42421875 0.021875 0.1203125
0 0.7578125 0.2 0.04375 0.103125
0 0.76328125 0.30859375 0.0484375 0.1125
0 0.809375 0.42890625 0.0296875 0.121875
0 0.784375 0.4265625 0.025 0.115625
0 0.7625 0.42578125 0.028125 0.1125
0 0.71640625 0.55390625 0.028125 0.11875
0 0.78671875 0.696875 0.034375 0.1390625
0 0.76484375 0.696875 0.028125 0.134375
0 0.6578125 0.1203125 0.0859375 0.040625