0 0.2171875 0.65703125 0.04765625 0.0765625
0 0.54609375 0.71953125 0.0421875 0.07109375
0 0.46328125 0.578125 0.04375 0.07265625
0 0.35078125 0.43125 0.04765625 0.07734375
0 0.22109375 0.73046875 0.05 0.075
0 0.41875 0.79453125 0.04453125 0.07109375
0 0.31015625 0.728125 0.04609375 0.07265625
0 0.425 0.50703125 0.04453125 0.07421875
0 0.48671875 0.434375 0.0453125 0.075
0 0.50859375 0.578125 0.04453125 0.07265625
0 0.33359375 0.50625 0.046875 0.075
0 0.52734375 0.4328125 0.0421875 0.075
0 0.5859375 0.71796875 0.040625 0.07109375
0 0.440625 0.65234375 0.04296875 0.07421875
0 0.39609375 0.6546875 0.04375 0.07265625
0 0.396875 0.43203125 0.0453125 0.07734375
0 0.628125 0.715625 0.040625 0.07109375
0 0.28671875 0.50625 0.046875 0.07578125
0 0.26328125 0.65625 0.04609375 0.075
0 0.37578125 0.5109375 0.04453125 0.075
0 0.4625 0.7921875 0.04375 0.07109375
0 0.3515625 0.6546875 0.04453125 0.075
0 0.23984375 0.50625 0.04921875 0.07578125
0 0.50234375 0.71953125 0.04375 0.071875
0 0.378125 0.57890625 0.04453125 0.07421875
0 0.41953125 0.578125 0.04375 0.0734375
0 0.44296875 0.4328125 0.04375 0.07578125
0 0.33125 0.57890625 0.04609375 0.075
0 0.753125 0.50625 0.03984375 0.06953125
0 0.2859375 0.5796875 0.04609375 0.075
0 0.59140625 0.50625 0.04140625 0.07265625
0 0.4109375 0.725 0.04921875 0.07265625
0 0.45625 0.72265625 0.04453125 0.0734375
0 0.63125 0.57578125 0.04140625 0.07109375
0 0.67421875 0.50703125 0.04140625 0.071875
0 0.62890625 0.78359375 0.040625 0.07109375
0 0.653125 0.43203125 0.04609375 0.07421875
0 0.48203125 0.6515625 0.04296875 0.07265625
0 0.30625 0.65625 0.04609375 0.07421875
0 0.37734375 0.79609375 0.0453125 0.07265625
0 0.6328125 0.50703125 0.04140625 0.07265625
0 0.734375 0.43671875 0.04375 0.0734375
0 0.2140625 0.43125 0.05 0.07890625
0 0.26875 0.72890625 0.0484375 0.07421875
0 0.30390625 0.43203125 0.04453125 0.07734375
0 0.553125 0.5765625 0.0453125 0.07265625
0 0.55234375 0.50625 0.040625 0.0734375
0 0.5484375 0.7890625 0.04296875 0.06953125
0 0.50546875 0.7890625 0.0421875 0.07109375
0 0.52421875 0.65078125 0.0421875 0.071875
0 0.58671875 0.78671875 0.040625 0.0703125
0 0.715625 0.50625 0.0390625 0.0703125
0 0.7765625 0.4375 0.04140625 0.07421875
0 0.81640625 0.43828125 0.04140625 0.071875
0 0.26171875 0.43046875 0.046875 0.078125
0 0.56640625 0.34453125 0.10078125 0.03671875
0 0.240625 0.5796875 0.04765625 0.07578125
0 0.875 0.50703125 0.04140625 0.06875
0 0.228125 0.80703125 0.0515625 0.075
0 0.67265625 0.57890625 0.0421875 0.06875
0 0.56953125 0.434375 0.04296875 0.0734375
0 0.35703125 0.7265625 0.046875 0.0734375
0 0.85546875 0.43828125 0.04375 0.071875
0 0.71328125 0.57578125 0.040625 0.06953125
0 0.66953125 0.78203125 0.03984375 0.06953125
0 0.28671875 0.8 0.04921875 0.07421875
0 0.83359375 0.50703125 0.04375 0.06796875
0 0.3328125 0.7984375 0.0453125 0.0734375
0 0.8484375 0.5734375 0.0796875 0.0703125
0 0.72734375 0.64609375 0.03984375 0.06953125
0 0.46875 0.50625 0.04375 0.075
0 0.6125 0.43515625 0.0421875 0.0734375
0 0.709375 0.71328125 0.0421875 0.06875
0 0.56796875 0.64921875 0.0421875 0.07109375
0 0.24140625 0.37421875 0.1109375 0.03828125
0 0.509375 0.50703125 0.0453125 0.07421875
0 0.46328125 0.34296875 0.10546875 0.0390625
0 0.68671875 0.64375 0.040625 0.06953125
0 0.61015625 0.6453125 0.04140625 0.07109375
0 0.5671875 0.38125 0.09921875 0.0359375
0 0.66484375 0.38359375 0.096875 0.03515625
0 0.82265625 0.77734375 0.0390625 0.0671875
0 0.66953125 0.7140625 0.03984375 0.07109375
0 0.65 0.64765625 0.040625 0.0703125
0 0.79296875 0.51171875 0.03984375 0.06953125
0 0.85 0.6421875 0.05234375 0.06796875
0 0.58984375 0.57578125 0.0390625 0.0703125
0 0.66328125 0.34765625 0.09765625 0.03671875
0 0.4625 0.3796875 0.10390625 0.0375
0 0.7859375 0.71171875 0.03828125 0.0671875
0 0.759375 0.384375 0.09296875 0.0359375
0 0.85859375 0.70859375 0.04375 0.06875
0 0.75078125 0.71171875 0.040625 0.0671875
0 0.8578125 0.77421875 0.040625 0.06640625
0 0.85390625 0.35390625 0.09375 0.03671875
0 0.85390625 0.38359375 0.0953125 0.0359375
0 0.46484375 0.31171875 0.1078125 0.0390625
0 0.70859375 0.78125 0.04140625 0.06796875
0 0.35390625 0.37109375 0.109375 0.03984375
0 0.78359375 0.7796875 0.0390625 0.06796875
0 0.24296875 0.33828125 0.11328125 0.0390625
0 0.353125 0.33984375 0.109375 0.03984375
0 0.8609375 0.2578125 0.096875 0.040625
0 0.56640625 0.3140625 0.10234375 0.0375
0 0.7609375 0.35078125 0.09375 0.0359375
0 0.8046875 0.64140625 0.04296875 0.06796875
0 0.7734375 0.5765625 0.08046875 0.0703125
0 0.23984375 0.2296875 0.115625 0.04453125
0 0.665625 0.31640625 0.10078125 0.0390625
0 0.74921875 0.78125 0.0421875 0.0671875
0 0.46015625 0.2390625 0.10625 0.04140625
0 0.4625 0.2796875 0.10703125 0.0390625
0 0.24375 0.3046875 0.1140625 0.04140625
0 0.859375 0.325 0.096875 0.03828125
0 0.82265625 0.709375 0.0375 0.0671875
0 0.86328125 0.29375 0.096875 0.04140625
0 0.24140625 0.2640625 0.115625 0.04296875
0 0.35234375 0.30625 0.10859375 0.03984375
0 0.76328125 0.3203125 0.0953125 0.0390625
0 0.76796875 0.25078125 0.09765625 0.0390625
0 0.76640625 0.64453125 0.03984375 0.0703125
0 0.56875 0.2828125 0.1 0.03671875
0 0.5671875 0.2453125 0.09921875 0.040625
0 0.35078125 0.23203125 0.11015625 0.04140625
0 0.35 0.26640625 0.1125 0.04140625
0 0.66875 0.24609375 0.103125 0.0390625
0 0.66953125 0.28125 0.1015625 0.0375
0 0.7671875 0.28359375 0.0984375 0.03828125
0 0.69453125 0.4328125 0.04296875 0.075