0 0.146875 0.60703125 0.07890625 0.10546875
0 0.13046875 0.50625 0.08046875 0.109375
0 0.11640625 0.4 0.08828125 0.115625
0 0.26328125 0.496875 0.06640625 0.10078125
0 0.49140625 0.39375 0.05625 0.0984375
0 0.3296875 0.5 0.0609375 0.09921875
0 0.37421875 0.3984375 0.06015625 0.1046875
0 0.74140625 0.478125 0.046875 0.084375
0 0.459375 0.7484375 0.05234375 0.08125
0 0.1875 0.39765625 0.078125 0.1078125
0 0.20390625 0.4984375 0.075 0.1046875
0 0.60078125 0.48515625 0.0515625 0.08828125
0 0.69296875 0.56171875 0.0453125 0.08203125
0 0.44296875 0.49140625 0.05625 0.09609375
0 0.45234375 0.66875 0.0546875 0.08515625
0 0.54921875 0.4875 0.0515625 0.0890625
0 0.31484375 0.3984375 0.065625 0.10625
0 0.38671875 0.4953125 0.06015625 0.096875
0 0.27578125 0.5921875 0.06484375 0.09921875
0 0.60234375 0.5671875 0.04921875 0.08515625
0 0.390625 0.584375 0.05625 0.09375
0 0.4015625 0.67578125 0.05625 0.08828125
0 0.2109375 0.6 0.0703125 0.1015625
0 0.546875 0.390625 0.05390625 0.096875
0 0.5 0.4875 0.053125 0.09296875
0 0.3375 0.58828125 0.059375 0.0953125
0 0.22578125 0.69609375 0.07109375 0.09765625
0 0.59765625 0.39296875 0.05 0.09453125
0 0.1578125 0.70390625 0.07890625 0.10078125
0 0.44921875 0.58359375 0.0546875 0.090625
0 0.64921875 0.565625 0.04765625 0.084375
0 0.2515625 0.39609375 0.07109375 0.1109375
0 0.43515625 0.3984375 0.06015625 0.1015625
0 0.50546875 0.6609375 0.05078125 0.0859375
0 0.3453125 0.67890625 0.0609375 0.090625
0 0.69140625 0.3921875 0.0484375 0.0890625
0 0.6515625 0.48359375 0.05 0.08828125
0 0.5796875 0.325 0.12734375 0.04609375
0 0.13125 0.26015625 0.17734375 0.0625
0 0.60078125 0.65078125 0.04765625 0.08125
0 0.509375 0.73984375 0.05078125 0.08203125
0 0.28984375 0.6859375 0.06484375 0.0953125
0 0.51640625 0.81796875 0.05 0.078125
0 0.68984375 0.64140625 0.0453125 0.07734375
0 0.303125 0.27109375 0.15703125 0.05625
0 0.64765625 0.3953125 0.04921875 0.09375
0 0.69609375 0.47734375 0.046875 0.08828125
0 0.68828125 0.71484375 0.04609375 0.078125
0 0.784375 0.47578125 0.04609375 0.08125
0 0.5578125 0.734375 0.04765625 0.07734375
0 0.828125 0.390625 0.046875 0.084375
0 0.1421875 0.3171875 0.17265625 0.05859375
0 0.64609375 0.64453125 0.046875 0.0765625
0 0.40703125 0.759375 0.05546875 0.08515625
0 0.82734375 0.47578125 0.04453125 0.0796875
0 0.60390625 0.72578125 0.04375 0.0796875
0 0.46953125 0.8265625 0.05234375 0.0796875
0 0.3078125 0.32109375 0.15234375 0.05234375
0 0.7046875 0.3265625 0.11328125 0.04609375
0 0.4484375 0.27265625 0.13984375 0.05
0 0.3515625 0.76875 0.059375 0.08671875
0 0.2875 0.11484375 0.16484375 0.0671875
0 0.78359375 0.39140625 0.046875 0.0859375
0 0.45078125 0.32265625 0.1359375 0.04765625
0 0.57734375 0.134375 0.13359375 0.059375
0 0.56484375 0.81015625 0.0484375 0.07734375
0 0.29453125 0.21484375 0.16171875 0.06015625
0 0.55390625 0.65625 0.0484375 0.08515625
0 0.5796875 0.28359375 0.12578125 0.0484375
0 0.29921875 0.7765625 0.06328125 0.08828125
0 0.86640625 0.38984375 0.04609375 0.08203125
0 0.44296875 0.2265625 0.14375 0.05390625
0 0.7328125 0.71015625 0.04296875 0.0734375
0 0.43984375 0.17578125 0.1453125 0.05390625
0 0.44296875 0.12890625 0.14609375 0.05859375
0 0.1203125 0.2046875 0.18828125 0.07421875
0 0.7046875 0.2828125 0.115625 0.046875
0 0.90703125 0.39140625 0.0453125 0.08125
0 0.7796875 0.55390625 0.04375 0.07734375
0 0.73515625 0.5578125 0.04375 0.08125
0 0.7375 0.39140625 0.04609375 0.0875
0 0.5515625 0.571875 0.05 0.08671875
0 0.73359375 0.6375 0.04375 0.07734375
0 0.28828125 0.16171875 0.1625 0.0625
0 0.809375 0.32890625 0.1015625 0.0453125
0 0.82109375 0.5515625 0.04296875 0.0765625
0 0.8125 0.2859375 0.10625 0.046875
0 0.86484375 0.47265625 0.0453125 0.0765625
0 0.16953125 0.8 0.08046875 0.103125
0 0.62578125 0.7984375 0.04765625 0.0765625
0 0.23515625 0.7890625 0.06953125 0.09453125
0 0.41875 0.8359375 0.05625 0.08046875
0 0.64453125 0.7203125 0.0453125 0.07890625
0 0.3640625 0.853125 0.059375 0.08515625
0 0.90625 0.4734375 0.0453125 0.07890625
0 0.18984375 0.89140625 0.07890625 0.09296875
0 0.70859375 0.23828125 0.11953125 0.0484375
0 0.8578125 0.5515625 0.04453125 0.07265625
0 0.3078125 0.86328125 0.06875 0.08984375
0 0.9046875 0.33046875 0.09453125 0.04375
0 0.10234375 0.08828125 0.19453125 0.078125
0 0.896875 0.54765625 0.04375 0.07265625
0 0.578125 0.2328125 0.13046875 0.0515625
0 0.5765625 0.1890625 0.1328125 0.0546875
0 0.24921875 0.871875 0.0703125 0.09375
0 0.78125 0.70234375 0.0578125 0.07578125
0 0.10546875 0.1421875 0.190625 0.07890625
0 0.67109375 0.78828125 0.0453125 0.07734375
0 0.91015625 0.2953125 0.1 0.0484375
0 0.8171875 0.24609375 0.1078125 0.0515625
0 0.49765625 0.5765625 0.0515625 0.0890625
0 0.7015625 0.14609375 0.11953125 0.05390625
0 0.89296875 0.61328125 0.046875 0.07578125
0 0.8171875 0.1609375 0.115625 0.05546875
0 0.70390625 0.19453125 0.11953125 0.05234375
0 0.75078125 0.775 0.04296875 0.075
0 0.85390625 0.61875 0.04453125 0.07265625
0 0.90390625 0.684375 0.03984375 0.071875
0 0.77421875 0.6265625 0.04296875 0.08203125
0 0.91640625 0.246875 0.10234375 0.05234375
0 0.70859375 0.78359375 0.04453125 0.07734375
0 0.81796875 0.2015625 0.1125 0.0546875
0 0.921875 0.165625 0.1046875 0.0515625
0 0.9234375 0.2078125 0.09921875 0.05234375
0 0.81484375 0.62421875 0.04453125 0.08125
0 0.828125 0.69296875 0.04375 0.07421875
0 0.86640625 0.6875 0.0359375 0.0734375
0 0.78984375 0.7671875 0.040625 0.07734375
0 0.82734375 0.76015625 0.0390625 0.0734375
0 0.86171875 0.7546875 0.0375 0.071875
0 0.89921875 0.7515625 0.03828125 0.0703125