0 0.7328125 0.6109375 0.08125 0.0484375
0 0.7375 0.51171875 0.08125 0.05
0 0.6625 0.3921875 0.0828125 0.05
0 0.571875 0.55234375 0.084375 0.05
0 0.4078125 0.24140625 0.090625 0.059375
0 0.57421875 0.50625 0.084375 0.05
0 0.5765625 0.4515625 0.084375 0.05
0 0.6734375 0.1828125 0.0875 0.0578125
0 0.5703125 0.60546875 0.084375 0.046875
0 0.5625 0.83203125 0.08125 0.05
0 0.65703125 0.54609375 0.084375 0.0515625
0 0.74609375 0.3640625 0.0859375 0.053125
0 0.67578125 0.125 0.0890625 0.0640625
0 0.49609375 0.45078125 0.0875 0.05
0 0.5765625 0.40234375 0.0875 0.05
0 0.49296875 0.3984375 0.0875 0.0515625
0 0.640625 0.83359375 0.078125 0.05
0 0.66484375 0.34296875 0.084375 0.053125
0 0.734375 0.56171875 0.08125 0.05
0 0.66015625 0.44296875 0.0828125 0.05
0 0.58359375 0.1921875 0.090625 0.059375
0 0.56015625 0.88046875 0.0796875 0.046875
0 0.578125 0.35078125 0.0875 0.053125
0 0.66640625 0.2890625 0.0875 0.053125
0 0.58203125 0.25 0.0875 0.05625
0 0.565625 0.74140625 0.08125 0.046875
0 0.49453125 0.496875 0.0875 0.05
0 0.4875 0.64765625 0.084375 0.05
0 0.40234375 0.6 0.0875 0.0484375
0 0.66015625 0.490625 0.084375 0.05
0 0.40703125 0.296875 0.090625 0.053125
0 0.48828125 0.59921875 0.084375 0.046875
0 0.48671875 0.69609375 0.084375 0.0484375
0 0.48125 0.87890625 0.08125 0.0484375
0 0.49765625 0.1859375 0.090625 0.05625
0 0.73828125 0.4625 0.0828125 0.05
0 0.6421875 0.7859375 0.078125 0.046875
0 0.40078125 0.696875 0.084375 0.0484375
0 0.4015625 0.6484375 0.084375 0.0484375
0 0.66953125 0.2359375 0.0875 0.0546875
0 0.4859375 0.73984375 0.0828125 0.046875
0 0.7296875 0.659375 0.08125 0.046875
0 0.65546875 0.5953125 0.0828125 0.0484375
0 0.4078125 0.50390625 0.0890625 0.05
0 0.83125 0.3234375 0.084375 0.053125
0 0.75859375 0.20546875 0.084375 0.0640625
0 0.72421875 0.75234375 0.08125 0.04375
0 0.640625 0.88203125 0.08125 0.0453125
0 0.496875 0.240625 0.090625 0.05625
0 0.840625 0.22109375 0.0875 0.059375
0 0.40859375 0.184375 0.090625 0.05625
0 0.828125 0.37421875 0.084375 0.053125
0 0.40234375 0.45078125 0.0875 0.05
0 0.721875 0.79765625 0.08125 0.0453125
0 0.75078125 0.2609375 0.084375 0.05625
0 0.65234375 0.646875 0.08125 0.046875
0 0.4 0.74375 0.084375 0.0484375
0 0.71953125 0.840625 0.0796875 0.0484375
0 0.5671875 0.69609375 0.08125 0.046875
0 0.5796875 0.29921875 0.0875 0.0515625
0 0.484375 0.83203125 0.08125 0.05
0 0.65 0.69296875 0.08125 0.046875
0 0.80078125 0.7984375 0.078125 0.046875
0 0.74765625 0.31328125 0.084375 0.0546875
0 0.40078125 0.55 0.0875 0.05
0 0.64453125 0.73828125 0.08125 0.046875
0 0.74140625 0.41484375 0.084375 0.05
0 0.48828125 0.55 0.0859375 0.05
0 0.56796875 0.65 0.084375 0.046875
0 0.81484375 0.6140625 0.08125 0.046875
0 0.8125 0.66171875 0.078125 0.0484375
0 0.58671875 0.13515625 0.0921875 0.0625
0 0.82109375 0.52265625 0.084375 0.05
0 0.72734375 0.70546875 0.08125 0.046875
0 0.825 0.425 0.08125 0.053125
0 0.82109375 0.47421875 0.08125 0.05
0 0.80859375 0.70859375 0.078125 0.046875
0 0.4078125 0.40234375 0.0890625 0.05
0 0.76484375 0.14140625 0.090625 0.075
0 0.30390625 0.3828125 0.0421875 0.11875
0 0.2609375 0.38125 0.04375 0.125
0 0.71875 0.8875 0.0796875 0.046875
0 0.8171875 0.5671875 0.08125 0.046875
0 0.5640625 0.78671875 0.08125 0.046875
0 0.40390625 0.3484375 0.0875 0.053125
0 0.8453125 0.16640625 0.084375 0.065625
0 0.34296875 0.378125 0.04375 0.11875
0 0.30234375 0.49765625 0.0421875 0.121875
0 0.48515625 0.7875 0.0828125 0.046875
0 0.8328125 0.2765625 0.084375 0.05625
0 0.49375 0.346875 0.0890625 0.053125
0 0.2171875 0.38046875 0.0484375 0.121875
0 0.340625 0.4984375 0.0421875 0.11875
0 0.34375 0.2546875 0.04375 0.128125
0 0.4140625 0.13046875 0.09375 0.05625
0 0.30546875 0.26015625 0.04375 0.1296875
0 0.26015625 0.50078125 0.04375 0.121875
0 0.796875 0.840625 0.078125 0.046875
0 0.26328125 0.11953125 0.0453125 0.1359375
0 0.17578125 0.25 0.04375 0.1296875
0 0.3046875 0.12265625 0.046875 0.134375
0 0.26484375 0.61953125 0.0421875 0.1171875
0 0.8046875 0.75390625 0.0796875 0.0453125
0 0.30390625 0.62421875 0.040625 0.115625
0 0.17265625 0.11796875 0.046875 0.1375
0 0.2171875 0.50390625 0.04375 0.1234375
0 0.496875 0.11328125 0.0921875 0.0625
0 0.340625 0.62421875 0.040625 0.1140625
0 0.340625 0.74296875 0.0421875 0.1109375
0 0.2625 0.74375 0.0421875 0.115625
0 0.3453125 0.12890625 0.046875 0.1328125
0 0.30234375 0.74296875 0.0421875 0.1125
0 0.39921875 0.8828125 0.08125 0.0484375
0 0.40078125 0.79140625 0.084375 0.0515625
0 0.221875 0.25234375 0.04375 0.1296875
0 0.79375 0.8875 0.078125 0.0484375
0 0.1703125 0.37734375 0.046875 0.13125
0 0.26015625 0.253125 0.04375 0.13125
0 0.21953125 0.1171875 0.05 0.1375
0 0.2234375 0.73671875 0.0453125 0.115625
0 0.2234375 0.6234375 0.04375 0.115625
0 0.175 0.503125 0.046875 0.11875
0 0.1890625 0.7390625 0.04375 0.115625
0 0.33984375 0.8515625 0.04375 0.1125
0 0.49609375 0.29375 0.0890625 0.0546875
0 0.30234375 0.853125 0.0421875 0.1125
0 0.39921875 0.83515625 0.084375 0.0484375
0 0.18671875 0.61796875 0.0390625 0.1125
0 0.190625 0.8484375 0.046875 0.1140625
0 0.22578125 0.85390625 0.04375 0.1125
0 0.2625 0.85234375 0.0421875 0.1125