0 0.53203125 0.34453125 0.21875 0.1609375
0 0.5484375 0.50390625 0.203125 0.1421875
0 0.53046875 0.15625 0.221875 0.203125
0 0.32578125 0.35 0.203125 0.1515625
0 0.765625 0.3390625 0.25 0.1671875
0 0.54921875 0.6546875 0.196875 0.140625
0 0.35078125 0.50703125 0.190625 0.1375
0 0.75703125 0.66640625 0.228125 0.1453125
0 0.7640625 0.5140625 0.2375 0.1546875
0 0.77265625 0.1453125 0.259375 0.1953125
0 0.32265625 0.178125 0.2109375 0.1765625
0 0.35546875 0.6453125 0.175 0.13125
0 0.54921875 0.80078125 0.1953125 0.1375
0 0.75234375 0.8203125 0.2125 0.146875
0 0.36328125 0.77421875 0.165625 0.13125