0 0.2140625 0.67578125 0.2453125 0.16875
0 0.64921875 0.48828125 0.196875 0.14375
0 0.44453125 0.6640625 0.21875 0.1609375
0 0.43671875 0.33046875 0.2140625 0.1515625
0 0.4328125 0.16953125 0.2125 0.153125
0 0.453125 0.83203125 0.2265625 0.1765625
0 0.6515625 0.6484375 0.203125 0.15
0 0.44140625 0.49140625 0.209375 0.146875
0 0.209375 0.86484375 0.25 0.1859375
0 0.20703125 0.32578125 0.24375 0.15625
0 0.64140625 0.33828125 0.1953125 0.14375
0 0.66640625 0.80859375 0.20625 0.1625
0 0.215625 0.5046875 0.2453125 0.146875
0 0.6375 0.19140625 0.190625 0.146875
0 0.21328125 0.1546875 0.2390625 0.165625