0 0.65546875 0.53203125 0.1609375 0.21875
0 0.49609375 0.5484375 0.1421875 0.20234375
0 0.84375 0.53046875 0.20390625 0.221875
0 0.65 0.32578125 0.1515625 0.203125
0 0.6609375 0.765625 0.1671875 0.24921875
0 0.3453125 0.54921875 0.14140625 0.196875
0 0.49296875 0.35078125 0.13828125 0.18984375
0 0.33359375 0.75703125 0.1453125 0.228125
0 0.4859375 0.7640625 0.1546875 0.23828125
0 0.8546875 0.77265625 0.1953125 0.259375
0 0.821875 0.32265625 0.1765625 0.2109375
0 0.3546875 0.35546875 0.13125 0.17578125
0 0.19921875 0.54921875 0.1375 0.1953125
0 0.1796875 0.75234375 0.14609375 0.21171875
0 0.22578125 0.36328125 0.13046875 0.165625