0 0.61171875 0.5546875 0.053125 0.08828125
0 0.4484375 0.45546875 0.05078125 0.08984375
0 0.34921875 0.45 0.04921875 0.08671875
0 0.39921875 0.45390625 0.05 0.08828125
0 0.17109375 0.52265625 0.05 0.08125
0 0.3015625 0.446875 0.0484375 0.0859375
0 0.7125 0.65 0.05625 0.08828125
0 0.39140625 0.78046875 0.0484375 0.07890625
0 0.31171875 0.534375 0.04765625 0.084375
0 0.7203125 0.56171875 0.05703125 0.09140625
0 0.59296875 0.71953125 0.0515625 0.08671875
0 0.34453125 0.775 0.046875 0.08203125
0 0.8296875 0.56875 0.06328125 0.09140625
0 0.4984375 0.45859375 0.0515625 0.0890625
0 0.7328125 0.38046875 0.065625 0.0953125
0 0.30390625 0.69375 0.04765625 0.07890625
0 0.50859375 0.5484375 0.0515625 0.0859375
0 0.36015625 0.5375 0.0484375 0.08515625
0 0.2203125 0.52578125 0.0484375 0.08203125
0 0.55078125 0.46171875 0.0546875 0.090625
0 0.459375 0.36953125 0.053125 0.090625
0 0.6484375 0.72734375 0.053125 0.0875
0 0.25546875 0.44609375 0.04609375 0.08515625
0 0.4578125 0.5453125 0.05078125 0.0859375
0 0.8875 0.57265625 0.06953125 0.09453125
0 0.70078125 0.73125 0.05625 0.08671875
0 0.29765625 0.77109375 0.046875 0.08203125
0 0.26875 0.53125 0.04609375 0.0828125
0 0.55546875 0.6328125 0.053125 0.0859375
0 0.50546875 0.62890625 0.05078125 0.0859375
0 0.35078125 0.6984375 0.046875 0.08203125
0 0.82265625 0.478125 0.065625 0.09453125
0 0.54453125 0.715625 0.05 0.0859375
0 0.6859375 0.81796875 0.05625 0.0859375
0 0.35859375 0.36328125 0.05 0.0875
0 0.26484375 0.36015625 0.046875 0.08671875
0 0.63359375 0.80859375 0.053125 0.08515625
0 0.45546875 0.625 0.05 0.08515625
0 0.846875 0.83515625 0.06796875 0.08828125
0 0.4390625 0.78828125 0.04921875 0.08046875
0 0.165625 0.4421875 0.04375 0.08203125
0 0.6015625 0.6359375 0.05390625 0.08828125
0 0.5328125 0.80078125 0.05 0.0828125
0 0.446875 0.709375 0.05078125 0.084375
0 0.2515625 0.7671875 0.046875 0.0796875
0 0.8078125 0.74453125 0.06171875 0.08984375
0 0.8859375 0.478125 0.07734375 0.0984375
0 0.309375 0.36171875 0.0484375 0.08671875
0 0.40859375 0.36796875 0.0515625 0.0890625
0 0.40859375 0.5421875 0.04765625 0.08671875
0 0.5609375 0.55078125 0.053125 0.0890625
0 0.16640625 0.68125 0.04765625 0.07890625
0 0.87734375 0.66328125 0.06484375 0.09140625
0 0.39453125 0.7015625 0.046875 0.08359375
0 0.6671875 0.5609375 0.0546875 0.08828125
0 0.125 0.51875 0.04375 0.0796875
0 0.20390625 0.76328125 0.05 0.078125
0 0.82109375 0.6578125 0.0625 0.09140625
0 0.171875 0.603125 0.04765625 0.08203125
0 0.4875 0.7921875 0.04921875 0.08125
0 0.3140625 0.6140625 0.0484375 0.08359375
0 0.76640625 0.65546875 0.05703125 0.0890625
0 0.21796875 0.35859375 0.046875 0.0875
0 0.49296875 0.71171875 0.05 0.08515625
0 0.65859375 0.64375 0.0546875 0.0875
0 0.79375 0.38203125 0.06640625 0.09609375
0 0.625 0.2640625 0.1296875 0.04609375
0 0.74921875 0.73671875 0.0578125 0.08671875
0 0.7578125 0.3125 0.13515625 0.04765625
0 0.2203125 0.6078125 0.04765625 0.08203125
0 0.37734375 0.29921875 0.1140625 0.04375
0 0.73828125 0.8234375 0.05859375 0.08671875
0 0.15703125 0.76015625 0.0515625 0.07890625
0 0.1203125 0.440625 0.04453125 0.08125
0 0.21171875 0.44609375 0.04765625 0.08359375
0 0.12578125 0.59765625 0.046875 0.08125
0 0.3625 0.61640625 0.04765625 0.0828125
0 0.775 0.56484375 0.059375 0.090625
0 0.2671875 0.6109375 0.04609375 0.0828125
0 0.86484375 0.7515625 0.06328125 0.090625
0 0.2578125 0.6921875 0.046875 0.078125
0 0.40625 0.6203125 0.046875 0.08515625
0 0.790625 0.83046875 0.0609375 0.0890625
0 0.67421875 0.37734375 0.0625 0.09609375
0 0.5828125 0.80625 0.0515625 0.084375
0 0.12109375 0.6765625 0.04609375 0.07890625
0 0.49609375 0.303125 0.11953125 0.04375
0 0.51640625 0.36875 0.05625 0.0921875
0 0.12578125 0.35625 0.04453125 0.0859375
0 0.4984375 0.26484375 0.12109375 0.04453125
0 0.21328125 0.68515625 0.0484375 0.07734375
0 0.15625 0.2578125 0.1078125 0.04375
0 0.2734375 0.17265625 0.115625 0.04453125
0 0.92578125 0.178125 0.1484375 0.05390625
0 0.26640625 0.25703125 0.11328125 0.0421875
0 0.10859375 0.75546875 0.04609375 0.08046875
0 0.26484375 0.21796875 0.115625 0.0453125
0 0.853125 0.384375 0.07109375 0.09921875
0 0.50703125 0.22265625 0.1265625 0.0453125
0 0.37890625 0.2203125 0.11640625 0.0453125
0 0.16015625 0.3 0.109375 0.040625
0 0.16875 0.35546875 0.046875 0.08671875
0 0.26875 0.3015625 0.1109375 0.0421875
0 0.3859375 0.1734375 0.11796875 0.04765625
0 0.15390625 0.171875 0.1140625 0.04453125
0 0.3765625 0.25859375 0.11640625 0.0421875
0 0.565625 0.3703125 0.05703125 0.09453125
0 0.6203125 0.3078125 0.13046875 0.04765625
0 0.89765625 0.3125 0.1484375 0.05234375
0 0.509375 0.17734375 0.125 0.0484375
0 0.7640625 0.26875 0.1375 0.046875
0 0.63984375 0.2203125 0.13203125 0.046875
0 0.765625 0.47421875 0.05859375 0.09375
0 0.61953125 0.375 0.06171875 0.0953125
0 0.71171875 0.4703125 0.0578125 0.09375
0 0.77578125 0.17890625 0.1375 0.05
0 0.90234375 0.27421875 0.15078125 0.05078125
0 0.9109375 0.384375 0.0796875 0.10234375
0 0.6421875 0.17265625 0.13203125 0.046875
0 0.15234375 0.2171875 0.11171875 0.04609375
0 0.76875 0.22421875 0.13984375 0.046875
0 0.91171875 0.22578125 0.15703125 0.053125
0 0.64609375 0.4703125 0.08359375 0.09453125
0 0.60078125 0.46171875 0.065625 0.0921875