0 0.67578125 0.7859375 0.16953125 0.2453125
0 0.48828125 0.35078125 0.14375 0.19609375
0 0.6640625 0.55546875 0.1609375 0.21875
0 0.33046875 0.56328125 0.1515625 0.2140625
0 0.16953125 0.5671875 0.15390625 0.21328125
0 0.83203125 0.546875 0.1765625 0.2265625
0 0.6484375 0.3484375 0.15078125 0.203125
0 0.49140625 0.55859375 0.14765625 0.21015625
0 0.86484375 0.790625 0.18515625 0.24921875
0 0.32578125 0.79296875 0.15546875 0.24453125
0 0.33828125 0.35859375 0.14296875 0.1953125
0 0.80859375 0.33359375 0.1625 0.20546875
0 0.5046875 0.784375 0.14609375 0.2453125
0 0.19140625 0.3625 0.14609375 0.19140625
0 0.1546875 0.78671875 0.16484375 0.2390625