0 0.26796875 0.0765625 0.1734375 0.153125
0 0.58046875 0.25625 0.15 0.1546875
0 0.4375 0.0875 0.1625 0.171875
0 0.71171875 0.0640625 0.1109375 0.128125
0 0.27578125 0.234375 0.171875 0.1625
0 0.58359375 0.1203125 0.14375 0.121875
0 0.43359375 0.2453125 0.153125 0.159375
0 0.58203125 0.034375 0.1484375 0.06875
0 0.7078125 0.23046875 0.109375 0.209375
0 0.58203125 0.72578125 0.03125 0.240625
0 0.18203125 0.72578125 0.0375 0.25625
0 0.603125 0.725 0.0328125 0.240625
0 0.5046875 0.725 0.0296875 0.25
0 0.48359375 0.72578125 0.025 0.246875
0 0.546875 0.4703125 0.025 0.271875
0 0.525 0.46875 0.021875 0.275
0 0.125 0.45546875 0.040625 0.29375
0 0.1484375 0.45703125 0.040625 0.2921875
0 0.17109375 0.4609375 0.0375 0.2875
0 0.19296875 0.46171875 0.034375 0.28125
0 0.209375 0.4578125 0.025 0.275
0 0.2296875 0.45078125 0.03125 0.2890625
0 0.2515625 0.4578125 0.028125 0.284375
0 0.271875 0.45859375 0.028125 0.284375
0 0.2953125 0.4578125 0.028125 0.2875
0 0.31640625 0.46015625 0.03125 0.28125
0 0.33671875 0.4609375 0.028125 0.28125
0 0.35859375 0.4640625 0.03125 0.278125
0 0.3796875 0.46484375 0.03125 0.275
0 0.40078125 0.465625 0.028125 0.2734375
0 0.42265625 0.46953125 0.0265625 0.26875
0 0.44296875 0.46875 0.021875 0.2703125
0 0.4609375 0.47109375 0.025 0.26875
0 0.48203125 0.47265625 0.025 0.26875
0 0.503125 0.47109375 0.021875 0.271875
0 0.57109375 0.475 0.0265625 0.265625
0 0.5953125 0.46953125 0.0375 0.26875
0 0.62109375 0.47265625 0.0375 0.2625
0 0.64375 0.471875 0.04375 0.265625
0 0.66171875 0.47109375 0.040625 0.259375
0 0.67890625 0.47421875 0.040625 0.259375
0 0.7015625 0.46953125 0.05 0.2640625
0 0.721875 0.4734375 0.0375 0.2703125
0 0.73828125 0.471875 0.040625 0.2640625
0 0.75625 0.47265625 0.0421875 0.265625
0 0.7734375 0.4703125 0.04375 0.2640625
0 0.790625 0.46875 0.040625 0.2625
0 0.803125 0.4703125 0.0375 0.265625
0 0.82578125 0.46796875 0.046875 0.2671875
0 0.84453125 0.4703125 0.04375 0.265625
0 0.86328125 0.46953125 0.04375 0.2640625
0 0.140625 0.728125 0.034375 0.253125
0 0.16171875 0.72890625 0.0375 0.25625
0 0.2046875 0.728125 0.034375 0.253125
0 0.22421875 0.72734375 0.03125 0.253125
0 0.240625 0.7296875 0.0296875 0.259375
0 0.26015625 0.73515625 0.0359375 0.2734375
0 0.28203125 0.73203125 0.03125 0.2625
0 0.30390625 0.7296875 0.0265625 0.265625
0 0.325 0.72890625 0.0265625 0.2625
0 0.34453125 0.7296875 0.025 0.259375
0 0.36484375 0.7296875 0.025 0.2578125
0 0.38515625 0.72890625 0.021875 0.2578125
0 0.4046875 0.728125 0.021875 0.2578125
0 0.4265625 0.728125 0.0234375 0.253125
0 0.4453125 0.72734375 0.021875 0.253125
0 0.46484375 0.728125 0.021875 0.246875
0 0.5234375 0.72890625 0.028125 0.253125
0 0.54453125 0.7265625 0.03125 0.2484375
0 0.5640625 0.72265625 0.0328125 0.240625
0 0.6234375 0.7234375 0.04375 0.2421875
0 0.640625 0.72265625 0.0390625 0.2421875
0 0.65859375 0.7203125 0.0390625 0.2484375
0 0.67890625 0.72421875 0.040625 0.246875
0 0.69765625 0.7234375 0.04375 0.246875
0 0.715625 0.72421875 0.0421875 0.2421875
0 0.73515625 0.72421875 0.04375 0.24375
0 0.753125 0.72265625 0.04375 0.24375
0 0.76875 0.71953125 0.04375 0.2375
0 0.78359375 0.71953125 0.04375 0.234375
0 0.80078125 0.71796875 0.046875 0.234375
0 0.81640625 0.7171875 0.046875 0.2328125
0 0.834375 0.7171875 0.046875 0.234375