0 0.44375 0.26875 0.0890625 0.04375
0 0.6296875 0.2796875 0.1 0.0375
0 0.63203125 0.31484375 0.1 0.0375
0 0.44453125 0.3015625 0.0890625 0.040625
0 0.62890625 0.24453125 0.1 0.040625
0 0.53671875 0.28046875 0.090625 0.0390625
0 0.5375 0.38046875 0.090625 0.034375
0 0.72421875 0.54375 0.1 0.034375
0 0.63203125 0.34921875 0.0984375 0.0375
0 0.4484375 0.39765625 0.0859375 0.0328125
0 0.43984375 0.196875 0.090625 0.04375
0 0.73125 0.33828125 0.103125 0.0375
0 0.72734375 0.5125 0.1 0.034375
0 0.7328125 0.30234375 0.10625 0.0375
0 0.44765625 0.43046875 0.084375 0.0328125
0 0.540625 0.58984375 0.0875 0.03125
0 0.4390625 0.16171875 0.090625 0.046875
0 0.6296875 0.41484375 0.096875 0.034375
0 0.7296875 0.44375 0.103125 0.034375
0 0.53671875 0.3125 0.090625 0.0359375
0 0.446875 0.36484375 0.0875 0.0359375
0 0.7265625 0.475 0.1015625 0.034375
0 0.7359375 0.15625 0.1125 0.040625
0 0.7328125 0.41015625 0.10625 0.0359375
0 0.7203125 0.66796875 0.096875 0.03125
0 0.4421875 0.2328125 0.0890625 0.040625
0 0.63203125 0.4484375 0.0953125 0.034375
0 0.35390625 0.23984375 0.0859375 0.0375
0 0.73671875 0.26484375 0.10625 0.0390625
0 0.53515625 0.21484375 0.09375 0.0390625
0 0.725 0.603125 0.0984375 0.0328125
0 0.5359375 0.34609375 0.090625 0.034375
0 0.53671875 0.4125 0.090625 0.03125
0 0.6296875 0.38203125 0.096875 0.034375
0 0.36171875 0.39921875 0.0828125 0.03125
0 0.4453125 0.33515625 0.0875 0.0375
0 0.734375 0.23046875 0.1078125 0.040625
0 0.73515625 0.19140625 0.1109375 0.040625
0 0.5390625 0.62109375 0.0859375 0.03125
0 0.35234375 0.17265625 0.0875 0.0453125
0 0.721875 0.6359375 0.096875 0.0328125
0 0.27890625 0.334375 0.078125 0.0375
0 0.63125 0.4796875 0.09375 0.034375
0 0.2859375 0.428125 0.078125 0.0328125
0 0.53515625 0.24609375 0.09375 0.0375
0 0.534375 0.178125 0.09375 0.040625
0 0.28203125 0.3640625 0.0796875 0.0359375
0 0.5390625 0.56171875 0.0875 0.03125
0 0.35859375 0.33828125 0.0828125 0.034375
0 0.72265625 0.57421875 0.1 0.03125
0 0.2828125 0.39453125 0.078125 0.034375
0 0.27109375 0.240625 0.0828125 0.0375
0 0.36953125 0.51484375 0.0796875 0.03125
0 0.5375 0.678125 0.084375 0.03125
0 0.53828125 0.53359375 0.0875 0.034375
0 0.53984375 0.65234375 0.0859375 0.03125
0 0.36796875 0.45859375 0.08125 0.03125
0 0.27734375 0.303125 0.078125 0.0375
0 0.37109375 0.5453125 0.08125 0.0296875
0 0.37265625 0.57109375 0.0796875 0.028125
0 0.44921875 0.45703125 0.084375 0.03125
0 0.453125 0.5734375 0.084375 0.03125
0 0.3640625 0.36640625 0.08125 0.0328125
0 0.45 0.48984375 0.084375 0.03125
0 0.20703125 0.37421875 0.075 0.034375
0 0.37421875 0.6015625 0.078125 0.0296875
0 0.365625 0.43046875 0.08125 0.034375
0 0.35625 0.27421875 0.084375 0.0375
0 0.734375 0.37109375 0.10625 0.0375
0 0.6296875 0.6375 0.0890625 0.03125
0 0.43828125 0.121875 0.090625 0.05
0 0.628125 0.5140625 0.09375 0.03125
0 0.20390625 0.34453125 0.0765625 0.0359375
0 0.628125 0.546875 0.09375 0.0328125
0 0.6296875 0.2078125 0.1 0.040625
0 0.71875 0.70078125 0.09375 0.0328125
0 0.35234375 0.2078125 0.0859375 0.040625
0 0.36796875 0.48828125 0.08125 0.03125
0 0.4515625 0.54609375 0.084375 0.0296875
0 0.35625 0.30859375 0.084375 0.034375
0 0.63046875 0.1703125 0.103125 0.04375
0 0.45078125 0.5171875 0.084375 0.03125
0 0.265625 0.17421875 0.0859375 0.04375
0 0.5375 0.7078125 0.084375 0.03125
0 0.2015625 0.3109375 0.0765625 0.0359375
0 0.540625 0.734375 0.084375 0.034375
0 0.634375 0.0984375 0.10625 0.0515625
0 0.45234375 0.60390625 0.084375 0.03125
0 0.62578125 0.665625 0.090625 0.03125
0 0.53359375 0.1421875 0.096875 0.04375
0 0.284375 0.45546875 0.0828125 0.0328125
0 0.375 0.62734375 0.078125 0.03125
0 0.1984375 0.28125 0.078125 0.0390625
0 0.5375 0.4421875 0.0890625 0.034375
0 0.26796875 0.209375 0.084375 0.0375
0 0.62421875 0.72109375 0.0875 0.0296875
0 0.290625 0.5125 0.075 0.03125
0 0.27578125 0.275 0.0796875 0.0375
0 0.53359375 0.10703125 0.096875 0.0453125
0 0.20859375 0.4015625 0.0734375 0.03125
0 0.375 0.65546875 0.075 0.03125
0 0.346875 0.1328125 0.0875 0.046875
0 0.71484375 0.7828125 0.09375 0.0359375
0 0.62421875 0.746875 0.0875 0.03125
0 0.628125 0.69609375 0.0890625 0.03125
0 0.18203125 0.1578125 0.084375 0.046875
0 0.5390625 0.5015625 0.0875 0.0296875
0 0.63359375 0.13515625 0.103125 0.0453125
0 0.45546875 0.7359375 0.08125 0.03125
0 0.540625 0.7890625 0.084375 0.0328125
0 0.453125 0.684375 0.084375 0.03125
0 0.45234375 0.65859375 0.084375 0.0296875
0 0.29140625 0.4828125 0.078125 0.03125
0 0.4546875 0.7125 0.08125 0.03125
0 0.29296875 0.5421875 0.078125 0.03125
0 0.18984375 0.25 0.078125 0.040625
0 0.6234375 0.7765625 0.0875 0.03125
0 0.45625 0.765625 0.08125 0.03125
0 0.2625 0.1390625 0.084375 0.04375
0 0.71484375 0.81484375 0.09375 0.034375
0 0.3 0.6484375 0.078125 0.0328125
0 0.54140625 0.7625 0.084375 0.0296875
0 0.7171875 0.75625 0.0953125 0.034375
0 0.4546875 0.6328125 0.084375 0.0296875
0 0.53828125 0.4703125 0.0890625 0.0328125
0 0.184375 0.1859375 0.08125 0.04375
0 0.29609375 0.56875 0.075 0.028125
0 0.38046875 0.68046875 0.078125 0.03125
0 0.6296875 0.6015625 0.090625 0.03125
0 0.71875 0.7265625 0.096875 0.0328125
0 0.73828125 0.115625 0.115625 0.046875
0 0.62421875 0.80390625 0.0875 0.03125
0 0.6234375 0.8265625 0.0859375 0.03125
0 0.29921875 0.621875 0.075 0.028125
0 0.296875 0.59609375 0.075 0.03125
0 0.62734375 0.57578125 0.0921875 0.03125
0 0.45625 0.78984375 0.084375 0.0296875
0 0.30234375 0.6734375 0.075 0.03125
0 0.30234375 0.7015625 0.071875 0.03125
0 0.38125 0.70546875 0.078125 0.03125
0 0.30703125 0.725 0.0703125 0.03125
0 0.3796875 0.7328125 0.078125 0.028125
0 0.73828125 0.078125 0.115625 0.05625
0 0.21015625 0.43203125 0.0765625 0.03125
0 0.3109375 0.80234375 0.071875 0.034375
0 0.30859375 0.7515625 0.071875 0.034375
0 0.3078125 0.7765625 0.071875 0.0359375
0 0.7140625 0.83828125 0.090625 0.0359375
0 0.7140625 0.86328125 0.090625 0.0390625
0 0.7125 0.88984375 0.0875 0.0421875
0 0.7109375 0.9140625 0.090625 0.0421875
0 0.7109375 0.93984375 0.090625 0.0359375
0 0.709375 0.9625 0.0890625 0.040625
0 0.625 0.8515625 0.084375 0.034375
0 0.62578125 0.878125 0.0828125 0.034375
0 0.62421875 0.903125 0.08125 0.0359375
0 0.62421875 0.92734375 0.0828125 0.0359375
0 0.62265625 0.95 0.084375 0.0359375
0 0.54140625 0.81640625 0.0828125 0.0359375
0 0.54140625 0.84140625 0.08125 0.0375
0 0.5421875 0.86796875 0.0796875 0.0328125
0 0.54296875 0.890625 0.0828125 0.0375
0 0.54140625 0.915625 0.078125 0.040625
0 0.54296875 0.9390625 0.078125 0.040625
0 0.46015625 0.815625 0.0796875 0.03125
0 0.46171875 0.840625 0.078125 0.034375
0 0.46171875 0.8640625 0.0796875 0.034375
0 0.46328125 0.88828125 0.0796875 0.03125
0 0.4640625 0.91015625 0.08125 0.034375
0 0.46484375 0.934375 0.078125 0.03125
0 0.38203125 0.784375 0.078125 0.034375
0 0.38359375 0.81015625 0.075 0.0359375
0 0.384375 0.8328125 0.0765625 0.03125
0 0.38671875 0.85859375 0.078125 0.03125
0 0.38671875 0.8796875 0.078125 0.03125
0 0.3875 0.90546875 0.078125 0.040625
0 0.3890625 0.93046875 0.078125 0.0375
0 0.31171875 0.82734375 0.071875 0.03125
0 0.3140625 0.85234375 0.071875 0.034375
0 0.3140625 0.8765625 0.071875 0.0359375
0 0.3140625 0.8984375 0.071875 0.034375
0 0.31640625 0.9203125 0.0703125 0.034375
0 0.18984375 0.21875 0.078125 0.04375
0 0.2140625 0.4578125 0.078125 0.034375
0 0.22265625 0.54296875 0.071875 0.0328125
0 0.2203125 0.51484375 0.071875 0.03125
0 0.2171875 0.48671875 0.071875 0.0265625
0 0.22421875 0.56953125 0.0734375 0.028125
0 0.225 0.59609375 0.075 0.028125
0 0.228125 0.62265625 0.078125 0.028125
0 0.2296875 0.646875 0.075 0.025
0 0.23203125 0.67265625 0.075 0.028125
0 0.23359375 0.696875 0.0734375 0.03125
0 0.2359375 0.72265625 0.071875 0.03125
0 0.23828125 0.74609375 0.0703125 0.03125
0 0.23828125 0.77265625 0.071875 0.03125
0 0.240625 0.79765625 0.071875 0.028125
0 0.24296875 0.8234375 0.0703125 0.028125
0 0.24453125 0.8421875 0.06875 0.03125
0 0.24609375 0.86484375 0.0640625 0.03125
0 0.24765625 0.8875 0.06875 0.0328125
0 0.24921875 0.91171875 0.06875 0.0390625
0 0.3828125 0.759375 0.0765625 0.034375