0 0.403125 0.38828125 0.078125 0.046875
0 0.58515625 0.809375 0.0828125 0.059375
0 0.4875 0.5625 0.08125 0.0484375
0 0.80390625 0.5828125 0.0796875 0.05
0 0.48984375 0.61015625 0.08125 0.053125
0 0.559375 0.465625 0.078125 0.046875
0 0.48203125 0.4265625 0.078125 0.046875
0 0.403125 0.52578125 0.0828125 0.05
0 0.66640625 0.809375 0.078125 0.0578125
0 0.71875 0.525 0.078125 0.046875
0 0.4859375 0.51484375 0.078125 0.05
0 0.7265625 0.6140625 0.078125 0.05
0 0.74140625 0.7625 0.08125 0.053125
0 0.48046875 0.38125 0.078125 0.046875
0 0.5 0.7609375 0.084375 0.05625
0 0.634375 0.45859375 0.078125 0.046875
0 0.5546875 0.378125 0.075 0.046875
0 0.55703125 0.42265625 0.0765625 0.046875
0 0.625 0.33125 0.075 0.0421875
0 0.4078125 0.56953125 0.0828125 0.053125
0 0.56953125 0.653125 0.08125 0.05
0 0.7140625 0.47890625 0.075 0.046875
0 0.78671875 0.4453125 0.078125 0.04375
0 0.73515625 0.71171875 0.0796875 0.053125
0 0.79921875 0.53671875 0.0796875 0.046875
0 0.6375 0.5046875 0.078125 0.046875
0 0.5734375 0.70390625 0.08125 0.053125
0 0.55 0.29140625 0.075 0.04375
0 0.4015625 0.478125 0.08125 0.05
0 0.78984375 0.4921875 0.078125 0.046875
0 0.78203125 0.40234375 0.0765625 0.04375
0 0.47734375 0.3390625 0.078125 0.04375
0 0.6984375 0.30703125 0.0734375 0.04375
0 0.50390625 0.81328125 0.084375 0.0578125
0 0.55234375 0.334375 0.075 0.0421875
0 0.4 0.3421875 0.078125 0.046875
0 0.72265625 0.56640625 0.078125 0.046875
0 0.7015625 0.346875 0.075 0.0421875
0 0.6484375 0.59921875 0.0796875 0.05
0 0.58203125 0.7546875 0.084375 0.053125
0 0.49140625 0.65859375 0.08125 0.053125
0 0.56640625 0.60546875 0.08125 0.05
0 0.40625 0.62109375 0.0828125 0.053125
0 0.80859375 0.6265625 0.078125 0.05
0 0.40859375 0.67109375 0.08125 0.0546875
0 0.7109375 0.434375 0.078125 0.04375
0 0.73046875 0.6625 0.08125 0.05
0 0.6546875 0.696875 0.08125 0.053125
0 0.47578125 0.2953125 0.078125 0.0421875
0 0.64609375 0.55078125 0.08125 0.05
0 0.65078125 0.646875 0.08125 0.05
0 0.66484375 0.75234375 0.078125 0.05625
0 0.48359375 0.46875 0.078125 0.0484375
0 0.4015625 0.4328125 0.078125 0.04375
0 0.62734375 0.37421875 0.075 0.04375
0 0.81171875 0.67578125 0.078125 0.0515625
0 0.75078125 0.8125 0.084375 0.05625
0 0.61875 0.25 0.071875 0.04375
0 0.475 0.25625 0.0765625 0.0421875
0 0.82421875 0.77578125 0.08125 0.0546875
0 0.63125 0.41796875 0.078125 0.04375
0 0.70703125 0.39140625 0.075 0.0453125
0 0.49453125 0.71015625 0.08125 0.053125
0 0.47109375 0.17421875 0.0734375 0.0421875
0 0.540625 0.13203125 0.071875 0.040625
0 0.4140625 0.77421875 0.0859375 0.059375
0 0.396875 0.21875 0.075 0.04375
0 0.46953125 0.13671875 0.071875 0.040625
0 0.19453125 0.7140625 0.040625 0.13125
0 0.81953125 0.72421875 0.08125 0.053125
0 0.7765625 0.3625 0.078125 0.04375
0 0.69453125 0.26484375 0.071875 0.04375
0 0.621875 0.2890625 0.075 0.04375
0 0.5421875 0.16796875 0.071875 0.0390625
0 0.39296875 0.13671875 0.075 0.046875
0 0.47265625 0.2171875 0.075 0.040625
0 0.546875 0.253125 0.075 0.04375
0 0.54453125 0.209375 0.0734375 0.0421875
0 0.5625 0.51015625 0.078125 0.0484375
0 0.565625 0.55625 0.08125 0.05
0 0.41328125 0.72109375 0.084375 0.05625
0 0.615625 0.2078125 0.0734375 0.040625
0 0.271875 0.365625 0.040625 0.1046875
0 0.39453125 0.178125 0.075 0.0453125
0 0.61171875 0.12734375 0.071875 0.040625
0 0.30625 0.2640625 0.040625 0.1
0 0.41875 0.83046875 0.0875 0.065625
0 0.3078125 0.46875 0.040625 0.109375
0 0.69140625 0.2234375 0.071875 0.040625
0 0.30625 0.3640625 0.0375 0.1046875
0 0.61484375 0.1671875 0.071875 0.040625
0 0.2328125 0.47578125 0.040625 0.1109375
0 0.2 0.47578125 0.0375 0.109375
0 0.39765625 0.26171875 0.0765625 0.04375
0 0.396875 0.3 0.078125 0.04375
0 0.34375 0.465625 0.0390625 0.1078125
0 0.234375 0.36953125 0.0390625 0.103125
0 0.20234375 0.375 0.0375 0.1046875
0 0.34375 0.3671875 0.0375 0.103125
0 0.27109375 0.475 0.040625 0.109375
0 0.34609375 0.5765625 0.0390625 0.115625
0 0.68359375 0.14375 0.06875 0.04375
0 0.2046875 0.27265625 0.040625 0.10625
0 0.34140625 0.26015625 0.040625 0.103125
0 0.68828125 0.18125 0.071875 0.04375
0 0.35234375 0.81328125 0.046875 0.1328125
0 0.31171875 0.57890625 0.0390625 0.115625
0 0.20390625 0.5875 0.0375 0.1140625
0 0.30703125 0.1609375 0.040625 0.1
0 0.2703125 0.2671875 0.04375 0.103125
0 0.2046875 0.17109375 0.040625 0.1
0 0.34765625 0.69140625 0.040625 0.121875
0 0.340625 0.1671875 0.040625 0.103125
0 0.27265625 0.58203125 0.040625 0.1140625
0 0.2375 0.26328125 0.040625 0.1046875
0 0.2359375 0.584375 0.040625 0.115625
0 0.2375 0.16875 0.040625 0.1
0 0.31875 0.82109375 0.046875 0.1359375
0 0.27734375 0.8265625 0.046875 0.1375
0 0.771875 0.31953125 0.075 0.04375
0 0.2703125 0.1625 0.0421875 0.1
0 0.19609375 0.8421875 0.0546875 0.14375
0 0.3109375 0.696875 0.04375 0.125
0 0.23671875 0.83203125 0.046875 0.1375
0 0.2328125 0.709375 0.0390625 0.1265625
0 0.26953125 0.7015625 0.040625 0.1234375
0 0.7671875 0.2796875 0.071875 0.0484375
0 0.76171875 0.24140625 0.0765625 0.046875
0 0.75625 0.20078125 0.075 0.04375
0 0.75390625 0.16171875 0.0765625 0.0421875
0 0.75 0.12421875 0.078125 0.0453125