0 0.39296875 0.146875 0.10625 0.078125
0 0.49375 0.13046875 0.109375 0.08125
0 0.6 0.11640625 0.115625 0.0875
0 0.503125 0.26328125 0.1 0.065625
0 0.60625 0.49140625 0.0984375 0.05625
0 0.5 0.3296875 0.1 0.0609375
0 0.6015625 0.37421875 0.1046875 0.059375
0 0.521875 0.74140625 0.084375 0.046875
0 0.2515625 0.459375 0.08125 0.053125
0 0.60234375 0.1875 0.1078125 0.078125
0 0.5015625 0.20390625 0.1046875 0.075
0 0.51484375 0.60078125 0.0875 0.0515625
0 0.43828125 0.69296875 0.08125 0.0453125
0 0.50859375 0.44296875 0.096875 0.05625
0 0.33125 0.45234375 0.084375 0.0546875
0 0.5125 0.54921875 0.0890625 0.0515625
0 0.6015625 0.31484375 0.10625 0.065625
0 0.5046875 0.38671875 0.096875 0.059375
0 0.4078125 0.27578125 0.1 0.065625
0 0.4328125 0.60234375 0.084375 0.05
0 0.415625 0.390625 0.09375 0.05625
0 0.32421875 0.4015625 0.0875 0.05625
0 0.4 0.2109375 0.1015625 0.0703125
0 0.609375 0.546875 0.096875 0.053125
0 0.5125 0.5 0.09375 0.053125
0 0.41171875 0.3375 0.0953125 0.059375
0 0.30390625 0.22578125 0.096875 0.071875
0 0.60703125 0.59765625 0.09375 0.05
0 0.29609375 0.1578125 0.1 0.078125
0 0.41640625 0.44921875 0.090625 0.0546875
0 0.434375 0.64921875 0.084375 0.046875
0 0.60390625 0.2515625 0.1109375 0.071875
0 0.6015625 0.43515625 0.1015625 0.059375
0 0.3390625 0.50546875 0.0859375 0.05
0 0.32109375 0.3453125 0.090625 0.0609375
0 0.6078125 0.69140625 0.0890625 0.0484375
0 0.51640625 0.6515625 0.0875 0.05
0 0.675 0.5796875 0.046875 0.128125
0 0.73984375 0.13125 0.0625 0.178125
0 0.34921875 0.60078125 0.08125 0.046875
0 0.26015625 0.509375 0.08125 0.05
0 0.3140625 0.28984375 0.0953125 0.065625
0 0.18203125 0.51640625 0.078125 0.05
0 0.35859375 0.68984375 0.078125 0.0453125
0 0.72890625 0.303125 0.05625 0.15625
0 0.6046875 0.64765625 0.09375 0.05
0 0.52265625 0.69609375 0.0875 0.046875
0 0.28515625 0.68828125 0.078125 0.046875
0 0.52421875 0.784375 0.08125 0.046875
0 0.265625 0.5578125 0.078125 0.046875
0 0.609375 0.828125 0.084375 0.046875
0 0.6828125 0.1421875 0.059375 0.171875
0 0.35546875 0.64609375 0.0765625 0.046875
0 0.240625 0.40703125 0.084375 0.05625
0 0.52421875 0.82734375 0.0796875 0.04375
0 0.27421875 0.60390625 0.0796875 0.04375
0 0.1734375 0.46953125 0.0796875 0.053125
0 0.67890625 0.3078125 0.053125 0.153125
0 0.6734375 0.7046875 0.046875 0.1125
0 0.72734375 0.4484375 0.05 0.140625
0 0.23125 0.3515625 0.0875 0.059375
0 0.88515625 0.2875 0.0671875 0.165625
0 0.60859375 0.78359375 0.0859375 0.046875
0 0.67734375 0.45078125 0.046875 0.1359375
0 0.865625 0.57734375 0.059375 0.134375
0 0.18984375 0.56484375 0.078125 0.0484375
0 0.78515625 0.29453125 0.059375 0.1625
0 0.34375 0.55390625 0.084375 0.0484375
0 0.71640625 0.5796875 0.0484375 0.125
0 0.2234375 0.29921875 0.0875 0.0625
0 0.61015625 0.86640625 0.08125 0.046875
0 0.7734375 0.44296875 0.053125 0.14375
0 0.28984375 0.7328125 0.0734375 0.04375
0 0.82421875 0.43984375 0.053125 0.1453125
0 0.87109375 0.44296875 0.059375 0.146875
0 0.7953125 0.1203125 0.075 0.1875
0 0.7171875 0.7046875 0.046875 0.115625
0 0.60859375 0.90703125 0.08125 0.0453125
0 0.44609375 0.7796875 0.078125 0.04375
0 0.4421875 0.73515625 0.08125 0.04375
0 0.60859375 0.7375 0.0875 0.046875
0 0.428125 0.5515625 0.0875 0.05
0 0.3625 0.73359375 0.078125 0.04375
0 0.83828125 0.28828125 0.0625 0.1625
0 0.67109375 0.809375 0.0453125 0.1015625
0 0.4484375 0.82109375 0.0765625 0.04375
0 0.7140625 0.8125 0.046875 0.10625
0 0.52734375 0.86484375 0.0765625 0.0453125
0 0.2 0.16953125 0.103125 0.08125
0 0.2015625 0.62578125 0.0765625 0.046875
0 0.2109375 0.23515625 0.09375 0.06875
0 0.1640625 0.41875 0.08125 0.05625
0 0.2796875 0.64453125 0.078125 0.0453125
0 0.146875 0.3640625 0.084375 0.059375
0 0.5265625 0.90625 0.078125 0.0453125
0 0.10859375 0.18984375 0.09375 0.078125
0 0.76171875 0.70859375 0.0484375 0.11875
0 0.4484375 0.8578125 0.071875 0.04375
0 0.13671875 0.3078125 0.090625 0.06875
0 0.66953125 0.9046875 0.04375 0.0953125
0 0.91171875 0.10234375 0.078125 0.19375
0 0.45234375 0.896875 0.071875 0.04375
0 0.7671875 0.578125 0.0515625 0.13125
0 0.8109375 0.5765625 0.0546875 0.1328125
0 0.128125 0.24921875 0.09375 0.0703125
0 0.29765625 0.78125 0.075 0.0578125
0 0.8578125 0.10546875 0.078125 0.190625
0 0.21171875 0.67109375 0.078125 0.0453125
0 0.7046875 0.91015625 0.0484375 0.1
0 0.75390625 0.8171875 0.0515625 0.1078125
0 0.4234375 0.49765625 0.0890625 0.0515625
0 0.85390625 0.7015625 0.053125 0.1203125
0 0.38671875 0.89296875 0.075 0.046875
0 0.8390625 0.8171875 0.05625 0.115625
0 0.80546875 0.70390625 0.053125 0.11875
0 0.225 0.75078125 0.075 0.04375
0 0.38125 0.85390625 0.071875 0.04375
0 0.315625 0.90390625 0.071875 0.040625
0 0.3734375 0.77421875 0.08125 0.04375
0 0.753125 0.91640625 0.053125 0.103125
0 0.21640625 0.70859375 0.078125 0.04375
0 0.7984375 0.81796875 0.0546875 0.1125
0 0.834375 0.921875 0.0515625 0.1046875
0 0.7921875 0.9234375 0.053125 0.1
0 0.37578125 0.81484375 0.08125 0.04375
0 0.30703125 0.828125 0.075 0.04375
0 0.3125 0.86640625 0.0734375 0.0359375
0 0.2328125 0.78984375 0.078125 0.040625
0 0.23984375 0.82734375 0.0734375 0.0390625
0 0.2453125 0.86171875 0.071875 0.0375
0 0.2484375 0.89921875 0.0703125 0.0390625