0 0.26875 0.55625 0.04296875 0.0890625
0 0.2796875 0.3703125 0.0375 0.09921875
0 0.31484375 0.36796875 0.0375 0.09921875
0 0.3015625 0.55546875 0.03984375 0.0890625
0 0.24453125 0.37109375 0.040625 0.09921875
0 0.28046875 0.46328125 0.0390625 0.09140625
0 0.38046875 0.4625 0.034375 0.08984375
0 0.54375 0.27578125 0.034375 0.10078125
0 0.34921875 0.36796875 0.0375 0.0984375
0 0.39765625 0.5515625 0.0328125 0.0859375
0 0.196875 0.56015625 0.04375 0.090625
0 0.33828125 0.26875 0.0375 0.103125
0 0.5125 0.27265625 0.034375 0.10078125
0 0.30234375 0.2671875 0.03828125 0.10546875
0 0.43046875 0.55234375 0.0328125 0.08515625
0 0.58984375 0.459375 0.03203125 0.0875
0 0.16171875 0.5609375 0.04765625 0.08984375
0 0.41484375 0.3703125 0.034375 0.096875
0 0.44375 0.2703125 0.03515625 0.10390625
0 0.3125 0.46328125 0.0359375 0.090625
0 0.36484375 0.553125 0.0359375 0.0875
0 0.475 0.2734375 0.03359375 0.1015625
0 0.15625 0.2640625 0.04140625 0.11171875
0 0.41015625 0.2671875 0.0359375 0.10546875
0 0.66796875 0.2796875 0.03125 0.096875
0 0.2328125 0.5578125 0.040625 0.0890625
0 0.4484375 0.36796875 0.034375 0.0953125
0 0.23984375 0.64609375 0.03828125 0.0859375
0 0.26484375 0.26328125 0.0390625 0.10625
0 0.21484375 0.46484375 0.0390625 0.09453125
0 0.603125 0.275 0.0328125 0.0984375
0 0.34609375 0.4640625 0.034375 0.090625
0 0.4125 0.46328125 0.03203125 0.090625
0 0.38203125 0.3703125 0.03515625 0.09765625
0 0.39921875 0.63828125 0.03203125 0.0828125
0 0.33515625 0.5546875 0.0375 0.08828125
0 0.23046875 0.265625 0.040625 0.1078125
0 0.19140625 0.26484375 0.04140625 0.1109375
0 0.62109375 0.4609375 0.03203125 0.0859375
0 0.17265625 0.64765625 0.0453125 0.0875
0 0.6359375 0.278125 0.0328125 0.09765625
0 0.334375 0.72109375 0.03671875 0.07890625
0 0.4796875 0.36875 0.034375 0.09453125
0 0.428125 0.7140625 0.0328125 0.07734375
0 0.24609375 0.46484375 0.03671875 0.09375
0 0.178125 0.465625 0.03984375 0.09453125
0 0.3640625 0.71796875 0.0359375 0.0796875
0 0.56171875 0.4609375 0.03046875 0.08671875
0 0.33828125 0.64140625 0.034375 0.0828125
0 0.57421875 0.27734375 0.03203125 0.10078125
0 0.39453125 0.7171875 0.034375 0.07734375
0 0.240625 0.72890625 0.03828125 0.0828125
0 0.51484375 0.63046875 0.03046875 0.0796875
0 0.678125 0.4625 0.03046875 0.08515625
0 0.53359375 0.46171875 0.03359375 0.08671875
0 0.65234375 0.46015625 0.03203125 0.0859375
0 0.45859375 0.63203125 0.03203125 0.08046875
0 0.303125 0.72265625 0.03828125 0.07890625
0 0.5453125 0.62890625 0.0296875 0.08046875
0 0.57109375 0.62734375 0.02890625 0.0796875
0 0.45703125 0.55078125 0.03125 0.08515625
0 0.5734375 0.546875 0.03046875 0.084375
0 0.36640625 0.6359375 0.0328125 0.08125
0 0.48984375 0.55 0.03125 0.08515625
0 0.37421875 0.79296875 0.03359375 0.07421875
0 0.6015625 0.62578125 0.0296875 0.078125
0 0.43046875 0.634375 0.03359375 0.08203125
0 0.27421875 0.64375 0.0375 0.08515625
0 0.37109375 0.265625 0.03671875 0.10546875
0 0.6375 0.3703125 0.03125 0.0890625
0 0.121875 0.56171875 0.05078125 0.09140625
0 0.5140625 0.371875 0.03203125 0.09375
0 0.34453125 0.79609375 0.0359375 0.0765625
0 0.546875 0.371875 0.0328125 0.09296875
0 0.2078125 0.3703125 0.040625 0.10078125
0 0.70078125 0.28125 0.0328125 0.09453125
0 0.2078125 0.64765625 0.040625 0.0859375
0 0.48828125 0.63203125 0.03125 0.08203125
0 0.54609375 0.5484375 0.0296875 0.08515625
0 0.30859375 0.64375 0.034375 0.08515625
0 0.1703125 0.36953125 0.04375 0.10234375
0 0.5171875 0.54921875 0.03125 0.08515625
0 0.17421875 0.734375 0.04296875 0.0859375
0 0.7078125 0.4625 0.03125 0.08515625
0 0.3109375 0.7984375 0.0359375 0.0765625
0 0.734375 0.459375 0.03359375 0.084375
0 0.0984375 0.365625 0.0515625 0.10703125
0 0.60390625 0.54765625 0.03203125 0.084375
0 0.665625 0.37421875 0.03046875 0.090625
0 0.1421875 0.46640625 0.04296875 0.096875
0 0.45546875 0.715625 0.0328125 0.0828125
0 0.62734375 0.625 0.03125 0.07734375
0 0.28125 0.8015625 0.0390625 0.078125
0 0.4421875 0.4625 0.034375 0.0890625
0 0.209375 0.73203125 0.03828125 0.084375
0 0.72109375 0.37578125 0.0296875 0.08828125
0 0.5125 0.709375 0.03125 0.075
0 0.275 0.72421875 0.0375 0.0796875
0 0.10703125 0.46640625 0.0453125 0.096875
0 0.4015625 0.79140625 0.03203125 0.0734375
0 0.65546875 0.625 0.03125 0.07578125
0 0.1328125 0.653125 0.04765625 0.08671875
0 0.7828125 0.28515625 0.0359375 0.09375
0 0.746875 0.37578125 0.03046875 0.08828125
0 0.69609375 0.371875 0.03046875 0.0890625
0 0.1578125 0.81796875 0.04609375 0.08515625
0 0.5015625 0.4609375 0.0296875 0.08828125
0 0.13515625 0.36640625 0.0453125 0.10390625
0 0.7359375 0.54453125 0.03046875 0.08125
0 0.7890625 0.459375 0.0328125 0.08359375
0 0.684375 0.546875 0.03125 0.08359375
0 0.65859375 0.54765625 0.0296875 0.084375
0 0.4828125 0.70859375 0.03046875 0.07890625
0 0.7125 0.5453125 0.03046875 0.08203125
0 0.5421875 0.70703125 0.03203125 0.07890625
0 0.25 0.81015625 0.03984375 0.07890625
0 0.7765625 0.3765625 0.03203125 0.0875
0 0.765625 0.54375 0.03203125 0.08125
0 0.1390625 0.7375 0.04453125 0.08359375
0 0.81484375 0.28515625 0.034375 0.09375
0 0.6484375 0.7 0.0328125 0.07734375
0 0.7625 0.45859375 0.0296875 0.084375
0 0.75625 0.2828125 0.03515625 0.0953125
0 0.6328125 0.5453125 0.0296875 0.084375
0 0.4703125 0.46171875 0.0328125 0.0890625
0 0.1859375 0.815625 0.04296875 0.08046875
0 0.56875 0.70390625 0.02890625 0.07578125
0 0.68046875 0.61953125 0.03046875 0.07734375
0 0.6015625 0.3703125 0.03046875 0.09140625
0 0.7265625 0.28125 0.0328125 0.09609375
0 0.115625 0.26171875 0.04765625 0.115625
0 0.80390625 0.37578125 0.03046875 0.08671875
0 0.8265625 0.3765625 0.03203125 0.0859375
0 0.621875 0.70078125 0.02890625 0.07578125
0 0.59609375 0.703125 0.03203125 0.07578125
0 0.57578125 0.37265625 0.03125 0.0921875
0 0.78984375 0.54375 0.0296875 0.08359375
0 0.6734375 0.69765625 0.03125 0.07421875
0 0.7015625 0.69765625 0.03125 0.07265625
0 0.70546875 0.61875 0.03125 0.07890625
0 0.725 0.69296875 0.03125 0.0703125
0 0.7328125 0.6203125 0.028125 0.07734375
0 0.078125 0.26171875 0.05703125 0.11484375
0 0.43203125 0.78984375 0.03203125 0.0765625
0 0.80234375 0.6890625 0.03515625 0.071875
0 0.7515625 0.69140625 0.03515625 0.071875
0 0.7765625 0.6921875 0.0359375 0.071875
0 0.83828125 0.2859375 0.0359375 0.09140625
0 0.86328125 0.2859375 0.03828125 0.090625
0 0.88984375 0.2875 0.0421875 0.0875
0 0.9140625 0.2890625 0.04140625 0.08984375
0 0.93984375 0.2890625 0.03515625 0.090625
0 0.9625 0.290625 0.040625 0.0890625
0 0.8515625 0.375 0.03359375 0.084375
0 0.878125 0.37421875 0.03359375 0.0828125
0 0.903125 0.37578125 0.0359375 0.08203125
0 0.92734375 0.37578125 0.0359375 0.0828125
0 0.95 0.37734375 0.0359375 0.084375
0 0.81640625 0.45859375 0.0359375 0.0828125
0 0.84140625 0.45859375 0.0375 0.08125
0 0.86796875 0.4578125 0.0328125 0.0796875
0 0.890625 0.45703125 0.0375 0.0828125
0 0.915625 0.45859375 0.040625 0.078125
0 0.9390625 0.45703125 0.040625 0.07890625
0 0.815625 0.53984375 0.03046875 0.0796875
0 0.840625 0.53828125 0.03515625 0.07734375
0 0.8640625 0.53828125 0.034375 0.0796875
0 0.88828125 0.53671875 0.03203125 0.0796875
0 0.91015625 0.5359375 0.034375 0.08125
0 0.934375 0.53515625 0.03203125 0.07734375
0 0.784375 0.61796875 0.03515625 0.07890625
0 0.81015625 0.61640625 0.0359375 0.07578125
0 0.8328125 0.615625 0.03203125 0.0765625
0 0.85859375 0.61328125 0.03125 0.07734375
0 0.8796875 0.61328125 0.03203125 0.07734375
0 0.90546875 0.6125 0.040625 0.07734375
0 0.93046875 0.6109375 0.03671875 0.07734375
0 0.82734375 0.68828125 0.03046875 0.071875
0 0.85234375 0.6859375 0.03359375 0.07265625
0 0.8765625 0.6859375 0.0359375 0.07109375
0 0.8984375 0.6859375 0.03359375 0.07265625
0 0.9203125 0.68359375 0.03359375 0.0703125
0 0.21875 0.81015625 0.04296875 0.07890625
0 0.4578125 0.7859375 0.034375 0.078125
0 0.54296875 0.77734375 0.0328125 0.07109375
0 0.51484375 0.7796875 0.03203125 0.07265625
0 0.48671875 0.7828125 0.0265625 0.071875
0 0.56953125 0.77578125 0.02734375 0.0734375
0 0.59609375 0.775 0.028125 0.075
0 0.62265625 0.771875 0.02890625 0.07734375
0 0.646875 0.7703125 0.02578125 0.075
0 0.67265625 0.76796875 0.02890625 0.07421875
0 0.696875 0.76640625 0.03125 0.0734375
0 0.72265625 0.7640625 0.03125 0.071875
0 0.74609375 0.76171875 0.03203125 0.0703125
0 0.77265625 0.76171875 0.03203125 0.071875
0 0.79765625 0.759375 0.028125 0.07109375
0 0.8234375 0.75703125 0.028125 0.0703125
0 0.8421875 0.75546875 0.03203125 0.06875
0 0.86484375 0.75390625 0.03203125 0.0640625
0 0.8875 0.75234375 0.03203125 0.06875
0 0.91171875 0.75078125 0.0390625 0.06953125
0 0.759375 0.6171875 0.034375 0.0765625