0 0.4859375 0.61875 0.0328125 0.078125
0 0.3859375 0.53046875 0.03125 0.0796875
0 0.36640625 0.44765625 0.03125 0.08125
0 0.5609375 0.46171875 0.0359375 0.08125
0 0.30390625 0.52265625 0.0296875 0.078125
0 0.51171875 0.6203125 0.034375 0.078125
0 0.525 0.5453125 0.034375 0.08125
0 0.225 0.51875 0.028125 0.0796875
0 0.578125 0.546875 0.034375 0.08125
0 0.50390625 0.45859375 0.0328125 0.08125
0 0.465625 0.53828125 0.03125 0.078125
0 0.62421875 0.63046875 0.034375 0.078125
0 0.4296875 0.36953125 0.0328125 0.0875
0 0.23359375 0.35703125 0.03125 0.084375
0 0.56640625 0.6234375 0.034375 0.078125
0 0.41171875 0.534375 0.03125 0.078125
0 0.54140625 0.62109375 0.034375 0.078125
0 0.2296875 0.440625 0.028125 0.08125
0 0.2 0.5171875 0.028125 0.0796875
0 0.39296875 0.45078125 0.03125 0.08125
0 0.4859375 0.3734375 0.0375 0.0890625
0 0.58828125 0.4625 0.0375 0.084375
0 0.5515625 0.546875 0.034375 0.08125
0 0.3609375 0.52890625 0.03125 0.078125
0 0.24453125 0.596875 0.0296875 0.075
0 0.40390625 0.609375 0.03125 0.078125
0 0.27890625 0.52109375 0.0296875 0.078125
0 0.28359375 0.44609375 0.03125 0.084375
0 0.4546875 0.371875 0.034375 0.0875
0 0.440625 0.534375 0.0328125 0.078125
0 0.53359375 0.46015625 0.034375 0.0828125
0 0.596875 0.62734375 0.034375 0.078125
0 0.4765625 0.45703125 0.03125 0.0828125
0 0.3984375 0.36875 0.03125 0.0875
0 0.44765625 0.4546875 0.034375 0.084375
0 0.4953125 0.540625 0.0328125 0.078125
0 0.3375 0.44765625 0.03125 0.0828125
0 0.4734375 0.690625 0.0328125 0.0734375
0 0.5140625 0.375 0.0359375 0.0875
0 0.4484375 0.6890625 0.03125 0.0734375
0 0.61015625 0.55 0.0375 0.08125
0 0.25390625 0.44375 0.0296875 0.0828125
0 0.26328125 0.3578125 0.03125 0.084375
0 0.45703125 0.615625 0.03125 0.078125
0 0.25 0.51875 0.0296875 0.078125
0 0.5296875 0.69765625 0.0375 0.075
0 0.309375 0.446875 0.0296875 0.0828125
0 0.37890625 0.6078125 0.03125 0.078125
0 0.43125 0.609375 0.0296875 0.08125
0 0.33203125 0.52890625 0.03125 0.0796875
0 0.42109375 0.4515625 0.03125 0.08125
0 0.66640625 0.553125 0.040625 0.084375
0 0.28828125 0.3625 0.03125 0.084375
0 0.7125 0.6390625 0.0421875 0.078125
0 0.37265625 0.3671875 0.03125 0.0875
0 0.50234375 0.69609375 0.034375 0.075
0 0.61796875 0.4640625 0.0359375 0.084375
0 0.21953125 0.5953125 0.0296875 0.075
0 0.20390625 0.4390625 0.028125 0.08125
0 0.35 0.60390625 0.0296875 0.078125
0 0.60234375 0.37734375 0.040625 0.090625
0 0.27421875 0.5984375 0.03125 0.075
0 0.5703125 0.378125 0.040625 0.0875
0 0.13671875 0.18125 0.109375 0.021875
0 0.72734375 0.5578125 0.040625 0.084375
0 0.2078125 0.3546875 0.0296875 0.0875
0 0.78359375 0.38828125 0.0484375 0.090625
0 0.6515625 0.4671875 0.0375 0.084375
0 0.43984375 0.75703125 0.034375 0.075
0 0.63046875 0.3796875 0.04375 0.0890625
0 0.184375 0.35390625 0.03125 0.0875
0 0.7203125 0.38515625 0.0453125 0.0875
0 0.171875 0.515625 0.028125 0.078125
0 0.36640625 0.75 0.0421875 0.0734375
0 0.3171875 0.3640625 0.0296875 0.0875
0 0.4640625 0.7609375 0.034375 0.0734375
0 0.6359375 0.55078125 0.0375 0.08125
0 0.55546875 0.7 0.0375 0.075
0 0.7515625 0.38515625 0.0453125 0.090625
0 0.69765625 0.5546875 0.04375 0.0828125
0 0.32421875 0.603125 0.03125 0.078125
0 0.59921875 0.703125 0.059375 0.0734375
0 0.17734375 0.434375 0.034375 0.08125
0 0.734375 0.20234375 0.134375 0.03125
0 0.68203125 0.63203125 0.0375 0.08125
0 0.34296875 0.359375 0.03125 0.0890625
0 0.1515625 0.35234375 0.03125 0.0859375
0 0.471875 0.3125 0.11875 0.03125
0 0.2703125 0.6703125 0.028125 0.075
0 0.7375 0.475 0.04375 0.084375
0 0.4921875 0.765625 0.034375 0.071875
0 0.8 0.47734375 0.0390625 0.0890625
0 0.09609375 0.58203125 0.03125 0.078125
0 0.6546875 0.6296875 0.034375 0.0796875
0 0.58125 0.70234375 0.0390625 0.075
0 0.7875 0.5625 0.05 0.084375
0 0.19140625 0.59296875 0.028125 0.0765625
0 0.54296875 0.37734375 0.0359375 0.0859375
0 0.70625 0.47109375 0.040625 0.084375
0 0.41328125 0.75625 0.0328125 0.075
0 0.72421875 0.275 0.13125 0.025
0 0.37265625 0.6796875 0.03125 0.0734375
0 0.73671875 0.22734375 0.13125 0.034375
0 0.73984375 0.640625 0.04375 0.0796875
0 0.8828125 0.203125 0.1390625 0.04375
0 0.1203125 0.58515625 0.03125 0.078125
0 0.134375 0.20625 0.1109375 0.0265625
0 0.134375 0.228125 0.109375 0.028125
0 0.1328125 0.25234375 0.10625 0.028125
0 0.13515625 0.27578125 0.10625 0.0296875
0 0.13515625 0.29765625 0.10625 0.0296875
0 0.246875 0.1875 0.1140625 0.03125
0 0.24765625 0.21171875 0.1125 0.0265625
0 0.2453125 0.23515625 0.1125 0.0265625
0 0.24375 0.2578125 0.1125 0.0296875
0 0.24453125 0.28046875 0.1125 0.0296875
0 0.2421875 0.303125 0.109375 0.0296875
0 0.36171875 0.18984375 0.1171875 0.0296875
0 0.3609375 0.2140625 0.11875 0.028125
0 0.36015625 0.2390625 0.11875 0.0296875
0 0.3578125 0.26171875 0.115625 0.028125
0 0.35703125 0.2859375 0.115625 0.0296875
0 0.3546875 0.3078125 0.115625 0.028125
0 0.484375 0.19140625 0.121875 0.03125
0 0.48046875 0.2171875 0.121875 0.0296875
0 0.478125 0.24140625 0.121875 0.03125
0 0.4734375 0.26484375 0.11875 0.0265625
0 0.47265625 0.290625 0.1203125 0.028125
0 0.60703125 0.19921875 0.128125 0.03125
0 0.60625 0.22421875 0.125 0.03125
0 0.60390625 0.2484375 0.125 0.028125
0 0.59765625 0.27265625 0.125 0.028125
0 0.59453125 0.29609375 0.121875 0.03125
0 0.5875 0.31796875 0.125 0.03125
0 0.7296875 0.253125 0.1265625 0.028125
0 0.71796875 0.30078125 0.13125 0.028125
0 0.7125 0.325 0.128125 0.028125
0 0.878125 0.23125 0.1390625 0.0390625
0 0.859375 0.2578125 0.13125 0.034375
0 0.853125 0.28203125 0.134375 0.03125
0 0.8484375 0.30546875 0.13125 0.034375
0 0.8390625 0.3328125 0.1328125 0.0296875
0 0.9328125 0.29921875 0.075 0.096875
0 0.91328125 0.39453125 0.0578125 0.09375
0 0.88203125 0.39296875 0.0578125 0.0921875
0 0.8484375 0.3921875 0.053125 0.090625
0 0.81953125 0.38828125 0.053125 0.0875
0 0.66171875 0.37890625 0.0484375 0.0875
0 0.69296875 0.38125 0.046875 0.0875
0 0.12578125 0.35078125 0.028125 0.0890625
0 0.1 0.3484375 0.0296875 0.08125
0 0.096875 0.4296875 0.028125 0.0828125
0 0.12265625 0.43046875 0.025 0.0828125
0 0.14765625 0.43125 0.028125 0.08125
0 0.096875 0.5078125 0.0296875 0.078125
0 0.12109375 0.50859375 0.025 0.08125
0 0.1453125 0.51015625 0.028125 0.08125
0 0.14375 0.58671875 0.028125 0.078125
0 0.1671875 0.5875 0.0265625 0.078125
0 0.296875 0.596875 0.028125 0.0765625
0 0.67890625 0.46796875 0.04375 0.0875
0 0.76953125 0.4765625 0.05 0.0859375
0 0.8296875 0.478125 0.053125 0.0875
0 0.86171875 0.48046875 0.053125 0.08125
0 0.8921875 0.48359375 0.053125 0.0875
0 0.87734375 0.5671875 0.05 0.0828125
0 0.84609375 0.565625 0.0484375 0.08125
0 0.815625 0.56328125 0.05 0.08125
0 0.75546875 0.55859375 0.05 0.08125
0 0.85859375 0.64921875 0.05 0.078125
0 0.8265625 0.64609375 0.046875 0.078125
0 0.7984375 0.64453125 0.05 0.08125
0 0.76875 0.64375 0.046875 0.08125
0 0.84140625 0.72734375 0.05 0.078125
0 0.81171875 0.72421875 0.0484375 0.078125
0 0.78125 0.72109375 0.046875 0.075
0 0.7515625 0.71640625 0.04375 0.078125
0 0.725 0.7140625 0.04375 0.075
0 0.69453125 0.7125 0.0453125 0.078125
0 0.66484375 0.70859375 0.0421875 0.075
0 0.6375 0.70546875 0.040625 0.0765625
0 0.421875 0.684375 0.0328125 0.075
0 0.396875 0.68046875 0.034375 0.071875
0 0.34609375 0.6765625 0.0296875 0.071875
0 0.31640625 0.67421875 0.034375 0.071875
0 0.29296875 0.67109375 0.03125 0.0734375
0 0.24296875 0.66640625 0.03125 0.071875
0 0.2171875 0.66640625 0.028125 0.071875
0 0.19140625 0.66484375 0.0265625 0.071875
0 0.16640625 0.66171875 0.025 0.0734375
0 0.14140625 0.6578125 0.0265625 0.0703125
0 0.11875 0.65625 0.0265625 0.071875
0 0.0953125 0.65390625 0.025 0.0734375
0 0.09140625 0.721875 0.0265625 0.071875
0 0.115625 0.725 0.028125 0.06875
0 0.13984375 0.72578125 0.025 0.06875
0 0.1640625 0.7296875 0.028125 0.06875
0 0.18828125 0.73046875 0.0296875 0.06875
0 0.2140625 0.73046875 0.0296875 0.06875
0 0.23984375 0.7328125 0.028125 0.0703125
0 0.2640625 0.7359375 0.025 0.06875
0 0.28671875 0.73828125 0.0296875 0.071875
0 0.31171875 0.74140625 0.025 0.0703125
0 0.3375 0.7453125 0.0296875 0.06875
0 0.3890625 0.74921875 0.034375 0.06875
0 0.51796875 0.76640625 0.0375 0.071875
0 0.54296875 0.76875 0.0359375 0.071875
0 0.56953125 0.77265625 0.0375 0.0703125
0 0.596875 0.7734375 0.0375 0.0671875
0 0.62421875 0.7765625 0.040625 0.071875
0 0.65234375 0.77890625 0.040625 0.071875
0 0.68046875 0.7828125 0.040625 0.0734375
0 0.70859375 0.78671875 0.0421875 0.075
0 0.73671875 0.78828125 0.040625 0.0734375
0 0.76328125 0.790625 0.0421875 0.071875
0 0.79375 0.7953125 0.046875 0.075
0 0.8203125 0.796875 0.046875 0.0734375