0 0.33359375 0.50234375 0.1640625 0.1296875
0 0.159375 0.50625 0.16796875 0.1328125
0 0.334375 0.3734375 0.1578125 0.13125
0 0.14609375 0.63203125 0.16796875 0.140625
0 0.68671875 0.37109375 0.16953125 0.13515625
0 0.32578125 0.6328125 0.16484375 0.14296875
0 0.5109375 0.371875 0.1625 0.13046875
0 0.678125 0.49375 0.175 0.13515625
0 0.5015625 0.63125 0.1734375 0.1453125
0 0.509375 0.496875 0.16640625 0.1296875
0 0.88359375 0.63203125 0.19765625 0.1515625
0 0.87109375 0.49921875 0.1921875 0.1375
0 0.17734375 0.37890625 0.16015625 0.125
0 0.68671875 0.63203125 0.1796875 0.1484375
0 0.8703125 0.365625 0.18125 0.13515625