0 0.32109375 0.41171875 0.0875 0.034375
0 0.32265625 0.52734375 0.090625 0.0390625
0 0.32421875 0.56015625 0.090625 0.0375
0 0.32265625 0.49765625 0.090625 0.0359375
0 0.32734375 0.7625 0.1 0.046875
0 0.321875 0.43984375 0.0890625 0.0328125
0 0.6296875 0.86484375 0.0984375 0.046875
0 0.6109375 0.6890625 0.090625 0.040625
0 0.321875 0.46796875 0.090625 0.0375
0 0.52421875 0.76796875 0.096875 0.04375
0 0.5 0.4703125 0.0875 0.0375
0 0.3234375 0.590625 0.09375 0.040625
0 0.684375 0.50859375 0.0875 0.0375
0 0.41875 0.54921875 0.090625 0.0375
0 0.51484375 0.66328125 0.0921875 0.040625
0 0.421875 0.646875 0.0921875 0.04375
0 0.7 0.63828125 0.09375 0.040625
0 0.61484375 0.72109375 0.09375 0.0390625
0 0.40234375 0.2640625 0.08125 0.03125
0 0.4234375 0.68046875 0.09375 0.04375
0 0.7046875 0.66875 0.0921875 0.040625
0 0.51640625 0.69765625 0.090625 0.040625
0 0.49140625 0.328125 0.084375 0.03125
0 0.52734375 0.803125 0.096875 0.046875
0 0.62265625 0.78984375 0.096875 0.04375
0 0.59296875 0.496875 0.0875 0.0359375
0 0.41015625 0.3984375 0.0859375 0.034375
0 0.5875 0.43671875 0.084375 0.0359375
0 0.403125 0.2890625 0.08125 0.028125
0 0.40625 0.371875 0.084375 0.034375
0 0.48984375 0.29765625 0.084375 0.0296875
0 0.5 0.44140625 0.0875 0.034375
0 0.4015625 0.234375 0.0828125 0.0328125
0 0.5734375 0.3265625 0.084375 0.03125
0 0.41953125 0.58203125 0.09375 0.040625
0 0.42578125 0.75 0.096875 0.046875
0 0.328125 0.80078125 0.1 0.05
0 0.62421875 0.825 0.0984375 0.046875
0 0.6296875 0.90234375 0.1 0.053125
0 0.32734375 0.725 0.1 0.04375
0 0.61875 0.75703125 0.0953125 0.040625
0 0.58671875 0.465625 0.084375 0.034375
0 0.42578125 0.71640625 0.09375 0.04375
0 0.69296875 0.56953125 0.0890625 0.0375
0 0.5640625 0.21484375 0.08125 0.034375
0 0.6859375 0.5421875 0.0875 0.0375
0 0.32578125 0.6578125 0.0953125 0.040625
0 0.4875 0.2734375 0.0828125 0.028125
0 0.31796875 0.38125 0.0890625 0.034375
0 0.609375 0.6546875 0.0921875 0.0375
0 0.51171875 0.62734375 0.090625 0.040625
0 0.721875 0.8125 0.096875 0.046875
0 0.6921875 0.60390625 0.0890625 0.0390625
0 0.415625 0.515625 0.090625 0.0375
0 0.4859375 0.24921875 0.08125 0.03125
0 0.325 0.62265625 0.09375 0.040625
0 0.60546875 0.61875 0.09375 0.040625
0 0.72578125 0.846875 0.0984375 0.053125
0 0.6015625 0.5890625 0.090625 0.0375
0 0.496875 0.4125 0.0875 0.0328125
0 0.42109375 0.61328125 0.09375 0.040625
0 0.571875 0.296875 0.084375 0.03125
0 0.40390625 0.31640625 0.084375 0.03125
0 0.5296875 0.84140625 0.1 0.05
0 0.70703125 0.7078125 0.090625 0.04375
0 0.49296875 0.35390625 0.0875 0.03125
0 0.503125 0.503125 0.090625 0.034375
0 0.5984375 0.55546875 0.0890625 0.0390625
0 0.5953125 0.528125 0.0875 0.0375
0 0.328125 0.690625 0.096875 0.0390625
0 0.6734375 0.4484375 0.0890625 0.034375
0 0.6703125 0.421875 0.0875 0.034375
0 0.32890625 0.83515625 0.1 0.0515625
0 0.67890625 0.4796875 0.0890625 0.0359375
0 0.41484375 0.4875 0.0890625 0.034375
0 0.32890625 0.87265625 0.103125 0.053125
0 0.534375 0.88046875 0.1 0.053125
0 0.52421875 0.734375 0.0953125 0.0453125
0 0.40546875 0.3421875 0.084375 0.0328125
0 0.50859375 0.59765625 0.09375 0.040625
0 0.56484375 0.24296875 0.084375 0.0328125
0 0.56875 0.271875 0.0828125 0.0296875
0 0.4078125 0.43046875 0.0859375 0.0359375
0 0.5828125 0.41015625 0.0859375 0.034375
0 0.5328125 0.91953125 0.1015625 0.0578125
0 0.72890625 0.8875 0.1 0.05
0 0.42734375 0.784375 0.0984375 0.046875
0 0.48515625 0.2203125 0.08125 0.0296875
0 0.41015625 0.45625 0.0890625 0.034375
0 0.4359375 0.940625 0.103125 0.053125
0 0.7171875 0.77421875 0.0953125 0.04375
0 0.66015625 0.3375 0.084375 0.03125
0 0.57578125 0.353125 0.0828125 0.0328125
0 0.50625 0.56484375 0.090625 0.04375
0 0.75703125 0.4140625 0.0875 0.0390625
0 0.7140625 0.74453125 0.1 0.040625
0 0.33203125 0.91015625 0.10625 0.046875
0 0.3171875 0.32734375 0.0875 0.0375
0 0.43125 0.86171875 0.1 0.0484375
0 0.49453125 0.3828125 0.0875 0.03125
0 0.6578125 0.31171875 0.0875 0.034375
0 0.47109375 0.10546875 0.0796875 0.0265625
0 0.4 0.2125 0.0828125 0.03125
0 0.32109375 0.35 0.0875 0.034375
0 0.428125 0.81875 0.1 0.0484375
0 0.66171875 0.365625 0.0859375 0.03125
0 0.3203125 0.24453125 0.0875 0.0296875
0 0.32890625 0.9546875 0.10625 0.0546875
0 0.3203125 0.2953125 0.0875 0.03125
0 0.31953125 0.2203125 0.0859375 0.03125
0 0.39765625 0.1859375 0.084375 0.03125
0 0.66640625 0.39609375 0.0875 0.034375
0 0.76796875 0.47265625 0.0875 0.0359375
0 0.5609375 0.1859375 0.0828125 0.03125
0 0.7609375 0.4421875 0.084375 0.0390625
0 0.42890625 0.8984375 0.103125 0.05625
0 0.3171875 0.26953125 0.084375 0.0328125
0 0.3140625 0.1953125 0.0859375 0.028125
0 0.315625 0.17109375 0.0828125 0.025
0 0.31484375 0.1484375 0.08125 0.028125
0 0.3140625 0.12578125 0.0828125 0.028125
0 0.31484375 0.10234375 0.0796875 0.0234375
0 0.39609375 0.16328125 0.08125 0.0265625
0 0.3953125 0.1421875 0.078125 0.0265625
0 0.39453125 0.11796875 0.078125 0.028125
0 0.39140625 0.09375 0.078125 0.025
0 0.47890625 0.1953125 0.08125 0.03125
0 0.4765625 0.17265625 0.08125 0.028125
0 0.475 0.15 0.08125 0.028125
0 0.47265625 0.12890625 0.0796875 0.025
0 0.4703125 0.084375 0.078125 0.025
0 0.50390625 0.53515625 0.0890625 0.04375
0 0.55625 0.16640625 0.08125 0.028125
0 0.553125 0.14453125 0.078125 0.03125
0 0.5515625 0.12109375 0.078125 0.0328125
0 0.54921875 0.096875 0.08125 0.028125
0 0.546875 0.07265625 0.078125 0.028125
0 0.57734375 0.38125 0.084375 0.034375
0 0.65078125 0.28515625 0.08125 0.0375
0 0.64765625 0.25859375 0.08125 0.03125
0 0.64453125 0.2328125 0.08125 0.034375
0 0.64140625 0.2078125 0.0796875 0.0328125
0 0.63671875 0.18515625 0.078125 0.034375
0 0.634375 0.16015625 0.078125 0.028125
0 0.63125 0.13671875 0.075 0.03125
0 0.62890625 0.11171875 0.0765625 0.028125
0 0.6265625 0.090625 0.08125 0.028125
0 0.62265625 0.0671875 0.075 0.03125
0 0.8296875 0.871875 0.1 0.05625
0 0.821875 0.83515625 0.103125 0.0578125
0 0.81484375 0.7984375 0.1 0.059375
0 0.81015625 0.7625 0.096875 0.05625
0 0.8015625 0.72734375 0.096875 0.05625
0 0.79609375 0.69453125 0.0953125 0.053125
0 0.79453125 0.6625 0.0984375 0.053125
0 0.7890625 0.62734375 0.096875 0.046875
0 0.7828125 0.59375 0.0921875 0.046875
0 0.775 0.5625 0.09375 0.046875
0 0.77109375 0.53203125 0.0953125 0.04375
0 0.76484375 0.5015625 0.0921875 0.040625
0 0.7484375 0.38515625 0.090625 0.0421875
0 0.74375 0.36015625 0.0875 0.0421875
0 0.73828125 0.33125 0.0875 0.0359375
0 0.73359375 0.30390625 0.0875 0.034375
0 0.73046875 0.278125 0.084375 0.0359375
0 0.7265625 0.25234375 0.0828125 0.03125
0 0.72109375 0.22578125 0.08125 0.0328125
0 0.71796875 0.20234375 0.0875 0.0375
0 0.71328125 0.1765625 0.0875 0.03125
0 0.709375 0.1546875 0.0875 0.028125
0 0.7046875 0.134375 0.0859375 0.034375
0 0.703125 0.10859375 0.0828125 0.03125
0 0.6984375 0.0890625 0.0796875 0.0328125
0 0.69609375 0.06015625 0.0828125 0.028125
0 0.9234375 0.85703125 0.1015625 0.0625
0 0.9171875 0.81953125 0.09375 0.053125
0 0.909375 0.78359375 0.1 0.0515625
0 0.9015625 0.74921875 0.103125 0.053125
0 0.89375 0.71328125 0.0984375 0.05
0 0.88671875 0.67890625 0.096875 0.0515625
0 0.8796875 0.646875 0.09375 0.0484375
0 0.87265625 0.6140625 0.090625 0.0484375
0 0.865625 0.58125 0.09375 0.046875
0 0.8609375 0.55 0.0875 0.040625
0 0.8546875 0.51875 0.09375 0.040625
0 0.84765625 0.4890625 0.09375 0.040625
0 0.8421875 0.4609375 0.090625 0.0421875
0 0.8390625 0.43203125 0.0890625 0.040625
0 0.83203125 0.40546875 0.0875 0.040625
0 0.82890625 0.3796875 0.090625 0.0375
0 0.8234375 0.3515625 0.0875 0.0375
0 0.81640625 0.32265625 0.084375 0.034375
0 0.809375 0.296875 0.0875 0.034375
0 0.80625 0.2703125 0.0859375 0.0375
0 0.8015625 0.2453125 0.084375 0.0328125
0 0.79765625 0.2203125 0.0828125 0.0375
0 0.7953125 0.19375 0.08125 0.0328125
0 0.790625 0.16953125 0.0796875 0.03125
0 0.78671875 0.146875 0.08125 0.034375
0 0.7828125 0.12421875 0.078125 0.028125
0 0.77890625 0.10234375 0.075 0.03125
0 0.7765625 0.0765625 0.0703125 0.028125
0 0.771875 0.05703125 0.071875 0.028125