0 0.09375 0.69765625 0.09453125 0.03515625
0 0.18359375 0.696875 0.090625 0.0359375
0 0.0890625 0.72890625 0.0921875 0.03515625
0 0.69375 0.6984375 0.08203125 0.03515625
0 0.18125 0.728125 0.090625 0.03515625
0 0.84453125 0.5734375 0.075 0.03203125
0 0.1015625 0.6359375 0.09375 0.034375
0 0.08203125 0.79296875 0.096875 0.03671875
0 0.35546875 0.83125 0.08984375 0.03671875
0 0.08671875 0.76171875 0.09609375 0.0359375
0 0.375 0.9609375 0.02734375 0.07734375
0 0.121875 0.42890625 0.08828125 0.0328125
0 0.42421875 0.9625 0.028125 0.075
0 0.36328125 0.73359375 0.08828125 0.03515625
0 0.17734375 0.7609375 0.09375 0.03515625
0 0.35859375 0.7671875 0.0890625 0.03515625
0 0.45078125 0.703125 0.08515625 0.03125
0 0.0984375 0.66484375 0.0953125 0.03359375
0 0.76484375 0.54921875 0.08359375 0.0328125
0 0.27421875 0.72890625 0.09140625 0.0359375
0 0.765625 0.5765625 0.0828125 0.03203125
0 0.12421875 0.39921875 0.08671875 0.0296875
0 0.44765625 0.73046875 0.0859375 0.034375
0 0.28515625 0.5484375 0.0875 0.0359375
0 0.3703125 0.55703125 0.08359375 0.03515625
0 0.346875 0.95859375 0.02734375 0.08046875
0 0.27578125 0.6984375 0.090625 0.0359375
0 0.10234375 0.60234375 0.090625 0.034375
0 0.6890625 0.63984375 0.0828125 0.0328125
0 0.10390625 0.57109375 0.08984375 0.03515625
0 0.28125 0.60703125 0.08828125 0.0359375
0 0.11875 0.4546875 0.0890625 0.0328125
0 0.8453125 0.60390625 0.075 0.03203125
0 0.396875 0.9609375 0.025 0.07734375
0 0.76953125 0.63515625 0.08203125 0.03203125
0 0.36953125 0.58671875 0.08515625 0.0328125
0 0.45234375 0.56015625 0.08203125 0.03203125
0 0.1765625 0.79140625 0.09296875 0.03671875
0 0.1125 0.51328125 0.0890625 0.03359375
0 0.209375 0.4359375 0.0859375 0.03203125
0 0.2828125 0.57578125 0.08671875 0.0359375
0 0.609375 0.70546875 0.08125 0.03359375
0 0.69453125 0.728125 0.0828125 0.03359375
0 0.59921875 0.53671875 0.0765625 0.03125
0 0.35703125 0.796875 0.0890625 0.0359375
0 0.76796875 0.60625 0.0828125 0.034375
0 0.2640625 0.859375 0.0890625 0.04140625
0 0.453125 0.58671875 0.08125 0.03203125
0 0.4515625 0.671875 0.084375 0.0328125
0 0.190625 0.6375 0.090625 0.03203125
0 0.2 0.5171875 0.08828125 0.0328125
0 0.69453125 0.759375 0.08125 0.03671875
0 0.0796875 0.82890625 0.09609375 0.0359375
0 0.1140625 0.48515625 0.09140625 0.034375
0 0.1953125 0.575 0.08984375 0.03203125
0 0.84375 0.546875 0.075 0.03359375
0 0.1921875 0.60546875 0.08984375 0.03359375
0 0.1984375 0.546875 0.090625 0.0328125
0 0.353125 0.8640625 0.090625 0.04140625
0 0.190625 0.665625 0.090625 0.0328125
0 0.6078125 0.67421875 0.08046875 0.03125
0 0.32265625 0.9578125 0.028125 0.08203125
0 0.37109375 0.52890625 0.08125 0.034375
0 0.62109375 0.9546875 0.02890625 0.08671875
0 0.371875 0.5 0.08125 0.0328125
0 0.175 0.825 0.0921875 0.0390625
0 0.5953125 0.40078125 0.07734375 0.02890625
0 0.271875 0.7609375 0.0921875 0.0375
0 0.203125 0.49140625 0.08671875 0.028125
0 0.59921875 0.5625 0.07890625 0.02890625
0 0.690625 0.66796875 0.0828125 0.03203125
0 0.67578125 0.49921875 0.07734375 0.03125
0 0.6515625 0.95390625 0.02734375 0.0875
0 0.36796875 0.61328125 0.08359375 0.034375
0 0.3640625 0.7046875 0.0875 0.034375
0 0.20703125 0.46171875 0.08671875 0.03046875
0 0.67421875 0.475 0.0765625 0.03046875
0 0.6 0.5890625 0.08203125 0.03046875
0 0.07578125 0.8625 0.0984375 0.0375
0 0.453125 0.53359375 0.08203125 0.0328125
0 0.44765625 0.8 0.0875 0.03828125
0 0.2796875 0.6390625 0.0875 0.03515625
0 0.44921875 0.7640625 0.0875 0.03828125
0 0.453125 0.40078125 0.078125 0.02890625
0 0.10703125 0.54453125 0.08984375 0.03359375
0 0.67890625 0.553125 0.08359375 0.03203125
0 0.69921875 0.95390625 0.02734375 0.09140625
0 0.12578125 0.37421875 0.08671875 0.03203125
0 0.44765625 0.9625 0.02734375 0.075
0 0.225 0.9546875 0.0296875 0.0875
0 0.45234375 0.428125 0.07890625 0.0296875
0 0.59140625 0.95625 0.03125 0.08359375
0 0.84609375 0.63046875 0.07734375 0.0328125
0 0.72421875 0.95234375 0.03046875 0.09375
0 0.36875 0.6421875 0.084375 0.0328125
0 0.45234375 0.37734375 0.078125 0.02890625
0 0.19921875 0.9546875 0.02890625 0.08671875
0 0.6234375 0.86171875 0.08203125 0.03671875
0 0.6765625 0.525 0.08203125 0.0296875
0 0.45234375 0.48046875 0.08046875 0.03125
0 0.84921875 0.6609375 0.07890625 0.0328125
0 0.62109375 0.828125 0.07890625 0.0375
0 0.28984375 0.4625 0.08203125 0.03359375
0 0.6046875 0.6484375 0.08203125 0.03203125
0 0.775 0.696875 0.0828125 0.0359375
0 0.6734375 0.953125 0.02578125 0.08984375
0 0.69609375 0.7890625 0.08203125 0.03515625
0 0.2109375 0.41015625 0.08515625 0.03046875
0 0.17265625 0.95546875 0.028125 0.0859375
0 0.44609375 0.83203125 0.08984375 0.0375
0 0.61640625 0.7984375 0.08203125 0.0359375
0 0.1734375 0.85703125 0.09375 0.0375
0 0.29453125 0.95625 0.02734375 0.08359375
0 0.7765625 0.7265625 0.08203125 0.03515625
0 0.528125 0.61640625 0.02578125 0.10859375
0 0.59375 0.4546875 0.07734375 0.03046875
0 0.7796875 0.75703125 0.08203125 0.0375
0 0.590625 0.37734375 0.07578125 0.028125
0 0.2515625 0.9546875 0.028125 0.0875
0 0.45234375 0.453125 0.0796875 0.0296875
0 0.68359375 0.60546875 0.0828125 0.03125
0 0.278125 0.6671875 0.08828125 0.03515625
0 0.528125 0.5125 0.02265625 0.1
0 0.290625 0.4375 0.08203125 0.0328125
0 0.59296875 0.4296875 0.07734375 0.0296875
0 0.61015625 0.73359375 0.08203125 0.034375
0 0.2890625 0.49375 0.0828125 0.03203125
0 0.5953125 0.48125 0.078125 0.03203125
0 0.45234375 0.35 0.0765625 0.03046875
0 0.771875 0.66484375 0.08046875 0.03359375
0 0.853125 0.68828125 0.08046875 0.034375
0 0.45390625 0.50859375 0.08046875 0.02734375
0 0.8671875 0.78125 0.08203125 0.03671875
0 0.9015625 0.9453125 0.0328125 0.10703125
0 0.58984375 0.34921875 0.07578125 0.03046875
0 0.5953125 0.50703125 0.07734375 0.03203125
0 0.68359375 0.57890625 0.08203125 0.0328125
0 0.60234375 0.61796875 0.08125 0.03046875
0 0.37265625 0.47421875 0.08046875 0.03515625
0 0.2703125 0.7921875 0.090625 0.03828125
0 0.87890625 0.94765625 0.03671875 0.1015625
0 0.82734375 0.440625 0.0828125 0.028125
0 0.26640625 0.825 0.08984375 0.03984375
0 0.4515625 0.325 0.07578125 0.03046875
0 0.5484375 0.5140625 0.02421875 0.10078125
0 0.14921875 0.95546875 0.02890625 0.0859375
0 0.45390625 0.61328125 0.084375 0.03359375
0 0.8703125 0.81484375 0.08203125 0.03671875
0 0.37421875 0.39140625 0.0796875 0.03203125
0 0.21328125 0.378125 0.0828125 0.0296875
0 0.82109375 0.3921875 0.0765625 0.02890625
0 0.44921875 0.64609375 0.08359375 0.03203125
0 0.2875 0.521875 0.08671875 0.03359375
0 0.35546875 0.9 0.09609375 0.03828125
0 0.3671875 0.671875 0.0859375 0.034375
0 0.5046875 0.5125 0.01953125 0.1
0 0.29765625 0.37890625 0.08125 0.034375
0 0.29765625 0.41328125 0.08203125 0.0328125
0 0.446875 0.9015625 0.0921875 0.04140625
0 0.1375 0.29609375 0.0828125 0.03359375
0 0.37421875 0.44453125 0.08046875 0.03359375
0 0.27265625 0.95625 0.025 0.0875
0 0.1671875 0.89296875 0.0953125 0.03984375
0 0.86328125 0.75390625 0.08125 0.0328125
0 0.86015625 0.7203125 0.0796875 0.03671875
0 0.7484375 0.9515625 0.02734375 0.096875
0 0.5265625 0.93984375 0.028125 0.04609375
0 0.83046875 0.46484375 0.08203125 0.0296875
0 0.703125 0.81953125 0.08203125 0.03984375
0 0.62421875 0.89453125 0.08515625 0.03828125
0 0.0703125 0.8953125 0.0984375 0.0390625
0 0.53515625 0.73046875 0.02578125 0.12109375
0 0.50390625 0.6171875 0.02421875 0.1078125
0 0.83984375 0.515625 0.07734375 0.0328125
0 0.86953125 0.84453125 0.0859375 0.03671875
0 0.55 0.61640625 0.0265625 0.10703125
0 0.59140625 0.32578125 0.0734375 0.028125
0 0.37421875 0.36640625 0.078125 0.03359375
0 0.67265625 0.44609375 0.075 0.03125
0 0.7375 0.32421875 0.06796875 0.0265625
0 0.13515625 0.321875 0.08359375 0.03359375
0 0.784375 0.7859375 0.0859375 0.0359375
0 0.8109375 0.9484375 0.03046875 0.10234375
0 0.12734375 0.3453125 0.0875 0.0328125
0 0.82421875 0.41875 0.078125 0.025
0 0.49765625 0.9390625 0.02734375 0.04453125
0 0.2984375 0.353125 0.0796875 0.03515625
0 0.7890625 0.94921875 0.028125 0.1015625
0 0.61328125 0.76640625 0.0828125 0.03359375
0 0.84921875 0.9484375 0.02578125 0.1
0 0.2625 0.89453125 0.090625 0.0390625
0 0.55546875 0.9578125 0.03125 0.08046875
0 0.215625 0.353125 0.08203125 0.03359375
0 0.3734375 0.33984375 0.07734375 0.0328125
0 0.3 0.3046875 0.0765625 0.0328125
0 0.67109375 0.39296875 0.075 0.03125
0 0.37265625 0.4203125 0.08046875 0.03203125
0 0.76171875 0.51796875 0.08671875 0.034375
0 0.784375 0.81953125 0.08671875 0.03671875
0 0.70625 0.85234375 0.08203125 0.03984375
0 0.66796875 0.33984375 0.075 0.028125
0 0.83203125 0.9484375 0.0265625 0.1015625
0 0.7703125 0.95078125 0.02265625 0.0984375
0 0.51015625 0.7296875 0.0296875 0.12109375
0 0.81953125 0.36875 0.07734375 0.02734375
0 0.37421875 0.315625 0.0765625 0.03359375
0 0.83359375 0.49140625 0.08203125 0.028125
0 0.52109375 0.415625 0.02265625 0.09765625
0 0.7390625 0.34609375 0.06875 0.0234375
0 0.21640625 0.29921875 0.08125 0.03046875
0 0.21484375 0.3265625 0.08359375 0.03046875
0 0.2953125 0.328125 0.08125 0.0390625
0 0.5015625 0.31953125 0.021875 0.09609375
0 0.521875 0.3203125 0.02421875 0.09453125
0 0.54296875 0.31640625 0.02421875 0.09765625
0 0.5 0.41328125 0.0234375 0.0984375
0 0.5421875 0.4125 0.025 0.10078125
0 0.66328125 0.315625 0.075 0.021875
0 0.80390625 0.32265625 0.071875 0.02265625
0 0.80859375 0.34375 0.0734375 0.02265625
0 0.66796875 0.36484375 0.07578125 0.025
0 0.6703125 0.41796875 0.078125 0.025
0 0.74140625 0.36875 0.0734375 0.028125
0 0.74296875 0.39375 0.0765625 0.02734375
0 0.74609375 0.41875 0.0765625 0.03046875
0 0.746875 0.4453125 0.07578125 0.025
0 0.7515625 0.46953125 0.07890625 0.02890625
0 0.7546875 0.49296875 0.0796875 0.02109375
0 0.4453125 0.865625 0.09453125 0.03984375
0 0.55859375 0.72890625 0.03046875 0.12265625
0 0.5078125 0.85078125 0.02734375 0.13046875
0 0.534375 0.853125 0.028125 0.13515625
0 0.56171875 0.853125 0.02890625 0.13203125
0 0.7875 0.84609375 0.084375 0.040625
0 0.71015625 0.88515625 0.08671875 0.04453125
0 0.79296875 0.88125 0.0828125 0.03828125
0 0.87265625 0.87578125 0.08125 0.0390625
0 0.925 0.94609375 0.0421875 0.1078125
0 0.47109375 0.94453125 0.02734375 0.0484375
0 0.1265625 0.95625 0.02265625 0.0875
0 0.10625 0.9578125 0.03203125 0.084375