0 0.78359375 0.60234375 0.1671875 0.034375
0 0.61328125 0.8171875 0.165625 0.03125
0 0.78125 0.628125 0.165625 0.025
0 0.61953125 0.38359375 0.165625 0.03125
0 0.459375 0.38671875 0.165625 0.0328125
0 0.45703125 0.36171875 0.1640625 0.034375
0 0.2796875 0.64921875 0.1625 0.0296875
0 0.78203125 0.57265625 0.165625 0.0265625
0 0.77890625 0.42578125 0.1640625 0.025
0 0.44921875 0.57890625 0.16875 0.0296875
0 0.27734375 0.584375 0.1625 0.025
0 0.78359375 0.69375 0.165625 0.0265625
0 0.61484375 0.24765625 0.165625 0.03125
0 0.27734375 0.60546875 0.159375 0.025
0 0.78125 0.5515625 0.165625 0.0234375
0 0.45234375 0.8171875 0.165625 0.03125
0 0.2796875 0.68515625 0.1625 0.0265625
0 0.7796875 0.39921875 0.159375 0.028125
0 0.28046875 0.709375 0.1640625 0.0265625
0 0.6140625 0.2734375 0.1625 0.028125
0 0.6203125 0.40625 0.165625 0.03125
0 0.4546875 0.73046875 0.159375 0.028125
0 0.78046875 0.81796875 0.1640625 0.025
0 0.7796875 0.4453125 0.165625 0.028125
0 0.459375 0.40703125 0.165625 0.028125
0 0.61796875 0.3546875 0.1625 0.028125
0 0.6171875 0.475 0.1625 0.028125
0 0.45 0.840625 0.165625 0.03125
0 0.453125 0.7953125 0.165625 0.03125
0 0.78125 0.4671875 0.1671875 0.0234375
0 0.28125 0.7296875 0.1640625 0.028125
0 0.76875 0.115625 0.1515625 0.0265625
0 0.778125 0.48984375 0.1625 0.028125
0 0.7828125 0.653125 0.16875 0.0265625
0 0.2796875 0.77265625 0.1703125 0.03125
0 0.27890625 0.6671875 0.1640625 0.021875
0 0.7828125 0.73359375 0.1625 0.021875
0 0.615625 0.49765625 0.165625 0.034375
0 0.4453125 0.64609375 0.1734375 0.028125
0 0.7828125 0.79453125 0.165625 0.0296875
0 0.60859375 0.071875 0.159375 0.025
0 0.6109375 0.22421875 0.1625 0.028125
0 0.778125 0.671875 0.1640625 0.01875
0 0.446875 0.6234375 0.175 0.028125
0 0.453125 0.5109375 0.159375 0.034375
0 0.78203125 0.77265625 0.1625 0.0265625
0 0.61640625 0.5578125 0.16875 0.034375
0 0.45625 0.33828125 0.165625 0.034375
0 0.61640625 0.621875 0.165625 0.034375
0 0.78046875 0.53125 0.165625 0.025
0 0.615625 0.646875 0.16875 0.034375
0 0.4546875 0.31875 0.1625 0.03125
0 0.6140625 0.79296875 0.1625 0.0296875
0 0.45390625 0.7546875 0.159375 0.025
0 0.2796875 0.625 0.1625 0.028125
0 0.6171875 0.5375 0.1671875 0.0375
0 0.77578125 0.153125 0.159375 0.025
0 0.453125 0.15390625 0.1625 0.03125
0 0.4484375 0.55703125 0.165625 0.03125
0 0.7734375 0.2140625 0.159375 0.028125
0 0.45234375 0.53515625 0.1625 0.03125
0 0.45234375 0.68984375 0.1625 0.0265625
0 0.7796875 0.7546875 0.1625 0.021875
0 0.453125 0.4859375 0.1625 0.0265625
0 0.7828125 0.71484375 0.1640625 0.0265625
0 0.78125 0.51015625 0.16875 0.021875
0 0.615625 0.77265625 0.1625 0.028125
0 0.77265625 0.18671875 0.159375 0.0296875
0 0.615625 0.709375 0.165625 0.03125
0 0.45546875 0.27734375 0.1625 0.034375
0 0.6171875 0.6015625 0.16875 0.034375
0 0.61015625 0.28984375 0.159375 0.025
0 0.45234375 0.1328125 0.1625 0.0296875
0 0.453125 0.25703125 0.165625 0.0375
0 0.61484375 0.3328125 0.165625 0.0296875
0 0.615625 0.73046875 0.1671875 0.03125
0 0.61640625 0.58046875 0.165625 0.034375
0 0.76484375 0.0734375 0.159375 0.028125
0 0.61328125 0.665625 0.1671875 0.028125
0 0.61640625 0.68828125 0.165625 0.034375
0 0.2796875 0.75078125 0.171875 0.025
0 0.609375 0.1046875 0.159375 0.021875
0 0.771875 0.1328125 0.1546875 0.01875
0 0.77578125 0.25546875 0.1625 0.028125
0 0.6125 0.146875 0.1609375 0.028125
0 0.7828125 0.36484375 0.1625 0.04375
0 0.20390625 0.81875 0.0625 0.034375
0 0.265625 0.82109375 0.0625 0.03125
0 0.325 0.82109375 0.0609375 0.0296875
0 0.2765625 0.79296875 0.159375 0.0296875
0 0.27421875 0.56328125 0.159375 0.0234375
0 0.20625 0.509375 0.01875 0.078125
0 0.2234375 0.5078125 0.01875 0.078125
0 0.2390625 0.50546875 0.0140625 0.078125
0 0.2546875 0.5046875 0.01875 0.0796875
0 0.271875 0.503125 0.0171875 0.0796875
0 0.2875 0.50078125 0.01875 0.0796875
0 0.3046875 0.5 0.0171875 0.078125
0 0.321875 0.50078125 0.01875 0.078125
0 0.33671875 0.5046875 0.0171875 0.078125
0 0.35234375 0.503125 0.015625 0.078125
0 0.36640625 0.50546875 0.0125 0.078125
0 0.20703125 0.4296875 0.021875 0.078125
0 0.22421875 0.42890625 0.0203125 0.078125
0 0.24140625 0.42578125 0.021875 0.078125
0 0.25625 0.42265625 0.01875 0.078125
0 0.2734375 0.42109375 0.021875 0.078125
0 0.290625 0.41953125 0.0203125 0.078125
0 0.30625 0.41875 0.021875 0.078125
0 0.3234375 0.4203125 0.0203125 0.078125
0 0.3390625 0.42578125 0.01875 0.078125
0 0.35390625 0.425 0.01875 0.078125
0 0.36875 0.421875 0.01875 0.078125
0 0.21015625 0.35 0.021875 0.078125
0 0.22578125 0.35078125 0.015625 0.075
0 0.23984375 0.346875 0.0203125 0.08125
0 0.25703125 0.3453125 0.0203125 0.0796875
0 0.2734375 0.34453125 0.01875 0.0765625
0 0.2890625 0.34140625 0.01875 0.078125
0 0.3046875 0.34296875 0.01875 0.078125
0 0.32109375 0.34453125 0.015625 0.075
0 0.33671875 0.34375 0.0171875 0.0765625
0 0.35234375 0.34765625 0.0140625 0.078125
0 0.36796875 0.3421875 0.015625 0.075
0 0.21328125 0.2734375 0.021875 0.078125
0 0.22578125 0.26953125 0.021875 0.0796875
0 0.240625 0.265625 0.021875 0.0765625
0 0.25546875 0.2609375 0.021875 0.0796875
0 0.271875 0.26171875 0.0203125 0.078125
0 0.2890625 0.26171875 0.021875 0.078125
0 0.30546875 0.26328125 0.01875 0.078125
0 0.321875 0.26484375 0.01875 0.078125
0 0.334375 0.2625 0.0171875 0.08125
0 0.35 0.2609375 0.021875 0.078125
0 0.36640625 0.26484375 0.01875 0.078125
0 0.21015625 0.19375 0.01875 0.078125
0 0.225 0.1890625 0.0203125 0.0796875
0 0.240625 0.1890625 0.01875 0.0796875
0 0.25625 0.18515625 0.01875 0.078125
0 0.2703125 0.18359375 0.01875 0.0796875
0 0.2875 0.18203125 0.01875 0.08125
0 0.303125 0.1828125 0.0203125 0.078125
0 0.31953125 0.18515625 0.01875 0.08125
0 0.33359375 0.18046875 0.021875 0.078125
0 0.35 0.18125 0.01875 0.078125
0 0.365625 0.18203125 0.015625 0.0796875
0 0.19609375 0.121875 0.015625 0.078125
0 0.21015625 0.11796875 0.015625 0.075
0 0.225 0.1109375 0.01875 0.078125
0 0.240625 0.11171875 0.015625 0.078125
0 0.2546875 0.10703125 0.01875 0.0796875
0 0.27265625 0.10546875 0.01875 0.0796875
0 0.2875 0.1078125 0.0171875 0.0765625
0 0.30390625 0.10703125 0.0171875 0.0796875
0 0.3203125 0.10625 0.0171875 0.075
0 0.33515625 0.10625 0.01875 0.075
0 0.35078125 0.10546875 0.021875 0.0765625
0 0.36640625 0.10546875 0.0171875 0.0796875
0 0.45234375 0.0734375 0.15625 0.025
0 0.4515625 0.09453125 0.15625 0.0234375
0 0.453125 0.115625 0.15625 0.028125
0 0.4515625 0.178125 0.15625 0.034375
0 0.4515625 0.19765625 0.1578125 0.0375
0 0.4515625 0.21953125 0.1609375 0.0359375
0 0.4515625 0.23984375 0.159375 0.0390625
0 0.45390625 0.30078125 0.15625 0.034375
0 0.45703125 0.428125 0.1625 0.021875
0 0.45625 0.45 0.1609375 0.021875
0 0.45390625 0.46796875 0.159375 0.0203125
0 0.45 0.6015625 0.165625 0.021875
0 0.45078125 0.66640625 0.1625 0.021875
0 0.45078125 0.70859375 0.159375 0.0234375
0 0.453125 0.7765625 0.159375 0.021875
0 0.61328125 0.83828125 0.16875 0.0296875
0 0.615625 0.7515625 0.165625 0.0375
0 0.6140625 0.51640625 0.1625 0.0421875
0 0.61796875 0.4515625 0.1625 0.0375
0 0.61640625 0.43046875 0.1625 0.0390625
0 0.61328125 0.31328125 0.1640625 0.034375
0 0.6125 0.20625 0.1625 0.03125
0 0.6109375 0.1859375 0.1625 0.03125
0 0.61171875 0.16796875 0.1625 0.0265625
0 0.6125 0.1296875 0.159375 0.0265625
0 0.609375 0.09140625 0.159375 0.0203125
0 0.77890625 0.8375 0.16875 0.028125
0 0.77578125 0.33828125 0.1625 0.0328125
0 0.7734375 0.31796875 0.1625 0.03125
0 0.77265625 0.29765625 0.1625 0.028125
0 0.77109375 0.278125 0.1609375 0.0296875
0 0.775 0.2359375 0.1609375 0.0296875
0 0.77265625 0.171875 0.1625 0.028125
0 0.76640625 0.09609375 0.159375 0.028125
0 0.3640625 0.81015625 0.021875 0.08125
0 0.3625 0.65703125 0.0203125 0.228125