0 0.4421875 0.57734375 0.04609375 0.07578125
0 0.4015625 0.4265625 0.0484375 0.0796875
0 0.5765625 0.49765625 0.04296875 0.0765625
0 0.39375 0.5046875 0.04765625 0.07734375
0 0.53671875 0.42421875 0.0453125 0.0765625
0 0.253125 0.58828125 0.0546875 0.0796875
0 0.4984375 0.64921875 0.04609375 0.07421875
0 0.20234375 0.590625 0.0578125 0.08046875
0 0.85390625 0.490625 0.03828125 0.06875
0 0.57578125 0.56953125 0.04375 0.07578125
0 0.3 0.58671875 0.04921875 0.078125
0 0.5359375 0.57421875 0.0453125 0.07578125
0 0.19453125 0.51015625 0.05859375 0.0796875
0 0.44765625 0.4265625 0.04609375 0.07890625
0 0.221875 0.74375 0.059375 0.0796875
0 0.42578125 0.80390625 0.04765625 0.07421875
0 0.57734375 0.42421875 0.0421875 0.07734375
0 0.46328125 0.72421875 0.04453125 0.0765625
0 0.51171875 0.79296875 0.04453125 0.0734375
0 0.41875 0.728125 0.046875 0.07578125
0 0.61953125 0.5671875 0.04140625 0.0734375
0 0.778125 0.4921875 0.03984375 0.07109375
0 0.32734375 0.73671875 0.0515625 0.07734375
0 0.309375 0.66171875 0.05234375 0.078125
0 0.46875 0.8015625 0.04609375 0.0734375
0 0.7390625 0.49375 0.03828125 0.07109375
0 0.39453125 0.5796875 0.04765625 0.07578125
0 0.2046875 0.6671875 0.05625 0.0796875
0 0.58203125 0.6453125 0.04375 0.07265625
0 0.74140625 0.63046875 0.03984375 0.0703125
0 0.61953125 0.496875 0.04140625 0.07421875
0 0.375 0.7328125 0.04765625 0.0765625
0 0.78125 0.628125 0.0390625 0.0703125
0 0.49296875 0.4265625 0.04453125 0.078125
0 0.54375 0.64765625 0.04453125 0.0734375
0 0.3453125 0.50625 0.05 0.0796875
0 0.26171875 0.66484375 0.05703125 0.07734375
0 0.534375 0.49921875 0.04375 0.07734375
0 0.4109375 0.65546875 0.046875 0.07578125
0 0.24453125 0.50859375 0.053125 0.0796875
0 0.65859375 0.565625 0.040625 0.07109375
0 0.54921875 0.7171875 0.04296875 0.071875
0 0.81953125 0.42109375 0.04140625 0.071875
0 0.3 0.5046875 0.05078125 0.08125
0 0.353125 0.42890625 0.05 0.07890625
0 0.45390625 0.653125 0.0453125 0.075
0 0.48828125 0.57734375 0.046875 0.07421875
0 0.50703125 0.72265625 0.04453125 0.0734375
0 0.27265625 0.74375 0.0546875 0.0796875
0 0.6609375 0.4953125 0.0421875 0.07265625
0 0.646875 0.334375 0.096875 0.03671875
0 0.3046875 0.42890625 0.05 0.08125
0 0.6296875 0.71015625 0.03984375 0.07109375
0 0.73828125 0.56171875 0.040625 0.07109375
0 0.23515625 0.82421875 0.06015625 0.08046875
0 0.81875 0.490625 0.0390625 0.07109375
0 0.62421875 0.63828125 0.0421875 0.071875
0 0.36015625 0.659375 0.05 0.078125
0 0.703125 0.49453125 0.040625 0.071875
0 0.7 0.5625 0.04140625 0.0703125
0 0.34765625 0.58203125 0.04921875 0.07734375
0 0.55546875 0.7875 0.04140625 0.07421875
0 0.7796875 0.5609375 0.0390625 0.06875
0 0.32890625 0.33359375 0.11640625 0.03984375
0 0.70234375 0.42265625 0.04140625 0.07421875
0 0.7390625 0.2328125 0.09453125 0.0390625
0 0.77890625 0.42109375 0.0390625 0.071875
0 0.44375 0.33359375 0.11015625 0.0375
0 0.7046875 0.63125 0.0390625 0.0703125
0 0.33359375 0.81328125 0.0484375 0.07421875
0 0.8546875 0.55703125 0.03828125 0.0671875
0 0.6609375 0.42265625 0.0421875 0.07578125
0 0.8203125 0.5578125 0.0390625 0.0671875
0 0.20703125 0.43046875 0.05625 0.08046875
0 0.38046875 0.81015625 0.04765625 0.07265625
0 0.58828125 0.7140625 0.040625 0.071875
0 0.709375 0.70078125 0.03984375 0.06953125
0 0.63359375 0.77734375 0.0421875 0.0703125
0 0.25625 0.42890625 0.05078125 0.08046875
0 0.8546875 0.4203125 0.0390625 0.07265625
0 0.675 0.77421875 0.040625 0.071875
0 0.64921875 0.36640625 0.09609375 0.034375
0 0.4390625 0.296875 0.109375 0.0390625
0 0.2859375 0.815625 0.0515625 0.0765625
0 0.4421875 0.50078125 0.04609375 0.07734375
0 0.66484375 0.634375 0.03828125 0.07109375
0 0.33203125 0.36796875 0.1125 0.03828125
0 0.7390625 0.42265625 0.03984375 0.07265625
0 0.66796875 0.70703125 0.040625 0.07109375
0 0.55078125 0.3671875 0.1 0.034375
0 0.5953125 0.78203125 0.04140625 0.0703125
0 0.44921875 0.36875 0.1109375 0.03671875
0 0.32109375 0.221875 0.115625 0.0453125
0 0.7375 0.30234375 0.090625 0.03515625
0 0.2109375 0.33203125 0.121875 0.040625
0 0.78984375 0.76328125 0.03828125 0.0703125
0 0.43515625 0.22578125 0.11015625 0.03984375
0 0.61875 0.42109375 0.040625 0.07578125
0 0.7375 0.26953125 0.0921875 0.03828125
0 0.74609375 0.70078125 0.03984375 0.0671875
0 0.54765625 0.3328125 0.103125 0.0390625
0 0.53984375 0.2296875 0.10078125 0.04375
0 0.74140625 0.3359375 0.090625 0.03671875
0 0.2125 0.36796875 0.1234375 0.040625
0 0.64609375 0.2984375 0.09921875 0.03671875
0 0.4359375 0.2625 0.10859375 0.03984375
0 0.81875 0.6265625 0.0390625 0.0703125
0 0.85234375 0.62421875 0.03828125 0.06953125
0 0.3265625 0.29609375 0.115625 0.040625
0 0.7859375 0.69765625 0.03984375 0.0671875
0 0.7421875 0.36796875 0.09140625 0.03671875
0 0.48515625 0.50546875 0.04609375 0.07734375
0 0.83046875 0.3015625 0.090625 0.0375
0 0.640625 0.23359375 0.10078125 0.0375
0 0.2046875 0.29296875 0.1234375 0.04140625
0 0.82734375 0.36640625 0.09296875 0.0375
0 0.75078125 0.76875 0.04453125 0.06953125
0 0.83046875 0.33515625 0.08984375 0.0375
0 0.828125 0.2671875 0.09296875 0.03984375
0 0.82265625 0.69140625 0.0359375 0.071875
0 0.32421875 0.26328125 0.11484375 0.04140625
0 0.82734375 0.23671875 0.09140625 0.03671875
0 0.54140625 0.26640625 0.1015625 0.0375
0 0.82421875 0.75859375 0.03359375 0.06875
0 0.64375 0.26484375 0.1015625 0.0375
0 0.2046875 0.2203125 0.1234375 0.04375
0 0.2 0.23984375 0.125 0.07265625
0 0.70859375 0.77265625 0.0359375 0.071875
0 0.546875 0.30390625 0.103125 0.0359375
0 0.85625 0.6890625 0.03671875 0.07109375
0 0.86015625 0.753125 0.0375 0.06484375