0 0.83125 0.66015625 0.05625 0.078125
0 0.63984375 0.5015625 0.046875 0.0796875
0 0.59296875 0.5015625 0.046875 0.078125
0 0.7859375 0.5015625 0.053125 0.0796875
0 0.83125 0.7359375 0.05625 0.078125
0 0.465625 0.5765625 0.0453125 0.0765625
0 0.37421875 0.57578125 0.046875 0.075
0 0.55703125 0.425 0.0453125 0.078125
0 0.36796875 0.50234375 0.046875 0.0765625
0 0.58671875 0.65625 0.046875 0.078125
0 0.4125 0.50234375 0.04375 0.078125
0 0.32578125 0.50234375 0.0453125 0.0765625
0 0.6046875 0.425 0.046875 0.078125
0 0.79609375 0.58046875 0.053125 0.08125
0 0.45703125 0.50234375 0.0453125 0.078125
0 0.4515625 0.72578125 0.04375 0.075
0 0.49609375 0.72734375 0.04375 0.075
0 0.36328125 0.6515625 0.04375 0.075
0 0.240625 0.57421875 0.040625 0.071875
0 0.3640625 0.7234375 0.04375 0.075
0 0.51171875 0.4265625 0.0453125 0.078125
0 0.4671875 0.4265625 0.04375 0.078125
0 0.67890625 0.73203125 0.046875 0.078125
0 0.453125 0.653125 0.04375 0.078125
0 0.425 0.4265625 0.046875 0.078125
0 0.68671875 0.50078125 0.046875 0.08125
0 0.28125 0.65 0.04375 0.075
0 0.49765625 0.65390625 0.0453125 0.075
0 0.54921875 0.5015625 0.046875 0.078125
0 0.634375 0.73203125 0.046875 0.078125
0 0.41875 0.57578125 0.046875 0.075
0 0.196875 0.5765625 0.04375 0.0734375
0 0.2375 0.64921875 0.040625 0.075
0 0.6515625 0.42421875 0.046875 0.078125
0 0.51171875 0.5765625 0.046875 0.0765625
0 0.6328125 0.65703125 0.046875 0.078125
0 0.728125 0.6578125 0.0484375 0.078125
0 0.74375 0.578125 0.05 0.078125
0 0.5671875 0.80703125 0.04375 0.075
0 0.32265625 0.65078125 0.04375 0.075
0 0.8484375 0.57890625 0.053125 0.08125
0 0.52109375 0.8046875 0.04375 0.075
0 0.6125 0.809375 0.046875 0.075
0 0.75 0.42421875 0.05 0.08125
0 0.334375 0.428125 0.046875 0.0765625
0 0.23828125 0.72109375 0.0421875 0.071875
0 0.2390625 0.50390625 0.0421875 0.0734375
0 0.54296875 0.728125 0.046875 0.075
0 0.73515625 0.5015625 0.05 0.078125
0 0.77734375 0.659375 0.0515625 0.078125
0 0.55703125 0.57734375 0.0453125 0.078125
0 0.54453125 0.65546875 0.0453125 0.0765625
0 0.6828125 0.65703125 0.046875 0.078125
0 0.43671875 0.8015625 0.04375 0.075
0 0.69921875 0.57734375 0.046875 0.078125
0 0.47734375 0.80390625 0.04375 0.0765625
0 0.3796875 0.4265625 0.0453125 0.078125
0 0.72578125 0.734375 0.046875 0.078125
0 0.40703125 0.65234375 0.04375 0.075
0 0.2453125 0.42890625 0.04375 0.075
0 0.28984375 0.428125 0.04375 0.0765625
0 0.39296875 0.79765625 0.0421875 0.075
0 0.84296875 0.4984375 0.05625 0.08125
0 0.19609375 0.5015625 0.04375 0.071875
0 0.325 0.5765625 0.04375 0.075
0 0.6953125 0.42265625 0.05 0.08125
0 0.28359375 0.57421875 0.040625 0.075
0 0.28125 0.72109375 0.040625 0.071875
0 0.4109375 0.725 0.04375 0.075
0 0.58515625 0.7296875 0.04375 0.0765625
0 0.796875 0.42265625 0.053125 0.0828125
0 0.503125 0.50234375 0.04375 0.078125
0 0.79921875 0.815625 0.046875 0.078125
0 0.77421875 0.73515625 0.05 0.078125
0 0.2828125 0.503125 0.0421875 0.075
0 0.20234375 0.4296875 0.04375 0.075
0 0.15859375 0.50234375 0.040625 0.075
0 0.7515625 0.81484375 0.046875 0.078125
0 0.30703125 0.79375 0.04375 0.071875
0 0.321875 0.721875 0.04375 0.0734375
0 0.35 0.7984375 0.0421875 0.075
0 0.19765625 0.64765625 0.0421875 0.075
0 0.8296875 0.25 0.11875 0.0453125
0 0.16328125 0.4296875 0.0421875 0.075
0 0.8421875 0.815625 0.046875 0.078125
0 0.853125 0.421875 0.053125 0.084375
0 0.159375 0.5734375 0.040625 0.071875
0 0.22578125 0.790625 0.0421875 0.071875
0 0.26796875 0.7953125 0.0421875 0.0734375
0 0.1984375 0.7203125 0.04375 0.071875
0 0.15625 0.71953125 0.040625 0.071875
0 0.48984375 0.3328125 0.109375 0.040625
0 0.59765625 0.33046875 0.109375 0.040625
0 0.659375 0.8078125 0.046875 0.078125
0 0.16875 0.78984375 0.04375 0.071875
0 0.4890625 0.3671875 0.109375 0.0375
0 0.1578125 0.64453125 0.040625 0.071875
0 0.70859375 0.36328125 0.1125 0.040625
0 0.60234375 0.365625 0.1109375 0.0375
0 0.7078125 0.32734375 0.1125 0.040625
0 0.70546875 0.8125 0.046875 0.075
0 0.82109375 0.32421875 0.115625 0.0421875
0 0.8203125 0.36015625 0.115625 0.0421875
0 0.65234375 0.578125 0.046875 0.078125
0 0.82734375 0.290625 0.11875 0.04375
0 0.70703125 0.25234375 0.1125 0.04375
0 0.3734375 0.36796875 0.103125 0.0375
0 0.70625 0.29453125 0.1125 0.04375
0 0.375 0.33515625 0.103125 0.0375
0 0.27890625 0.3703125 0.1 0.0375
0 0.1765625 0.27109375 0.1 0.0421875
0 0.48515625 0.29609375 0.109375 0.040625
0 0.48515625 0.2625 0.10625 0.040625
0 0.37421875 0.303125 0.103125 0.0375
0 0.171875 0.30859375 0.1 0.0390625
0 0.596875 0.2609375 0.1125 0.0421875
0 0.3765625 0.26328125 0.103125 0.0375
0 0.17265625 0.340625 0.1 0.0390625
0 0.603125 0.578125 0.0484375 0.078125
0 0.17578125 0.375 0.096875 0.0390625
0 0.59375 0.29921875 0.1109375 0.040625
0 0.275 0.33671875 0.103125 0.0375
0 0.278125 0.3046875 0.1015625 0.040625
0 0.2734375 0.26875 0.1046875 0.040625