0 0.359375 0.41171875 0.078125 0.046875
0 0.50703125 0.51796875 0.078125 0.046875
0 0.34609375 0.640625 0.078125 0.046875
0 0.51171875 0.38046875 0.078125 0.0453125
0 0.434375 0.4171875 0.078125 0.046875
0 0.5109375 0.42734375 0.0796875 0.046875
0 0.42265625 0.74375 0.08125 0.05
0 0.27265625 0.59296875 0.078125 0.046875
0 0.35234375 0.50625 0.078125 0.0453125
0 0.28203125 0.41328125 0.075 0.0453125
0 0.19375 0.58984375 0.0765625 0.0453125
0 0.44453125 0.1953125 0.0765625 0.0453125
0 0.43046875 0.55625 0.0796875 0.046875
0 0.43828125 0.33046875 0.078125 0.04375
0 0.209375 0.40859375 0.0765625 0.0453125
0 0.5859375 0.4765625 0.08125 0.046875
0 0.50625 0.56484375 0.0796875 0.046875
0 0.20625 0.4546875 0.0765625 0.046875
0 0.27890625 0.50546875 0.0765625 0.0453125
0 0.428125 0.6015625 0.08125 0.046875
0 0.51796875 0.19765625 0.075 0.05
0 0.58046875 0.66640625 0.08125 0.05
0 0.42578125 0.64921875 0.08125 0.05
0 0.35078125 0.5515625 0.0796875 0.0453125
0 0.58203125 0.61796875 0.08125 0.0484375
0 0.5796875 0.71484375 0.08125 0.0484375
0 0.59140625 0.38828125 0.0796875 0.0453125
0 0.4328125 0.46328125 0.078125 0.0453125
0 0.28125 0.46015625 0.0765625 0.0453125
0 0.5875 0.4328125 0.0796875 0.046875
0 0.340625 0.73671875 0.078125 0.05
0 0.4453125 0.153125 0.075 0.04375
0 0.35859375 0.36640625 0.078125 0.04375
0 0.28515625 0.36796875 0.0765625 0.04375
0 0.2015625 0.49921875 0.0765625 0.046875
0 0.4234375 0.69765625 0.08125 0.05
0 0.521875 0.10234375 0.0734375 0.04375
0 0.5953125 0.25 0.078125 0.046875
0 0.2875 0.3265625 0.078125 0.04375
0 0.35703125 0.4578125 0.078125 0.046875
0 0.51875 0.24609375 0.078125 0.0453125
0 0.2890625 0.28203125 0.0765625 0.04375
0 0.4984375 0.7546875 0.08125 0.0515625
0 0.58515625 0.52265625 0.08125 0.046875
0 0.5078125 0.4703125 0.078125 0.046875
0 0.596875 0.203125 0.078125 0.046875
0 0.2140625 0.315625 0.075 0.046875
0 0.59453125 0.29609375 0.078125 0.0453125
0 0.290625 0.2359375 0.075 0.046875
0 0.3484375 0.596875 0.0796875 0.046875
0 0.4296875 0.509375 0.0796875 0.046875
0 0.26796875 0.68671875 0.0765625 0.046875
0 0.5875 0.5703125 0.08125 0.05
0 0.365625 0.28125 0.0765625 0.04375
0 0.275 0.55078125 0.078125 0.046875
0 0.33828125 0.78515625 0.0796875 0.0515625
0 0.265625 0.734375 0.078125 0.046875
0 0.4390625 0.2859375 0.0765625 0.04375
0 0.5 0.70625 0.08125 0.0515625
0 0.196875 0.546875 0.078125 0.046875
0 0.59296875 0.34296875 0.078125 0.046875
0 0.44140625 0.24140625 0.075 0.0453125
0 0.1890625 0.68203125 0.075 0.046875
0 0.2703125 0.63984375 0.0765625 0.046875
0 0.37109375 0.18984375 0.075 0.04375
0 0.3609375 0.3234375 0.078125 0.04375
0 0.36796875 0.23515625 0.075 0.0453125
0 0.4359375 0.37421875 0.078125 0.0453125
0 0.34375 0.68828125 0.078125 0.046875
0 0.21171875 0.3640625 0.0765625 0.046875
0 0.51875 0.14765625 0.075 0.05
0 0.49765625 0.8046875 0.08125 0.05625
0 0.51328125 0.3359375 0.078125 0.04375
0 0.19140625 0.63828125 0.075 0.046875
0 0.18671875 0.728125 0.0796875 0.0484375
0 0.26328125 0.78125 0.078125 0.0515625
0 0.57890625 0.76328125 0.0828125 0.05
0 0.5140625 0.29140625 0.078125 0.0453125
0 0.41796875 0.7921875 0.08125 0.0546875
0 0.59765625 0.1609375 0.078125 0.0453125
0 0.446875 0.109375 0.075 0.04375
0 0.50234375 0.61015625 0.08125 0.0484375
0 0.3734375 0.1484375 0.0765625 0.04375
0 0.21875 0.22734375 0.0734375 0.0453125
0 0.22421875 0.13671875 0.075 0.05
0 0.221875 0.1828125 0.0734375 0.04375
0 0.5015625 0.659375 0.08125 0.05
0 0.71640625 0.67109375 0.0421875 0.115625
0 0.68125 0.56015625 0.040625 0.109375
0 0.215625 0.27265625 0.0765625 0.046875
0 0.57734375 0.809375 0.084375 0.053125
0 0.71953125 0.5625 0.040625 0.1109375
0 0.37421875 0.1046875 0.075 0.04375
0 0.303125 0.10703125 0.071875 0.04375
0 0.29453125 0.19140625 0.0734375 0.04375
0 0.29609375 0.15078125 0.071875 0.04375
0 0.59921875 0.11640625 0.078125 0.04375
0 0.7890625 0.6765625 0.040625 0.1171875
0 0.18359375 0.77578125 0.0796875 0.0515625
0 0.64609375 0.56015625 0.0375 0.1078125
0 0.6765625 0.78984375 0.0421875 0.11875
0 0.6421875 0.78359375 0.0421875 0.115625
0 0.67734375 0.66953125 0.040625 0.1109375
0 0.753125 0.67578125 0.040625 0.115625
0 0.7875 0.79453125 0.04375 0.121875
0 0.7171875 0.79296875 0.046875 0.121875
0 0.63984375 0.66875 0.040625 0.109375
0 0.228125 0.08828125 0.075 0.04375
0 0.68203125 0.45078125 0.040625 0.1125
0 0.7515625 0.79453125 0.0421875 0.125
0 0.65 0.33984375 0.040625 0.109375
0 0.75625 0.56484375 0.040625 0.1140625
0 0.64921875 0.45 0.0390625 0.1109375
0 0.65078125 0.2328125 0.0375 0.103125
0 0.78984375 0.56328125 0.040625 0.115625
0 0.71484375 0.45 0.0375 0.1109375
0 0.79609375 0.23515625 0.0375 0.10625
0 0.65390625 0.1265625 0.0375 0.10625
0 0.79453125 0.13125 0.0359375 0.10625
0 0.7578125 0.1296875 0.040625 0.109375
0 0.68515625 0.23359375 0.040625 0.10625
0 0.68359375 0.340625 0.040625 0.109375
0 0.68671875 0.12890625 0.040625 0.10625
0 0.78984375 0.346875 0.03125 0.1078125
0 0.7921875 0.45 0.0421875 0.1109375
0 0.71953125 0.13046875 0.04375 0.1078125
0 0.75625 0.4515625 0.04375 0.1125
0 0.71875 0.23359375 0.0421875 0.1078125
0 0.71640625 0.3421875 0.040625 0.1125
0 0.759375 0.23359375 0.040625 0.109375
0 0.75625 0.34296875 0.040625 0.109375