0 0.58515625 0.6671875 0.084375 0.05
0 0.2625 0.7609375 0.08125 0.05
0 0.428125 0.56875 0.0796875 0.046875
0 0.42734375 0.61640625 0.08125 0.0484375
0 0.58515625 0.6171875 0.084375 0.05
0 0.58515625 0.56796875 0.0828125 0.0484375
0 0.4234375 0.76640625 0.08125 0.053125
0 0.42578125 0.665625 0.08125 0.0484375
0 0.35078125 0.5171875 0.078125 0.046875
0 0.58828125 0.521875 0.08125 0.0484375
0 0.2640625 0.71015625 0.08125 0.05
0 0.43046875 0.4734375 0.078125 0.046875
0 0.50703125 0.7703125 0.084375 0.053125
0 0.5859375 0.71640625 0.0859375 0.053125
0 0.42421875 0.71484375 0.08125 0.05
0 0.50703125 0.81875 0.0859375 0.053125
0 0.27578125 0.51796875 0.078125 0.0453125
0 0.50546875 0.56796875 0.08125 0.0484375
0 0.50625 0.4734375 0.078125 0.046875
0 0.42890625 0.525 0.0796875 0.046875
0 0.20078125 0.4671875 0.078125 0.046875
0 0.5828125 0.42890625 0.08125 0.046875
0 0.3546875 0.4703125 0.0765625 0.0453125
0 0.5046875 0.8765625 0.0875 0.053125
0 0.50625 0.21171875 0.075 0.046875
0 0.50625 0.52109375 0.08125 0.046875
0 0.5828125 0.3390625 0.0796875 0.04375
0 0.5875 0.47421875 0.08125 0.0484375
0 0.5078125 0.2546875 0.075 0.04375
0 0.35234375 0.42734375 0.075 0.046875
0 0.50546875 0.43203125 0.078125 0.0453125
0 0.43359375 0.29375 0.075 0.046875
0 0.3484375 0.56328125 0.078125 0.046875
0 0.340625 0.7609375 0.08125 0.05
0 0.50625 0.3421875 0.0765625 0.04375
0 0.3421875 0.71015625 0.08125 0.05
0 0.421875 0.87265625 0.0875 0.0546875
0 0.278125 0.4734375 0.078125 0.046875
0 0.35390625 0.375 0.075 0.046875
0 0.5828125 0.384375 0.0796875 0.046875
0 0.43046875 0.43203125 0.078125 0.04375
0 0.50546875 0.296875 0.0765625 0.0453125
0 0.27421875 0.5640625 0.078125 0.046875
0 0.4328125 0.340625 0.075 0.04375
0 0.1984375 0.5125 0.078125 0.0453125
0 0.33828125 0.8125 0.08125 0.053125
0 0.1953125 0.55859375 0.078125 0.046875
0 0.43515625 0.2 0.0734375 0.0421875
0 0.35859375 0.28671875 0.0734375 0.04375
0 0.58984375 0.7703125 0.0875 0.053125
0 0.25625 0.8609375 0.084375 0.05625
0 0.20546875 0.42421875 0.0765625 0.046875
0 0.17890625 0.80390625 0.08125 0.053125
0 0.434375 0.24296875 0.075 0.04375
0 0.27109375 0.61171875 0.078125 0.0484375
0 0.28984375 0.215625 0.071875 0.04375
0 0.34296875 0.66015625 0.08125 0.05
0 0.3578125 0.33046875 0.075 0.04375
0 0.3453125 0.6109375 0.078125 0.0484375
0 0.2109375 0.3734375 0.075 0.046875
0 0.41875 0.81875 0.084375 0.053125
0 0.28359375 0.340625 0.0734375 0.04375
0 0.50625 0.3859375 0.078125 0.04375
0 0.43125 0.3859375 0.0765625 0.046875
0 0.18828125 0.6578125 0.078125 0.05
0 0.36015625 0.20078125 0.0734375 0.04375
0 0.58203125 0.2515625 0.078125 0.04375
0 0.2671875 0.66015625 0.0796875 0.0484375
0 0.25859375 0.8125 0.08125 0.0515625
0 0.58046875 0.16796875 0.0765625 0.04375
0 0.33671875 0.865625 0.084375 0.0578125
0 0.1921875 0.6078125 0.078125 0.0484375
0 0.359375 0.24296875 0.0734375 0.04375
0 0.27890625 0.428125 0.075 0.0453125
0 0.28515625 0.29765625 0.0734375 0.04375
0 0.50703125 0.16484375 0.075 0.04375
0 0.5921875 0.878125 0.090625 0.0578125
0 0.28203125 0.384375 0.075 0.04375
0 0.28828125 0.25546875 0.071875 0.0421875
0 0.43515625 0.16015625 0.071875 0.04375
0 0.2140625 0.328125 0.071875 0.04375
0 0.58203125 0.21171875 0.0765625 0.046875
0 0.590625 0.8234375 0.0875 0.053125
0 0.58203125 0.29609375 0.078125 0.04375
0 0.171875 0.8578125 0.084375 0.0578125
0 0.50390625 0.71796875 0.084375 0.0515625
0 0.2921875 0.16953125 0.071875 0.0453125
0 0.50546875 0.6171875 0.08125 0.05
0 0.69375 0.84765625 0.04375 0.13125
0 0.18046875 0.75703125 0.08125 0.05
0 0.21875 0.2453125 0.0734375 0.04375
0 0.22421875 0.16640625 0.071875 0.04375
0 0.64296875 0.3859375 0.0375 0.109375
0 0.2203125 0.20703125 0.071875 0.040625
0 0.68359375 0.60703125 0.040625 0.115625
0 0.65078125 0.7234375 0.040625 0.121875
0 0.6875 0.721875 0.0421875 0.1234375
0 0.6484375 0.60703125 0.040625 0.115625
0 0.678125 0.384375 0.040625 0.109375
0 0.3609375 0.1578125 0.071875 0.04375
0 0.79765625 0.60390625 0.046875 0.115625
0 0.68203125 0.49453125 0.040625 0.1125
0 0.50390625 0.6671875 0.08125 0.05
0 0.78046875 0.1703125 0.0421875 0.1
0 0.65390625 0.8484375 0.04375 0.1265625
0 0.81796875 0.85390625 0.05 0.1359375
0 0.77265625 0.8546875 0.0484375 0.1328125
0 0.71875 0.6046875 0.040625 0.1171875
0 0.72421875 0.72890625 0.04375 0.121875
0 0.8078125 0.7265625 0.05 0.125
0 0.64609375 0.49609375 0.0390625 0.1109375
0 0.215625 0.28984375 0.071875 0.04375
0 0.64375 0.27421875 0.0421875 0.1
0 0.7203125 0.49375 0.040625 0.1125
0 0.18359375 0.70703125 0.078125 0.053125
0 0.66484375 0.175 0.05625 0.1
0 0.7671875 0.725 0.046875 0.125
0 0.71640625 0.38203125 0.040625 0.1125
0 0.73671875 0.85234375 0.05 0.13125
0 0.7609375 0.60390625 0.04375 0.115625
0 0.790625 0.38203125 0.04375 0.1125
0 0.79140625 0.49296875 0.040625 0.1109375
0 0.75625 0.49375 0.0421875 0.1125
0 0.6765625 0.27265625 0.040625 0.103125
0 0.646875 0.17890625 0.0546875 0.1015625
0 0.70859375 0.171875 0.04375 0.1015625
0 0.7515625 0.38125 0.0421875 0.115625
0 0.7859375 0.2734375 0.04375 0.103125
0 0.7421875 0.16953125 0.0359375 0.1015625
0 0.7484375 0.26875 0.0421875 0.1078125
0 0.7140625 0.2671875 0.040625 0.103125