0 0.496875 0.77109375 0.228125 0.1796875
0 0.5078125 0.60234375 0.2 0.146875
0 0.5140625 0.45234375 0.190625 0.13125
0 0.51796875 0.1875 0.171875 0.1203125
0 0.521875 0.31640625 0.175 0.121875
0 0.70390625 0.29453125 0.20625 0.121875
0 0.7234375 0.609375 0.23125 0.159375
0 0.31328125 0.76015625 0.16875 0.1640625
0 0.70234375 0.16875 0.19375 0.121875
0 0.334375 0.60234375 0.1484375 0.1390625
0 0.71015625 0.4484375 0.21875 0.140625
0 0.3515625 0.44609375 0.140625 0.11875
0 0.36796875 0.328125 0.125 0.115625
0 0.3734375 0.21484375 0.11875 0.1109375
0 0.72734375 0.78125 0.2453125 0.1859375