0 0.44375 0.6984375 0.096875 0.0640625
0 0.3546875 0.6859375 0.090625 0.0609375
0 0.45625 0.47890625 0.0890625 0.0546875
0 0.4453125 0.640625 0.09375 0.059375
0 0.55 0.43515625 0.090625 0.0515625
0 0.54453125 0.53984375 0.09375 0.0546875
0 0.53984375 0.6515625 0.0984375 0.059375
0 0.2890625 0.46484375 0.084375 0.05
0 0.46484375 0.38046875 0.0859375 0.05
0 0.28515625 0.51484375 0.084375 0.053125
0 0.38671875 0.33203125 0.0828125 0.05
0 0.2953125 0.41640625 0.084375 0.046875
0 0.36875 0.52265625 0.0875 0.053125
0 0.27265625 0.625 0.0875 0.059375
0 0.3734375 0.47265625 0.0875 0.05
0 0.3796875 0.42734375 0.0859375 0.05
0 0.46796875 0.33359375 0.084375 0.046875
0 0.55546875 0.290625 0.0859375 0.04375
0 0.20234375 0.503125 0.0859375 0.0515625
0 0.3625 0.625 0.0921875 0.05625
0 0.46171875 0.42890625 0.0859375 0.0515625
0 0.45234375 0.53125 0.090625 0.053125
0 0.25234375 0.79375 0.09375 0.0703125
0 0.63984375 0.4421875 0.09375 0.0515625
0 0.34609375 0.74375 0.09375 0.0671875
0 0.63984375 0.55 0.1 0.05625
0 0.5484375 0.4828125 0.09375 0.053125
0 0.2828125 0.56953125 0.084375 0.05625
0 0.38359375 0.3796875 0.084375 0.0484375
0 0.640625 0.4953125 0.096875 0.053125
0 0.47421875 0.24140625 0.0828125 0.04375
0 0.4484375 0.58125 0.09375 0.05625
0 0.30078125 0.37265625 0.08125 0.046875
0 0.5421875 0.59375 0.096875 0.05625
0 0.30546875 0.32578125 0.08125 0.0453125
0 0.56015625 0.2 0.08125 0.0453125
0 0.36640625 0.57421875 0.0890625 0.0546875
0 0.52890625 0.89609375 0.10625 0.0875
0 0.2109375 0.4546875 0.084375 0.05
0 0.63828125 0.60546875 0.1 0.059375
0 0.39140625 0.28515625 0.0828125 0.0453125
0 0.4734375 0.2859375 0.084375 0.0453125
0 0.225 0.3625 0.08125 0.046875
0 0.6375 0.6640625 0.1015625 0.0609375
0 0.4796875 0.1953125 0.08125 0.046875
0 0.4390625 0.75625 0.096875 0.065625
0 0.18203125 0.6578125 0.090625 0.0625
0 0.55234375 0.38515625 0.090625 0.05
0 0.39609375 0.2390625 0.08125 0.04375
0 0.19609375 0.55390625 0.0875 0.0546875
0 0.48359375 0.15703125 0.08125 0.040625
0 0.4296875 0.88046875 0.103125 0.08125
0 0.31953125 0.23671875 0.078125 0.04375
0 0.64453125 0.34140625 0.0921875 0.046875
0 0.240625 0.2328125 0.078125 0.046875
0 0.26875 0.67890625 0.0875 0.0625
0 0.64453125 0.39140625 0.09375 0.0546875
0 0.6359375 0.71875 0.103125 0.0625
0 0.5578125 0.2484375 0.084375 0.0453125
0 0.85859375 0.7890625 0.0578125 0.1609375
0 0.32265625 0.19453125 0.078125 0.0453125
0 0.3109375 0.28203125 0.078125 0.04375
0 0.55390625 0.3359375 0.0890625 0.046875
0 0.40390625 0.153125 0.08125 0.05
0 0.19140625 0.60546875 0.0890625 0.05625
0 0.39921875 0.1984375 0.08125 0.04375
0 0.2359375 0.2765625 0.08125 0.0453125
0 0.48671875 0.1140625 0.0796875 0.0453125
0 0.24375 0.85390625 0.096875 0.08125
0 0.2296875 0.31796875 0.08125 0.046875
0 0.64453125 0.29140625 0.090625 0.0515625
0 0.52890625 0.834375 0.103125 0.075
0 0.24453125 0.18828125 0.075 0.0421875
0 0.64765625 0.15859375 0.084375 0.04375
0 0.64609375 0.1984375 0.0875 0.046875
0 0.75703125 0.63046875 0.05 0.140625
0 0.21796875 0.40859375 0.084375 0.046875
0 0.7046875 0.62890625 0.046875 0.140625
0 0.6359375 0.85234375 0.109375 0.08125
0 0.70546875 0.76640625 0.053125 0.1453125
0 0.63515625 0.78671875 0.10625 0.0734375
0 0.34296875 0.8 0.096875 0.06875
0 0.5625 0.159375 0.0828125 0.0453125
0 0.7109375 0.48671875 0.046875 0.128125
0 0.85390625 0.6390625 0.0546875 0.1453125
0 0.7578125 0.77265625 0.05 0.1515625
0 0.43359375 0.8171875 0.1 0.0703125
0 0.17421875 0.71484375 0.0953125 0.0640625
0 0.6484375 0.11328125 0.0828125 0.0453125
0 0.33515625 0.8671875 0.1 0.0796875
0 0.79921875 0.63515625 0.053125 0.14375
0 0.63515625 0.9140625 0.1109375 0.0859375
0 0.26015625 0.73359375 0.090625 0.065625
0 0.409375 0.1078125 0.0828125 0.046875
0 0.80234375 0.77734375 0.053125 0.1546875
0 0.5390625 0.7078125 0.1 0.065625
0 0.32890625 0.15078125 0.078125 0.0453125
0 0.2515625 0.14921875 0.078125 0.04375
0 0.1671875 0.76953125 0.096875 0.0828125
0 0.8640625 0.9359375 0.059375 0.128125
0 0.7125 0.359375 0.046875 0.115625
0 0.6421875 0.24453125 0.0890625 0.046875
0 0.75625 0.48671875 0.046875 0.13125
0 0.56484375 0.11875 0.084375 0.04375
0 0.25625 0.1078125 0.0765625 0.04375
0 0.70546875 0.91484375 0.05625 0.1625
0 0.80703125 0.92734375 0.0578125 0.1453125
0 0.33203125 0.1078125 0.0796875 0.0453125
0 0.8390625 0.24609375 0.053125 0.121875
0 0.834375 0.13515625 0.05 0.1109375
0 0.75546875 0.3609375 0.046875 0.11875
0 0.53203125 0.76875 0.103125 0.071875
0 0.76015625 0.91875 0.05625 0.15625
0 0.84921875 0.50078125 0.05 0.134375
0 0.8421875 0.36328125 0.053125 0.128125
0 0.70703125 0.24453125 0.0453125 0.115625
0 0.7984375 0.4921875 0.05 0.13125
0 0.7515625 0.14140625 0.04375 0.103125
0 0.75390625 0.24609375 0.046875 0.115625
0 0.79140625 0.1390625 0.04375 0.10625
0 0.71015625 0.140625 0.0421875 0.1046875
0 0.79609375 0.2453125 0.05 0.115625
0 0.8 0.36484375 0.04375 0.121875
0 0.16171875 0.82421875 0.096875 0.0765625