0 0.45625 0.5921875 0.08125 0.05
0 0.375 0.6609375 0.08125 0.053125
0 0.30078125 0.56015625 0.078125 0.046875
0 0.30078125 0.5109375 0.0765625 0.0484375
0 0.30703125 0.41015625 0.075 0.046875
0 0.28671875 0.76171875 0.08125 0.053125
0 0.38125 0.5484375 0.0796875 0.046875
0 0.6234375 0.40078125 0.084375 0.046875
0 0.540625 0.54609375 0.084375 0.05
0 0.46015625 0.44765625 0.08125 0.046875
0 0.3828125 0.49609375 0.0796875 0.0484375
0 0.45078125 0.8578125 0.090625 0.0609375
0 0.38203125 0.45 0.078125 0.046875
0 0.6296875 0.6671875 0.090625 0.05625
0 0.6265625 0.45 0.0859375 0.05
0 0.3703125 0.765625 0.084375 0.053125
0 0.540625 0.64765625 0.0875 0.053125
0 0.30625 0.45859375 0.0765625 0.0484375
0 0.54140625 0.496875 0.084375 0.0484375
0 0.54140625 0.5953125 0.0859375 0.05
0 0.45625 0.6421875 0.084375 0.05
0 0.3796875 0.60078125 0.08125 0.053125
0 0.4609375 0.40234375 0.08125 0.046875
0 0.45546875 0.5453125 0.084375 0.05
0 0.45703125 0.49296875 0.084375 0.0484375
0 0.3859375 0.35859375 0.078125 0.0453125
0 0.5421875 0.4015625 0.0828125 0.046875
0 0.371875 0.71328125 0.084375 0.0515625
0 0.29921875 0.60859375 0.078125 0.05
0 0.31171875 0.36328125 0.0734375 0.04375
0 0.22734375 0.49609375 0.078125 0.046875
0 0.2140625 0.7046875 0.08125 0.0515625
0 0.46484375 0.22890625 0.0765625 0.04375
0 0.62421875 0.49921875 0.0875 0.05
0 0.29140625 0.709375 0.08125 0.05
0 0.29453125 0.65703125 0.08125 0.05
0 0.62421875 0.55625 0.0875 0.05625
0 0.38828125 0.31328125 0.078125 0.04375
0 0.31328125 0.2796875 0.0734375 0.0421875
0 0.63046875 0.721875 0.090625 0.05625
0 0.625 0.6125 0.0875 0.0546875
0 0.54140625 0.70078125 0.0875 0.053125
0 0.54375 0.30859375 0.08125 0.046875
0 0.3109375 0.32109375 0.0734375 0.04375
0 0.384375 0.40703125 0.078125 0.046875
0 0.62265625 0.26640625 0.08125 0.04375
0 0.23203125 0.44921875 0.075 0.04375
0 0.20625 0.7515625 0.08125 0.053125
0 0.22265625 0.60625 0.078125 0.046875
0 0.22421875 0.55859375 0.078125 0.046875
0 0.4609375 0.35703125 0.078125 0.0453125
0 0.621875 0.3078125 0.08125 0.046875
0 0.4625 0.31171875 0.078125 0.04375
0 0.24609375 0.2796875 0.071875 0.0421875
0 0.540625 0.44921875 0.0828125 0.0484375
0 0.5421875 0.3546875 0.08125 0.0453125
0 0.62890625 0.78125 0.09375 0.05625
0 0.390625 0.2296875 0.075 0.0421875
0 0.31796875 0.234375 0.0734375 0.04375
0 0.3640625 0.81484375 0.0875 0.0546875
0 0.5390625 0.753125 0.0890625 0.0546875
0 0.62265625 0.3546875 0.084375 0.046875
0 0.20234375 0.80390625 0.08125 0.053125
0 0.28671875 0.8125 0.084375 0.05625
0 0.2375 0.36171875 0.071875 0.04375
0 0.6203125 0.1796875 0.08125 0.046875
0 0.3203125 0.190625 0.0734375 0.04375
0 0.23515625 0.40546875 0.075 0.04375
0 0.54375 0.225 0.078125 0.04375
0 0.4546875 0.696875 0.0859375 0.0546875
0 0.54375 0.14453125 0.078125 0.04375
0 0.36640625 0.87265625 0.0890625 0.059375
0 0.46484375 0.184375 0.075 0.04375
0 0.21875 0.6546875 0.078125 0.05
0 0.5421875 0.26953125 0.08125 0.04375
0 0.32265625 0.15 0.0734375 0.0453125
0 0.39140625 0.1859375 0.075 0.04375
0 0.3890625 0.271875 0.0765625 0.04375
0 0.540625 0.80703125 0.090625 0.0578125
0 0.62109375 0.13515625 0.0796875 0.046875
0 0.46640625 0.146875 0.075 0.0421875
0 0.54296875 0.18203125 0.078125 0.0421875
0 0.27890625 0.8703125 0.0875 0.0546875
0 0.696875 0.73359375 0.04375 0.128125
0 0.23984375 0.32109375 0.071875 0.04375
0 0.46015625 0.26875 0.0765625 0.04375
0 0.7296875 0.4859375 0.04375 0.11875
0 0.24296875 0.23515625 0.071875 0.0453125
0 0.621875 0.22265625 0.08125 0.04375
0 0.39296875 0.14609375 0.075 0.0453125
0 0.45234375 0.80390625 0.0875 0.059375
0 0.7703125 0.48671875 0.0421875 0.11875
0 0.68359375 0.3734375 0.040625 0.1109375
0 0.6875 0.4875 0.04375 0.11875
0 0.53984375 0.86015625 0.09375 0.0625
0 0.6828125 0.265625 0.0421875 0.109375
0 0.634375 0.89609375 0.096875 0.065625
0 0.63359375 0.84140625 0.09375 0.0625
0 0.725 0.3703125 0.04375 0.1125
0 0.8515625 0.48828125 0.046875 0.121875
0 0.20078125 0.85703125 0.08125 0.0578125
0 0.80703125 0.48828125 0.04375 0.121875
0 0.696875 0.86953125 0.0484375 0.1375
0 0.6890625 0.60703125 0.04375 0.125
0 0.71875 0.259375 0.040625 0.109375
0 0.734375 0.6078125 0.0453125 0.125
0 0.77265625 0.60625 0.05 0.1234375
0 0.7640625 0.36875 0.040625 0.1140625
0 0.45390625 0.74609375 0.0875 0.0546875
0 0.79375 0.15234375 0.0421875 0.1046875
0 0.86640625 0.61015625 0.05 0.128125
0 0.71875 0.15859375 0.04375 0.103125
0 0.8015625 0.36640625 0.046875 0.1140625
0 0.8421875 0.371875 0.040625 0.1125
0 0.678125 0.1578125 0.040625 0.103125
0 0.81640625 0.61484375 0.053125 0.128125
0 0.86640625 0.73828125 0.053125 0.1328125
0 0.74453125 0.871875 0.05 0.140625
0 0.8375 0.2640625 0.040625 0.1140625
0 0.83671875 0.15625 0.040625 0.10625
0 0.740625 0.73828125 0.05 0.134375
0 0.2515625 0.15390625 0.071875 0.040625
0 0.76171875 0.25625 0.04375 0.1109375
0 0.80078125 0.25859375 0.046875 0.109375
0 0.75625 0.15546875 0.0421875 0.10625
0 0.875 0.8828125 0.053125 0.153125
0 0.77890625 0.73984375 0.0453125 0.1359375
0 0.825 0.74140625 0.05 0.1296875
0 0.83203125 0.88125 0.053125 0.14375
0 0.78671875 0.87734375 0.05625 0.140625
0 0.24921875 0.19296875 0.075 0.0453125