0 0.4984375 0.28359375 0.078125 0.046875
0 0.5796875 0.65625 0.078125 0.05
0 0.5734375 0.334375 0.078125 0.046875
0 0.65234375 0.3796875 0.075 0.04375
0 0.72578125 0.38203125 0.0765625 0.046875
0 0.5 0.42421875 0.078125 0.046875
0 0.5796875 0.7046875 0.0796875 0.046875
0 0.4234375 0.375 0.08125 0.046875
0 0.7359375 0.609375 0.0796875 0.046875
0 0.575 0.3796875 0.078125 0.046875
0 0.65078125 0.3359375 0.0765625 0.04375
0 0.58515625 0.85390625 0.084375 0.053125
0 0.50234375 0.803125 0.08125 0.05
0 0.57578125 0.4265625 0.078125 0.046875
0 0.65390625 0.42578125 0.078125 0.046875
0 0.8 0.29453125 0.075 0.0453125
0 0.659375 0.60703125 0.0796875 0.046875
0 0.50078125 0.51328125 0.078125 0.046875
0 0.66015625 0.65703125 0.08125 0.0484375
0 0.57734375 0.51484375 0.078125 0.0453125
0 0.57265625 0.2453125 0.0765625 0.05
0 0.6671875 0.86171875 0.0859375 0.05625
0 0.42109375 0.5609375 0.0828125 0.05
0 0.50078125 0.37734375 0.078125 0.0484375
0 0.578125 0.56171875 0.078125 0.046875
0 0.57890625 0.60859375 0.078125 0.046875
0 0.72734375 0.428125 0.0765625 0.04375
0 0.5 0.85078125 0.0828125 0.05
0 0.64921875 0.25078125 0.0765625 0.0453125
0 0.81015625 0.515625 0.0765625 0.0453125
0 0.75078125 0.85546875 0.0828125 0.05625
0 0.6578125 0.56015625 0.0796875 0.046875
0 0.50234375 0.75390625 0.08125 0.0515625
0 0.4234375 0.42109375 0.08125 0.046875
0 0.41953125 0.51171875 0.0828125 0.0484375
0 0.803125 0.3828125 0.075 0.04375
0 0.72890625 0.47265625 0.075 0.04375
0 0.5 0.46953125 0.078125 0.0453125
0 0.66328125 0.75546875 0.08125 0.05
0 0.6546875 0.47109375 0.078125 0.0453125
0 0.421875 0.4671875 0.08125 0.046875
0 0.58359375 0.80234375 0.08125 0.053125
0 0.73515625 0.56171875 0.078125 0.0484375
0 0.81484375 0.6078125 0.078125 0.046875
0 0.8046875 0.4734375 0.078125 0.04375
0 0.73203125 0.51484375 0.075 0.046875
0 0.4203125 0.80390625 0.084375 0.0515625
0 0.57578125 0.471875 0.078125 0.0453125
0 0.42109375 0.7078125 0.0828125 0.05
0 0.4234375 0.32890625 0.078125 0.0453125
0 0.42109375 0.75703125 0.084375 0.05
0 0.72421875 0.3375 0.078125 0.04375
0 0.81328125 0.5609375 0.0765625 0.046875
0 0.42421875 0.23671875 0.078125 0.05
0 0.42109375 0.659375 0.084375 0.05
0 0.50078125 0.5609375 0.08125 0.046875
0 0.66015625 0.70625 0.08125 0.05
0 0.82265625 0.7015625 0.08125 0.05
0 0.49921875 0.33046875 0.0796875 0.046875
0 0.4984375 0.1953125 0.078125 0.05
0 0.421875 0.60859375 0.084375 0.046875
0 0.42421875 0.284375 0.078125 0.046875
0 0.80625 0.42890625 0.0765625 0.046875
0 0.57421875 0.2890625 0.075 0.046875
0 0.665625 0.80234375 0.084375 0.053125
0 0.58046875 0.7546875 0.0796875 0.05
0 0.49921875 0.2375 0.078125 0.046875
0 0.65 0.290625 0.0765625 0.04375
0 0.79765625 0.33984375 0.075 0.0453125
0 0.725 0.29140625 0.078125 0.0453125
0 0.73671875 0.6578125 0.0796875 0.0484375
0 0.815625 0.65703125 0.078125 0.05
0 0.74921875 0.80234375 0.08125 0.0515625
0 0.65625 0.51484375 0.078125 0.046875
0 0.57109375 0.1984375 0.075 0.053125
0 0.41875 0.85703125 0.0875 0.053125
0 0.7375 0.7046875 0.08125 0.046875
0 0.7203125 0.20625 0.075 0.05
0 0.42265625 0.1921875 0.078125 0.0515625
0 0.74609375 0.7546875 0.08125 0.053125
0 0.721875 0.25234375 0.0765625 0.04375
0 0.5015625 0.70703125 0.08125 0.0484375
0 0.79765625 0.209375 0.0765625 0.0453125
0 0.5015625 0.60859375 0.08125 0.046875
0 0.82890625 0.8546875 0.084375 0.059375
0 0.64765625 0.1578125 0.078125 0.05625
0 0.5015625 0.65703125 0.08125 0.05
0 0.3640625 0.4828125 0.0390625 0.109375
0 0.328125 0.3796875 0.0390625 0.109375
0 0.79609375 0.2546875 0.0765625 0.046875
0 0.71953125 0.16015625 0.075 0.05625
0 0.3625 0.378125 0.0375 0.109375
0 0.36171875 0.60078125 0.040625 0.115625
0 0.64609375 0.20625 0.0765625 0.05
0 0.32265625 0.60078125 0.040625 0.115625
0 0.79609375 0.165625 0.075 0.0484375
0 0.32890625 0.27109375 0.0390625 0.10625
0 0.3609375 0.7140625 0.040625 0.115625
0 0.28359375 0.6 0.0421875 0.1171875
0 0.325 0.48671875 0.0390625 0.109375
0 0.36015625 0.8296875 0.040625 0.115625
0 0.49765625 0.146875 0.078125 0.059375
0 0.2875 0.4828125 0.040625 0.1125
0 0.81953125 0.7546875 0.08125 0.05
0 0.24609375 0.8328125 0.04375 0.121875
0 0.28359375 0.7140625 0.040625 0.115625
0 0.57109375 0.153125 0.078125 0.053125
0 0.32265625 0.83203125 0.0421875 0.121875
0 0.22109375 0.26171875 0.0421875 0.109375
0 0.24609375 0.7078125 0.040625 0.11875
0 0.2828125 0.83203125 0.0421875 0.1203125
0 0.28984375 0.3765625 0.040625 0.109375
0 0.20859375 0.8265625 0.040625 0.1234375
0 0.32265625 0.70859375 0.040625 0.1171875
0 0.4234375 0.1453125 0.08125 0.053125
0 0.36328125 0.16328125 0.040625 0.10625
0 0.25234375 0.48125 0.040625 0.1125
0 0.25859375 0.26640625 0.04375 0.109375
0 0.2109375 0.59609375 0.0375 0.1171875
0 0.21484375 0.48203125 0.04375 0.1125
0 0.29296875 0.26953125 0.040625 0.109375
0 0.2109375 0.7109375 0.0421875 0.115625
0 0.33046875 0.16015625 0.040625 0.1078125
0 0.2921875 0.16015625 0.0421875 0.109375
0 0.25234375 0.37578125 0.040625 0.109375
0 0.82265625 0.79765625 0.08125 0.0515625
0 0.21796875 0.37421875 0.04375 0.109375
0 0.221875 0.15546875 0.0421875 0.115625
0 0.25703125 0.15625 0.04375 0.10625
0 0.246875 0.5953125 0.040625 0.1125
0 0.3625 0.26953125 0.04375 0.1109375