0 0.39765625 0.78359375 0.03515625 0.1671875
0 0.1828125 0.61328125 0.03046875 0.16484375
0 0.371875 0.78125 0.025 0.16640625
0 0.61640625 0.61953125 0.03125 0.16640625
0 0.61328125 0.459375 0.0328125 0.16640625
0 0.63828125 0.45703125 0.03515625 0.1640625
0 0.35078125 0.2796875 0.0296875 0.16328125
0 0.42734375 0.78203125 0.0265625 0.16640625
0 0.57421875 0.77890625 0.02578125 0.1640625
0 0.42109375 0.44921875 0.0296875 0.16953125
0 0.415625 0.27734375 0.02578125 0.16171875
0 0.30625 0.78359375 0.02578125 0.16640625
0 0.75234375 0.61484375 0.03125 0.16640625
0 0.39453125 0.27734375 0.02578125 0.15859375
0 0.4484375 0.78125 0.0234375 0.165625
0 0.1828125 0.45234375 0.03125 0.16484375
0 0.31484375 0.2796875 0.0265625 0.1625
0 0.60078125 0.7796875 0.02734375 0.159375
0 0.290625 0.28046875 0.0265625 0.1640625
0 0.7265625 0.6140625 0.028125 0.16328125
0 0.59375 0.6203125 0.03203125 0.165625
0 0.26953125 0.4546875 0.02734375 0.16015625
0 0.18203125 0.78046875 0.02578125 0.1640625
0 0.5546875 0.7796875 0.02890625 0.16484375
0 0.59296875 0.459375 0.02890625 0.16640625
0 0.6453125 0.61796875 0.02890625 0.16328125
0 0.525 0.6171875 0.02734375 0.16328125
0 0.159375 0.45 0.03203125 0.165625
0 0.2046875 0.453125 0.03125 0.16484375
0 0.5328125 0.78125 0.0234375 0.1671875
0 0.2703125 0.28125 0.028125 0.1640625
0 0.884375 0.76875 0.0265625 0.1515625
0 0.51015625 0.778125 0.02734375 0.16328125
0 0.346875 0.7828125 0.02578125 0.16953125
0 0.22734375 0.2796875 0.03046875 0.1703125
0 0.3328125 0.27890625 0.02109375 0.1640625
0 0.26640625 0.7828125 0.02109375 0.1625
0 0.50234375 0.615625 0.034375 0.16640625
0 0.35390625 0.4453125 0.02890625 0.1734375
0 0.20546875 0.7828125 0.0296875 0.16484375
0 0.928125 0.60859375 0.02578125 0.159375
0 0.77578125 0.6109375 0.02890625 0.16328125
0 0.328125 0.778125 0.01953125 0.1640625
0 0.3765625 0.446875 0.02734375 0.175
0 0.4890625 0.453125 0.034375 0.16015625
0 0.22734375 0.78203125 0.0265625 0.16171875
0 0.4421875 0.61640625 0.03359375 0.16796875
0 0.66171875 0.45625 0.03359375 0.165625
0 0.378125 0.61640625 0.034375 0.16484375
0 0.46875 0.78046875 0.025 0.16640625
0 0.353125 0.615625 0.03359375 0.16796875
0 0.68125 0.4546875 0.03203125 0.1625
0 0.20703125 0.6140625 0.0296875 0.16328125
0 0.2453125 0.45390625 0.02578125 0.16015625
0 0.375 0.2796875 0.028125 0.16171875
0 0.4625 0.6171875 0.03671875 0.1671875
0 0.846875 0.77578125 0.025 0.15859375
0 0.84609375 0.453125 0.03046875 0.16328125
0 0.44296875 0.4484375 0.03046875 0.16640625
0 0.7859375 0.7734375 0.02734375 0.16015625
0 0.46484375 0.45234375 0.03125 0.1625
0 0.31015625 0.45234375 0.0265625 0.1625
0 0.2453125 0.7796875 0.02109375 0.1625
0 0.5140625 0.453125 0.0265625 0.1625
0 0.28515625 0.7828125 0.02578125 0.1640625
0 0.48984375 0.78125 0.02109375 0.16875
0 0.22734375 0.615625 0.02890625 0.16171875
0 0.81328125 0.77265625 0.0296875 0.16015625
0 0.290625 0.615625 0.03203125 0.16484375
0 0.72265625 0.45546875 0.034375 0.16171875
0 0.3984375 0.6171875 0.03359375 0.16796875
0 0.71015625 0.61015625 0.02578125 0.15859375
0 0.8671875 0.45234375 0.0296875 0.16171875
0 0.74296875 0.453125 0.03671875 0.165625
0 0.6671875 0.61484375 0.0296875 0.16640625
0 0.26953125 0.615625 0.03046875 0.1671875
0 0.41953125 0.61640625 0.03359375 0.165625
0 0.9265625 0.76484375 0.02890625 0.16015625
0 0.334375 0.61328125 0.02890625 0.1671875
0 0.31171875 0.61640625 0.03359375 0.16640625
0 0.24921875 0.2796875 0.02578125 0.17109375
0 0.8953125 0.609375 0.021875 0.15859375
0 0.8671875 0.771875 0.01953125 0.1546875
0 0.74453125 0.77578125 0.02734375 0.16171875
0 0.853125 0.6125 0.02890625 0.1609375
0 0.63515625 0.7828125 0.04296875 0.1625
0 0.18125 0.20390625 0.03359375 0.06328125
0 0.17890625 0.265625 0.03046875 0.0625
0 0.17890625 0.325 0.02890625 0.0609375
0 0.20703125 0.2765625 0.0296875 0.15859375
0 0.43671875 0.27421875 0.0234375 0.159375
0 0.490625 0.20625 0.078125 0.01875
0 0.4921875 0.2234375 0.07890625 0.01875
0 0.49453125 0.2390625 0.07890625 0.0140625
0 0.4953125 0.2546875 0.0796875 0.01796875
0 0.496875 0.271875 0.0796875 0.0171875
0 0.49921875 0.2875 0.0796875 0.01875
0 0.5 0.3046875 0.078125 0.0171875
0 0.49921875 0.321875 0.078125 0.01796875
0 0.4953125 0.33671875 0.07890625 0.0171875
0 0.496875 0.35234375 0.078125 0.01640625
0 0.49453125 0.36640625 0.07890625 0.0125
0 0.5703125 0.20703125 0.07890625 0.02109375
0 0.57109375 0.22421875 0.07890625 0.0203125
0 0.57421875 0.24140625 0.07890625 0.02109375
0 0.57734375 0.25625 0.078125 0.01953125
0 0.57890625 0.2734375 0.07890625 0.02109375
0 0.58046875 0.290625 0.07890625 0.0203125
0 0.58125 0.30625 0.07890625 0.021875
0 0.5796875 0.3234375 0.07890625 0.0203125
0 0.57421875 0.3390625 0.07890625 0.01875
0 0.575 0.35390625 0.078125 0.01875
0 0.578125 0.36875 0.078125 0.01796875
0 0.65 0.21015625 0.07734375 0.021875
0 0.64921875 0.22578125 0.07578125 0.01484375
0 0.653125 0.23984375 0.08046875 0.0203125
0 0.6546875 0.25703125 0.0796875 0.0203125
0 0.65546875 0.2734375 0.0765625 0.01796875
0 0.65859375 0.2890625 0.078125 0.01953125
0 0.65703125 0.3046875 0.07734375 0.01875
0 0.65546875 0.32109375 0.07578125 0.01640625
0 0.65625 0.33671875 0.0765625 0.0171875
0 0.65234375 0.35234375 0.078125 0.0140625
0 0.6578125 0.36796875 0.07578125 0.015625
0 0.7265625 0.21328125 0.078125 0.021875
0 0.73046875 0.22578125 0.0796875 0.021875
0 0.734375 0.240625 0.0765625 0.021875
0 0.7390625 0.25546875 0.0796875 0.02109375
0 0.73828125 0.271875 0.07890625 0.0203125
0 0.73828125 0.2890625 0.078125 0.02109375
0 0.73671875 0.30546875 0.07890625 0.01953125
0 0.73515625 0.321875 0.078125 0.01796875
0 0.7375 0.334375 0.08046875 0.0171875
0 0.7390625 0.35 0.07890625 0.02109375
0 0.73515625 0.36640625 0.078125 0.01875
0 0.80625 0.21015625 0.07890625 0.01875
0 0.8109375 0.225 0.0796875 0.0203125
0 0.8109375 0.240625 0.0796875 0.01953125
0 0.81484375 0.25625 0.078125 0.01953125
0 0.81640625 0.2703125 0.0796875 0.01953125
0 0.81796875 0.2875 0.08046875 0.01953125
0 0.8171875 0.303125 0.07890625 0.0203125
0 0.81484375 0.31953125 0.08125 0.01953125
0 0.81953125 0.33359375 0.07890625 0.02109375
0 0.81875 0.35 0.07890625 0.01875
0 0.81796875 0.365625 0.0796875 0.01640625
0 0.878125 0.19609375 0.07890625 0.01640625
0 0.88203125 0.21015625 0.07578125 0.015625
0 0.8890625 0.225 0.07890625 0.01796875
0 0.88828125 0.240625 0.078125 0.015625
0 0.89296875 0.2546875 0.0796875 0.01796875
0 0.89453125 0.27265625 0.0796875 0.01875
0 0.8921875 0.2875 0.0765625 0.0171875
0 0.89296875 0.30390625 0.0796875 0.0171875
0 0.89375 0.3203125 0.07578125 0.0171875
0 0.89375 0.33515625 0.07578125 0.01796875
0 0.89453125 0.35078125 0.0765625 0.02109375
0 0.89453125 0.36640625 0.0796875 0.0171875
0 0.9265625 0.45234375 0.025 0.15625
0 0.90546875 0.4515625 0.0234375 0.15546875
0 0.884375 0.453125 0.028125 0.15625
0 0.821875 0.4515625 0.034375 0.15625
0 0.80234375 0.4515625 0.03828125 0.1578125
0 0.78046875 0.4515625 0.0359375 0.1609375
0 0.76015625 0.4515625 0.0390625 0.16015625
0 0.69921875 0.45390625 0.03515625 0.15625
0 0.571875 0.45703125 0.02109375 0.16171875
0 0.55 0.45625 0.021875 0.1609375
0 0.53203125 0.45390625 0.0203125 0.16015625
0 0.3984375 0.45 0.021875 0.16484375
0 0.33359375 0.45078125 0.021875 0.1625
0 0.29140625 0.45078125 0.0234375 0.16015625
0 0.2234375 0.453125 0.02109375 0.15859375
0 0.16171875 0.61328125 0.02890625 0.16953125
0 0.2484375 0.615625 0.03828125 0.16484375
0 0.48359375 0.6140625 0.0421875 0.16328125
0 0.5484375 0.61796875 0.03828125 0.16171875
0 0.56953125 0.61640625 0.0390625 0.16171875
0 0.68671875 0.61328125 0.03515625 0.1640625
0 0.79375 0.6125 0.03125 0.16328125
0 0.8140625 0.6109375 0.03203125 0.16328125
0 0.83203125 0.61171875 0.0265625 0.16171875
0 0.8703125 0.6125 0.0265625 0.159375
0 0.90859375 0.609375 0.0203125 0.159375
0 0.1625 0.77890625 0.02734375 0.16796875
0 0.66171875 0.77578125 0.0328125 0.16328125
0 0.68203125 0.7734375 0.03046875 0.1625
0 0.70234375 0.77265625 0.02890625 0.1625
0 0.721875 0.77109375 0.0296875 0.1609375
0 0.7640625 0.775 0.0296875 0.1609375
0 0.828125 0.77265625 0.02734375 0.16171875
0 0.90390625 0.76640625 0.02890625 0.159375
0 0.18984375 0.3640625 0.08203125 0.02109375
0 0.34296875 0.3625 0.22890625 0.0203125