0 0.17578125 0.2046875 0.08125 0.0515625
0 0.41640625 0.48828125 0.075 0.0453125
0 0.48984375 0.4359375 0.0765625 0.046875
0 0.41171875 0.2515625 0.078125 0.05
0 0.415625 0.57578125 0.075 0.04375
0 0.33984375 0.48984375 0.075 0.04375
0 0.18828125 0.4421875 0.075 0.04375
0 0.34140625 0.575 0.0734375 0.04375
0 0.490625 0.3890625 0.078125 0.046875
0 0.5625 0.58125 0.078125 0.0453125
0 0.5640625 0.490625 0.0765625 0.046875
0 0.56328125 0.53671875 0.0765625 0.046875
0 0.26640625 0.48984375 0.075 0.04375
0 0.48828125 0.57109375 0.075 0.0453125
0 0.1828125 0.34921875 0.075 0.0484375
0 0.259375 0.35078125 0.0765625 0.046875
0 0.4109375 0.15234375 0.08125 0.05625
0 0.4953125 0.1484375 0.08125 0.0546875
0 0.26328125 0.39765625 0.0765625 0.046875
0 0.4125 0.3 0.078125 0.0484375
0 0.33671875 0.34921875 0.078125 0.046875
0 0.1859375 0.396875 0.075 0.046875
0 0.334375 0.25390625 0.0796875 0.053125
0 0.3359375 0.30078125 0.078125 0.05
0 0.56796875 0.34375 0.08125 0.05
0 0.48828125 0.61640625 0.0765625 0.04375
0 0.18125 0.3015625 0.078125 0.046875
0 0.56640625 0.39375 0.0796875 0.046875
0 0.4875 0.70390625 0.075 0.040625
0 0.4171875 0.703125 0.071875 0.0421875
0 0.56875 0.2953125 0.0796875 0.05
0 0.34375 0.70234375 0.071875 0.040625
0 0.3375 0.39765625 0.078125 0.046875
0 0.41171875 0.2 0.08125 0.053125
0 0.56875 0.24609375 0.08125 0.05
0 0.17890625 0.25390625 0.078125 0.0484375
0 0.48515625 0.66015625 0.075 0.04375
0 0.3390625 0.44453125 0.0765625 0.046875
0 0.490625 0.3421875 0.078125 0.046875
0 0.48984375 0.48125 0.075 0.0453125
0 0.56015625 0.66796875 0.075 0.0421875
0 0.565625 0.4421875 0.0796875 0.05
0 0.18984375 0.4859375 0.0734375 0.0453125
0 0.57109375 0.19765625 0.08125 0.0515625
0 0.49140625 0.29296875 0.078125 0.046875
0 0.2703125 0.57265625 0.071875 0.04375
0 0.26484375 0.4453125 0.078125 0.0453125
0 0.4890625 0.525 0.0765625 0.04375
0 0.49453125 0.19921875 0.08125 0.0515625
0 0.57265625 0.14609375 0.08125 0.0515625
0 0.4125 0.3484375 0.078125 0.046875
0 0.25859375 0.30234375 0.078125 0.05
0 0.27109375 0.61640625 0.071875 0.0421875
0 0.25234375 0.20234375 0.0796875 0.053125
0 0.1921875 0.52734375 0.075 0.04375
0 0.34140625 0.61875 0.071875 0.0421875
0 0.49375 0.246875 0.0796875 0.05
0 0.2734375 0.7796875 0.071875 0.0421875
0 0.41640625 0.53046875 0.075 0.0453125
0 0.559375 0.71015625 0.075 0.04375
0 0.253125 0.15234375 0.078125 0.059375
0 0.56171875 0.625 0.0765625 0.04375
0 0.26796875 0.53046875 0.075 0.040625
0 0.4859375 0.74296875 0.071875 0.040625
0 0.4125 0.44140625 0.075 0.0453125
0 0.3296875 0.1453125 0.084375 0.0578125
0 0.41640625 0.6203125 0.075 0.0421875
0 0.4125 0.74140625 0.071875 0.0390625
0 0.5578125 0.746875 0.075 0.0421875
0 0.16875 0.15390625 0.084375 0.05625
0 0.2734375 0.7375 0.071875 0.040625
0 0.48515625 0.825 0.0734375 0.0421875
0 0.33984375 0.53359375 0.075 0.04375
0 0.55703125 0.7890625 0.071875 0.04375
0 0.41328125 0.66015625 0.0734375 0.040625
0 0.33203125 0.20390625 0.0828125 0.053125
0 0.19375 0.56953125 0.075 0.04375
0 0.19453125 0.61328125 0.075 0.04375
0 0.48515625 0.78359375 0.071875 0.0421875
0 0.25703125 0.25546875 0.0796875 0.05
0 0.19921875 0.69765625 0.0734375 0.04375
0 0.55703125 0.83046875 0.071875 0.04375
0 0.19765625 0.65546875 0.0734375 0.040625
0 0.2734375 0.7 0.071875 0.0421875
0 0.41328125 0.7828125 0.0703125 0.040625
0 0.415625 0.82265625 0.06875 0.04375
0 0.34375 0.740625 0.0703125 0.040625
0 0.20390625 0.81875 0.06875 0.040625
0 0.27265625 0.659375 0.071875 0.040625
0 0.20078125 0.77734375 0.071875 0.0421875
0 0.34296875 0.659375 0.071875 0.0421875
0 0.34375 0.78203125 0.071875 0.040625
0 0.41484375 0.39296875 0.078125 0.046875
0 0.6609375 0.4046875 0.040625 0.109375
0 0.27421875 0.82109375 0.075 0.040625
0 0.2 0.7359375 0.071875 0.040625
0 0.62421875 0.40546875 0.0390625 0.109375
0 0.61875 0.5125 0.0375 0.103125
0 0.615625 0.61484375 0.0375 0.103125
0 0.65546875 0.5125 0.0375 0.1046875
0 0.653125 0.6140625 0.0375 0.103125
0 0.64765625 0.71171875 0.0375 0.096875
0 0.784375 0.16953125 0.0515625 0.128125
0 0.64453125 0.81171875 0.0375 0.0984375
0 0.68828125 0.5109375 0.0375 0.1046875
0 0.63359375 0.184375 0.040625 0.11875
0 0.609375 0.809375 0.0375 0.096875
0 0.3453125 0.82109375 0.071875 0.04375
0 0.6296875 0.29921875 0.040625 0.1140625
0 0.615625 0.7171875 0.0359375 0.096875
0 0.67890625 0.71640625 0.040625 0.1
0 0.6703125 0.178125 0.0421875 0.1265625
0 0.69765625 0.40390625 0.040625 0.109375
0 0.74765625 0.17109375 0.046875 0.128125
0 0.7203125 0.51640625 0.0375 0.10625
0 0.68515625 0.61484375 0.040625 0.10625
0 0.7421875 0.8171875 0.0421875 0.1
0 0.72265625 0.615625 0.040625 0.1046875
0 0.7578125 0.62265625 0.040625 0.103125
0 0.66484375 0.29140625 0.040625 0.1171875
0 0.75625 0.5140625 0.0390625 0.10625
0 0.70390625 0.17109375 0.046875 0.128125
0 0.6734375 0.8125 0.040625 0.1
0 0.70546875 0.8140625 0.0421875 0.1
0 0.77109375 0.3 0.046875 0.115625
0 0.75 0.71484375 0.040625 0.096875
0 0.69921875 0.2953125 0.04375 0.115625
0 0.709375 0.71484375 0.0390625 0.1
0 0.72890625 0.40390625 0.040625 0.109375
0 0.7640625 0.40625 0.040625 0.1078125
0 0.73671875 0.29453125 0.046875 0.115625