0 0.4234375 0.71796875 0.0828125 0.0515625
0 0.503125 0.7671875 0.084375 0.053125
0 0.34375 0.6171875 0.078125 0.046875
0 0.425 0.61796875 0.08125 0.0484375
0 0.425 0.6671875 0.08125 0.0515625
0 0.19296875 0.49609375 0.078125 0.046875
0 0.19609375 0.45078125 0.078125 0.046875
0 0.584375 0.6171875 0.084375 0.05
0 0.19140625 0.54453125 0.0765625 0.046875
0 0.4296875 0.29296875 0.078125 0.0453125
0 0.5046875 0.42890625 0.0796875 0.046875
0 0.42578125 0.521875 0.08125 0.046875
0 0.271875 0.49140625 0.078125 0.046875
0 0.43125 0.20234375 0.078125 0.04375
0 0.50390625 0.5203125 0.08125 0.046875
0 0.3453125 0.5203125 0.078125 0.046875
0 0.2734375 0.44375 0.078125 0.046875
0 0.5859375 0.4265625 0.084375 0.046875
0 0.428125 0.33828125 0.078125 0.046875
0 0.3484375 0.43046875 0.078125 0.0453125
0 0.428125 0.43125 0.08125 0.046875
0 0.34296875 0.56796875 0.078125 0.0484375
0 0.584375 0.665625 0.084375 0.05
0 0.33984375 0.8140625 0.0828125 0.053125
0 0.2640625 0.6828125 0.08125 0.046875
0 0.58359375 0.38125 0.08125 0.046875
0 0.50390625 0.471875 0.0796875 0.05
0 0.42578125 0.56953125 0.08125 0.046875
0 0.5046875 0.38203125 0.0796875 0.046875
0 0.50390625 0.56796875 0.08125 0.0484375
0 0.42890625 0.38359375 0.0796875 0.046875
0 0.26328125 0.72890625 0.08125 0.05
0 0.58671875 0.71640625 0.084375 0.053125
0 0.42734375 0.4734375 0.08125 0.046875
0 0.34765625 0.47265625 0.078125 0.046875
0 0.35 0.29140625 0.0796875 0.0453125
0 0.34296875 0.66484375 0.08125 0.046875
0 0.43046875 0.246875 0.078125 0.0453125
0 0.3484375 0.33671875 0.078125 0.046875
0 0.58671875 0.52265625 0.0859375 0.0484375
0 0.58359375 0.56640625 0.084375 0.05
0 0.26875 0.5859375 0.0765625 0.0484375
0 0.3390625 0.7640625 0.08125 0.0515625
0 0.58671875 0.76640625 0.0859375 0.053125
0 0.5046875 0.29140625 0.078125 0.0453125
0 0.2734375 0.39296875 0.078125 0.053125
0 0.26171875 0.7796875 0.08125 0.05
0 0.42265625 0.76796875 0.0828125 0.0515625
0 0.503125 0.8203125 0.0875 0.05625
0 0.35 0.384375 0.078125 0.046875
0 0.50625 0.20078125 0.078125 0.04375
0 0.18359375 0.68125 0.0796875 0.05
0 0.19921875 0.11953125 0.078125 0.053125
0 0.26953125 0.53984375 0.078125 0.0484375
0 0.18203125 0.73046875 0.08125 0.05
0 0.1875 0.63359375 0.078125 0.046875
0 0.18984375 0.58671875 0.078125 0.046875
0 0.34140625 0.71328125 0.08125 0.05
0 0.5828125 0.471875 0.0828125 0.0484375
0 0.178125 0.7796875 0.0828125 0.0515625
0 0.5828125 0.33515625 0.08125 0.046875
0 0.196875 0.35859375 0.0765625 0.046875
0 0.259375 0.8296875 0.0828125 0.05625
0 0.2 0.25546875 0.078125 0.05
0 0.19609375 0.4046875 0.075 0.046875
0 0.43125 0.159375 0.0765625 0.05
0 0.58515625 0.28828125 0.08125 0.046875
0 0.27421875 0.3375 0.075 0.05
0 0.278125 0.20390625 0.0765625 0.0484375
0 0.58515625 0.15859375 0.078125 0.0453125
0 0.3515625 0.2 0.078125 0.046875
0 0.26640625 0.634375 0.078125 0.0484375
0 0.5828125 0.19765625 0.0796875 0.0453125
0 0.5828125 0.24375 0.08125 0.0453125
0 0.203125 0.31328125 0.075 0.046875
0 0.27734375 0.2921875 0.075 0.04375
0 0.3515625 0.2484375 0.078125 0.046875
0 0.58203125 0.81484375 0.0875 0.05625
0 0.67890625 0.24140625 0.0390625 0.109375
0 0.503125 0.3359375 0.0796875 0.0453125
0 0.5046875 0.2453125 0.078125 0.046875
0 0.278125 0.1609375 0.075 0.046875
0 0.50625 0.61328125 0.084375 0.05
0 0.353125 0.15703125 0.0765625 0.05
0 0.43046875 0.1109375 0.078125 0.0484375
0 0.203125 0.2109375 0.078125 0.046875
0 0.50546875 0.1609375 0.078125 0.0453125
0 0.421875 0.81796875 0.084375 0.0546875
0 0.17734375 0.8296875 0.084375 0.0546875
0 0.50703125 0.1171875 0.078125 0.04375
0 0.278125 0.2484375 0.0765625 0.046875
0 0.275 0.115625 0.0796875 0.05
0 0.58203125 0.11328125 0.078125 0.05
0 0.64921875 0.6953125 0.04375 0.1203125
0 0.64921875 0.8171875 0.0453125 0.128125
0 0.353125 0.10703125 0.075 0.05
0 0.5015625 0.715625 0.084375 0.05
0 0.64609375 0.4671875 0.040625 0.115625
0 0.80234375 0.58046875 0.046875 0.1203125
0 0.5015625 0.66640625 0.084375 0.0515625
0 0.684375 0.69921875 0.04375 0.11875
0 0.80390625 0.70078125 0.046875 0.121875
0 0.78515625 0.13359375 0.040625 0.0953125
0 0.6796875 0.35 0.040625 0.109375
0 0.64765625 0.578125 0.0421875 0.115625
0 0.6453125 0.35390625 0.040625 0.109375
0 0.20234375 0.1640625 0.078125 0.05
0 0.68125 0.4625 0.0421875 0.115625
0 0.7921875 0.23515625 0.0421875 0.115625
0 0.72109375 0.69609375 0.04375 0.1203125
0 0.8015625 0.8296875 0.046875 0.13125
0 0.684375 0.81640625 0.04375 0.1265625
0 0.72109375 0.825 0.046875 0.128125
0 0.76640625 0.7 0.0453125 0.121875
0 0.78984375 0.35078125 0.04375 0.115625
0 0.76171875 0.5796875 0.046875 0.11875
0 0.765625 0.82734375 0.046875 0.1359375
0 0.75703125 0.4625 0.04375 0.115625
0 0.68203125 0.578125 0.04375 0.11875
0 0.71796875 0.5796875 0.04375 0.11875
0 0.71875 0.4609375 0.040625 0.1171875
0 0.79453125 0.46484375 0.046875 0.1125
0 0.74921875 0.134375 0.05 0.10625
0 0.64296875 0.13828125 0.040625 0.10625
0 0.67578125 0.13515625 0.040625 0.103125
0 0.753125 0.23828125 0.046875 0.115625
0 0.71796875 0.34921875 0.053125 0.1125
0 0.71328125 0.134375 0.040625 0.103125
0 0.7140625 0.2390625 0.0390625 0.1125
0 0.64375 0.2484375 0.0375 0.109375
0 0.75390625 0.35 0.0375 0.1140625