0 0.66328125 0.50234375 0.1875 0.0296875
0 0.8390625 0.865625 0.175 0.03125
0 0.6609375 0.453125 0.1875 0.03125
0 0.6640625 0.5546875 0.184375 0.0296875
0 0.6625 0.60625 0.184375 0.0328125
0 0.28828125 0.10078125 0.190625 0.03125
0 0.8484375 0.24453125 0.184375 0.034375
0 0.8484375 0.38359375 0.184375 0.03125
0 0.6671875 0.3828125 0.190625 0.03125
0 0.290625 0.6796875 0.1890625 0.0296875
0 0.83828125 0.88984375 0.175 0.0359375
0 0.6640625 0.52890625 0.184375 0.0296875
0 0.4765625 0.7328125 0.1921875 0.04375
0 0.29609375 0.55234375 0.184375 0.028125
0 0.478125 0.3890625 0.184375 0.0421875
0 0.84609375 0.73125 0.178125 0.028125
0 0.28984375 0.275 0.190625 0.028125
0 0.66484375 0.35546875 0.190625 0.03125
0 0.296875 0.15234375 0.190625 0.03125
0 0.2921875 0.62734375 0.1890625 0.0328125
0 0.85 0.50703125 0.190625 0.03125
0 0.29609375 0.17734375 0.1875 0.03125
0 0.84609375 0.7796875 0.175 0.03125
0 0.4765625 0.30859375 0.190625 0.03125
0 0.6640625 0.72578125 0.184375 0.03125
0 0.29765625 0.9046875 0.184375 0.034375
0 0.6609375 0.47890625 0.1875 0.03125
0 0.84296875 0.10078125 0.1703125 0.03125
0 0.29609375 0.575 0.18125 0.0296875
0 0.85234375 0.5390625 0.1859375 0.03125
0 0.66796875 0.334375 0.1953125 0.034375
0 0.29609375 0.8796875 0.1890625 0.0296875
0 0.84765625 0.43359375 0.184375 0.028125
0 0.2890625 0.76953125 0.1875 0.0328125
0 0.2953125 0.6015625 0.1828125 0.03125
0 0.28671875 0.07421875 0.190625 0.03125
0 0.48203125 0.3484375 0.1859375 0.05
0 0.84921875 0.2203125 0.184375 0.034375
0 0.29296875 0.396875 0.190625 0.03125
0 0.6671875 0.30625 0.196875 0.034375
0 0.29375 0.2984375 0.19375 0.03125
0 0.29375 0.125 0.190625 0.0296875
0 0.48203125 0.5640625 0.184375 0.046875
0 0.84609375 0.61015625 0.178125 0.03125
0 0.296875 0.81875 0.1875 0.03125
0 0.84921875 0.4078125 0.184375 0.028125
0 0.66640625 0.70234375 0.1828125 0.034375
0 0.29375 0.4234375 0.1875 0.03125
0 0.665625 0.5765625 0.1875 0.0296875
0 0.8453125 0.75625 0.175 0.0265625
0 0.846875 0.684375 0.18125 0.0296875
0 0.8484375 0.19296875 0.184375 0.034375
0 0.659375 0.8765625 0.178125 0.03125
0 0.475 0.28359375 0.1890625 0.03125
0 0.29453125 0.79140625 0.1859375 0.03125
0 0.84375 0.0734375 0.1703125 0.0328125
0 0.29453125 0.4484375 0.184375 0.0328125
0 0.665625 0.428125 0.190625 0.0359375
0 0.47734375 0.09296875 0.19375 0.034375
0 0.84765625 0.26796875 0.18125 0.025
0 0.84765625 0.30859375 0.1796875 0.03125
0 0.29375 0.325 0.19375 0.03125
0 0.840625 0.82265625 0.171875 0.03125
0 0.47890625 0.1421875 0.19375 0.03125
0 0.475 0.184375 0.1875 0.034375
0 0.66328125 0.41015625 0.1890625 0.03125
0 0.8390625 0.84140625 0.175 0.025
0 0.84609375 0.6609375 0.1796875 0.0296875
0 0.8453125 0.14921875 0.178125 0.034375
0 0.8453125 0.12109375 0.1734375 0.03125
0 0.84609375 0.6390625 0.178125 0.028125
0 0.29375 0.34921875 0.190625 0.0296875
0 0.85546875 0.5625 0.1828125 0.028125
0 0.48359375 0.41328125 0.184375 0.0484375
0 0.4734375 0.234375 0.184375 0.034375
0 0.29296875 0.3734375 0.190625 0.03125
0 0.47578125 0.06484375 0.19375 0.03125
0 0.28828125 0.71953125 0.1875 0.0328125
0 0.846875 0.71015625 0.18125 0.028125
0 0.846875 0.2890625 0.1796875 0.028125
0 0.28984375 0.65625 0.1890625 0.03125
0 0.84765625 0.5875 0.178125 0.028125
0 0.2890625 0.25234375 0.190625 0.028125
0 0.8453125 0.05078125 0.1734375 0.03125
0 0.47890625 0.90234375 0.1875 0.0390625
0 0.846875 0.171875 0.18125 0.03125
0 0.47421875 0.21171875 0.1875 0.0296875
0 0.6609375 0.840625 0.18125 0.034375
0 0.66484375 0.79609375 0.190625 0.0375
0 0.8484375 0.4828125 0.1875 0.03125
0 0.66484375 0.6546875 0.18125 0.0375
0 0.29765625 0.48515625 0.18125 0.0328125
0 0.48046875 0.58828125 0.1828125 0.05
0 0.29921875 0.8390625 0.1875 0.0328125
0 0.2953125 0.746875 0.184375 0.0296875
0 0.8484375 0.3359375 0.184375 0.028125
0 0.29765625 0.50625 0.1859375 0.03125
0 0.6671875 0.08359375 0.190625 0.0359375
0 0.47578125 0.2578125 0.1859375 0.028125
0 0.47734375 0.46328125 0.184375 0.0453125
0 0.66328125 0.25703125 0.190625 0.0375
0 0.2875 0.05 0.190625 0.0328125
0 0.4796875 0.43984375 0.184375 0.0421875
0 0.8375 0.91953125 0.18125 0.0390625
0 0.2921875 0.203125 0.1875 0.0296875
0 0.66875 0.11328125 0.190625 0.0328125
0 0.28984375 0.225 0.1875 0.03125
0 0.6625 0.6296875 0.184375 0.0375
0 0.47890625 0.1171875 0.190625 0.03125
0 0.478125 0.76015625 0.19375 0.040625
0 0.2921875 0.93359375 0.190625 0.0421875
0 0.29609375 0.8609375 0.184375 0.0265625
0 0.28828125 0.70078125 0.190625 0.01875
0 0.29375 0.53046875 0.184375 0.03125
0 0.47734375 0.4890625 0.18125 0.0609375
0 0.478125 0.51171875 0.18125 0.05625
0 0.478125 0.6125 0.184375 0.0515625
0 0.47734375 0.6390625 0.1859375 0.05
0 0.478125 0.66171875 0.1875 0.05
0 0.4765625 0.68671875 0.184375 0.05
0 0.47734375 0.709375 0.1875 0.05
0 0.47734375 0.7859375 0.1890625 0.046875
0 0.47734375 0.809375 0.1890625 0.04375
0 0.48046875 0.83359375 0.1875 0.0484375
0 0.4796875 0.85859375 0.1875 0.0453125
0 0.4796875 0.87734375 0.184375 0.0375
0 0.4796875 0.93203125 0.184375 0.0390625
0 0.6609375 0.925 0.1828125 0.0359375
0 0.6609375 0.9 0.178125 0.0359375
0 0.6625 0.8203125 0.184375 0.0359375
0 0.66328125 0.77421875 0.184375 0.0296875
0 0.66328125 0.75078125 0.1859375 0.0359375
0 0.66171875 0.67734375 0.184375 0.04375
0 0.6609375 0.28515625 0.1875 0.034375
0 0.6609375 0.23515625 0.1890625 0.0359375
0 0.6625 0.21015625 0.1890625 0.0359375
0 0.6625 0.18515625 0.1875 0.0375
0 0.66328125 0.159375 0.1875 0.0359375
0 0.6640625 0.1359375 0.184375 0.0375
0 0.6625 0.06640625 0.190625 0.034375
0 0.6609375 0.0421875 0.1875 0.0328125
0 0.8390625 0.80078125 0.171875 0.0296875
0 0.84375 0.459375 0.18125 0.028125
0 0.84765625 0.359375 0.1875 0.0296875
0 0.4734375 0.04453125 0.190625 0.025