0 0.49765625 0.33359375 0.1296875 0.1640625
0 0.49375 0.159375 0.1328125 0.16875
0 0.6265625 0.334375 0.13125 0.1578125
0 0.36796875 0.14609375 0.140625 0.16875
0 0.62890625 0.68671875 0.134375 0.16875
0 0.3671875 0.32578125 0.14375 0.165625
0 0.628125 0.5109375 0.13125 0.1625
0 0.50625 0.678125 0.134375 0.175
0 0.36875 0.5015625 0.1453125 0.1734375
0 0.503125 0.509375 0.1296875 0.165625
0 0.36796875 0.88359375 0.1515625 0.196875
0 0.50078125 0.87109375 0.1375 0.1921875
0 0.62109375 0.17734375 0.125 0.159375
0 0.36796875 0.68671875 0.1484375 0.1796875
0 0.634375 0.8703125 0.134375 0.18125