0 0.521875 0.40078125 0.046875 0.078125
0 0.25234375 0.5625 0.0546875 0.0796875
0 0.615625 0.47421875 0.0421875 0.075
0 0.27734375 0.64296875 0.053125 0.08125
0 0.4609375 0.62578125 0.0453125 0.075
0 0.44453125 0.70234375 0.0453125 0.075
0 0.5875 0.54609375 0.04375 0.071875
0 0.34921875 0.48203125 0.05 0.08125
0 0.39609375 0.48125 0.05 0.078125
0 0.3953125 0.55625 0.046875 0.075
0 0.290625 0.79140625 0.053125 0.078125
0 0.32578125 0.63515625 0.05 0.078125
0 0.5875 0.61640625 0.04375 0.071875
0 0.6296875 0.61484375 0.040625 0.071875
0 0.44296875 0.5546875 0.0484375 0.075
0 0.49453125 0.55234375 0.046875 0.0734375
0 0.65703125 0.4703125 0.040625 0.071875
0 0.571875 0.471875 0.0453125 0.075
0 0.41640625 0.628125 0.046875 0.075
0 0.4359375 0.40234375 0.0484375 0.078125
0 0.56640625 0.3984375 0.04375 0.0765625
0 0.546875 0.61953125 0.04375 0.071875
0 0.29921875 0.5609375 0.0515625 0.078125
0 0.4875 0.6984375 0.04375 0.075
0 0.50625 0.62265625 0.04375 0.0734375
0 0.3484375 0.55859375 0.05 0.0765625
0 0.37265625 0.63125 0.0484375 0.0765625
0 0.69765625 0.46953125 0.04375 0.071875
0 0.39765625 0.70625 0.046875 0.075
0 0.25078125 0.484375 0.059375 0.08125
0 0.225 0.64453125 0.05625 0.0828125
0 0.38828125 0.4 0.05 0.08125
0 0.60859375 0.4015625 0.04375 0.075
0 0.19609375 0.48671875 0.0625 0.0828125
0 0.30078125 0.48359375 0.0546875 0.0796875
0 0.25703125 0.7203125 0.05 0.078125
0 0.51640625 0.765625 0.0421875 0.071875
0 0.778125 0.46796875 0.0375 0.06875
0 0.47734375 0.39921875 0.046875 0.078125
0 0.20078125 0.5640625 0.0578125 0.08125
0 0.6296875 0.5453125 0.0375 0.071875
0 0.33984375 0.40078125 0.053125 0.08125
0 0.340625 0.78515625 0.05 0.0765625
0 0.66953125 0.54375 0.0390625 0.071875
0 0.54375 0.54921875 0.05 0.075
0 0.73828125 0.471875 0.040625 0.0703125
0 0.70859375 0.5421875 0.0375 0.071875
0 0.290625 0.40078125 0.053125 0.084375
0 0.44140625 0.31015625 0.1125 0.040625
0 0.52734375 0.69453125 0.040625 0.071875
0 0.47265625 0.7703125 0.0453125 0.0734375
0 0.20546875 0.72578125 0.059375 0.084375
0 0.43359375 0.775 0.0453125 0.075
0 0.353125 0.7109375 0.046875 0.075
0 0.5296875 0.4765625 0.04375 0.0765625
0 0.38671875 0.78046875 0.046875 0.075
0 0.6703125 0.61171875 0.040625 0.0703125
0 0.1875 0.4 0.0625 0.084375
0 0.23828125 0.3984375 0.059375 0.084375
0 0.30625 0.715625 0.05 0.0765625
0 0.73671875 0.4 0.040625 0.0734375
0 0.8171875 0.4671875 0.0390625 0.06875
0 0.77734375 0.39921875 0.0390625 0.071875
0 0.68984375 0.6765625 0.040625 0.06875
0 0.55703125 0.76015625 0.04375 0.071875
0 0.65 0.40234375 0.0421875 0.075
0 0.74375 0.540625 0.0390625 0.0703125
0 0.56796875 0.6875 0.040625 0.071875
0 0.234375 0.803125 0.059375 0.08125
0 0.78203125 0.5359375 0.040625 0.06875
0 0.44296875 0.34375 0.109375 0.0390625
0 0.78125 0.60546875 0.040625 0.06875
0 0.85078125 0.4671875 0.0359375 0.06875
0 0.6484375 0.6828125 0.040625 0.06875
0 0.44453125 0.47578125 0.05 0.078125
0 0.85 0.39921875 0.0375 0.071875
0 0.68828125 0.39921875 0.04375 0.075
0 0.59921875 0.75625 0.040625 0.071875
0 0.7453125 0.60703125 0.0375 0.0671875
0 0.20546875 0.34140625 0.125 0.0421875
0 0.70859375 0.6078125 0.0390625 0.06875
0 0.609375 0.6875 0.040625 0.06875
0 0.20390625 0.30390625 0.125 0.040625
0 0.815625 0.39921875 0.040625 0.071875
0 0.85078125 0.6 0.034375 0.065625
0 0.8515625 0.5359375 0.0375 0.0671875
0 0.55 0.31171875 0.103125 0.040625
0 0.328125 0.34296875 0.11875 0.0375
0 0.5546875 0.34375 0.1046875 0.040625
0 0.328125 0.30703125 0.1171875 0.040625
0 0.43984375 0.27265625 0.1140625 0.040625
0 0.48671875 0.475 0.04375 0.078125
0 0.634375 0.74921875 0.040625 0.071875
0 0.7828125 0.734375 0.0375 0.0671875
0 0.85078125 0.7265625 0.034375 0.0671875
0 0.65078125 0.3453125 0.096875 0.0375
0 0.196875 0.18359375 0.13125 0.046875
0 0.67421875 0.74453125 0.040625 0.06875
0 0.8203125 0.53671875 0.0375 0.06875
0 0.19921875 0.2625 0.128125 0.04375
0 0.76328125 0.6703125 0.0375 0.065625
0 0.81796875 0.7296875 0.0375 0.065625
0 0.7265625 0.675 0.0390625 0.06875
0 0.81796875 0.6015625 0.0375 0.0671875
0 0.73828125 0.28203125 0.090625 0.040625
0 0.7390625 0.3140625 0.090625 0.0375
0 0.64921875 0.31484375 0.096875 0.0375
0 0.7453125 0.7390625 0.0390625 0.06875
0 0.20078125 0.22578125 0.128125 0.046875
0 0.74453125 0.3484375 0.0921875 0.0375
0 0.54765625 0.278125 0.103125 0.040625
0 0.82578125 0.34609375 0.0875 0.0375
0 0.64921875 0.28203125 0.096875 0.040625
0 0.828125 0.31875 0.0859375 0.0375
0 0.6453125 0.2078125 0.0984375 0.0375
0 0.79765625 0.66796875 0.0390625 0.0671875
0 0.32734375 0.26640625 0.11875 0.040625
0 0.7359375 0.2140625 0.09375 0.0421875
0 0.83046875 0.25234375 0.09375 0.040625
0 0.32421875 0.19453125 0.115625 0.0421875
0 0.82578125 0.2203125 0.09375 0.04375
0 0.43828125 0.19921875 0.1125 0.04375
0 0.54296875 0.20234375 0.10625 0.040625
0 0.8296875 0.28359375 0.0875 0.0390625
0 0.740625 0.24765625 0.1 0.04375
0 0.64453125 0.24375 0.096875 0.0421875
0 0.54609375 0.2375 0.10625 0.040625
0 0.43828125 0.234375 0.115625 0.040625
0 0.325 0.23125 0.121875 0.040625
0 0.83203125 0.6625 0.0375 0.06875
0 0.71015625 0.740625 0.040625 0.06875