0 0.63515625 0.3671875 0.096875 0.0375
0 0.54375 0.37890625 0.090625 0.0359375
0 0.5421875 0.34296875 0.090625 0.0375
0 0.634375 0.4015625 0.096875 0.0359375
0 0.540625 0.23984375 0.0921875 0.040625
0 0.73203125 0.528125 0.103125 0.034375
0 0.64140625 0.26484375 0.1 0.040625
0 0.53984375 0.20234375 0.0953125 0.04375
0 0.453125 0.34921875 0.0875 0.034375
0 0.73828125 0.35859375 0.1078125 0.0390625
0 0.73359375 0.4625 0.1046875 0.034375
0 0.45390625 0.38203125 0.084375 0.0328125
0 0.74453125 0.32734375 0.109375 0.040625
0 0.4515625 0.315625 0.0875 0.0359375
0 0.45625 0.4421875 0.084375 0.03125
0 0.45703125 0.4109375 0.084375 0.03125
0 0.63359375 0.53046875 0.09375 0.03125
0 0.734375 0.43125 0.1046875 0.034375
0 0.73515625 0.49296875 0.103125 0.0359375
0 0.6421875 0.1875 0.103125 0.0453125
0 0.44609375 0.2171875 0.0890625 0.040625
0 0.63359375 0.4640625 0.09375 0.0328125
0 0.64140625 0.2265625 0.103125 0.04375
0 0.63671875 0.496875 0.090625 0.034375
0 0.54296875 0.2765625 0.09375 0.0375
0 0.6375 0.434375 0.096875 0.034375
0 0.74296875 0.28671875 0.109375 0.04375
0 0.73984375 0.3921875 0.10625 0.0375
0 0.54375 0.409375 0.0890625 0.034375
0 0.5390625 0.16640625 0.096875 0.046875
0 0.45 0.25 0.0875 0.0390625
0 0.5421875 0.30859375 0.09375 0.0390625
0 0.63515625 0.55703125 0.09375 0.03125
0 0.63671875 0.2984375 0.1015625 0.040625
0 0.63828125 0.33359375 0.1 0.0375
0 0.6421875 0.15078125 0.10625 0.053125
0 0.4609375 0.528125 0.078125 0.03125
0 0.37734375 0.41484375 0.0765625 0.03125
0 0.634375 0.5890625 0.0921875 0.0296875
0 0.74765625 0.24765625 0.109375 0.04375
0 0.46015625 0.50078125 0.08125 0.03125
0 0.54453125 0.4421875 0.0890625 0.034375
0 0.3796875 0.44453125 0.078125 0.03125
0 0.39140625 0.55703125 0.075 0.028125
0 0.38984375 0.53203125 0.078125 0.0296875
0 0.73046875 0.56171875 0.1 0.0328125
0 0.72578125 0.70234375 0.09375 0.0375
0 0.44921875 0.284375 0.0875 0.0375
0 0.37578125 0.38828125 0.078125 0.0328125
0 0.46171875 0.46953125 0.08125 0.03125
0 0.465625 0.5578125 0.0796875 0.0296875
0 0.38203125 0.47265625 0.0765625 0.0296875
0 0.371875 0.35625 0.078125 0.034375
0 0.38984375 0.5828125 0.075 0.028125
0 0.44609375 0.18125 0.0890625 0.0484375
0 0.36484375 0.23125 0.08125 0.040625
0 0.38828125 0.50625 0.078125 0.0296875
0 0.37109375 0.328125 0.078125 0.034375
0 0.471875 0.6625 0.075 0.028125
0 0.36796875 0.26484375 0.0796875 0.0390625
0 0.47265625 0.68828125 0.075 0.0296875
0 0.4640625 0.584375 0.078125 0.0296875
0 0.74921875 0.21171875 0.1125 0.046875
0 0.634375 0.615625 0.0921875 0.0296875
0 0.7265625 0.65 0.0953125 0.03125
0 0.72890625 0.5890625 0.096875 0.03125
0 0.5453125 0.58515625 0.0828125 0.0296875
0 0.4671875 0.6359375 0.0765625 0.028125
0 0.6296875 0.75703125 0.084375 0.04375
0 0.3046875 0.4234375 0.0703125 0.034375
0 0.5453125 0.559375 0.0875 0.03125
0 0.46875 0.61171875 0.078125 0.028125
0 0.63125 0.78828125 0.084375 0.0328125
0 0.5453125 0.47109375 0.0875 0.034375
0 0.7265625 0.61875 0.096875 0.03125
0 0.725 0.675 0.09375 0.0296875
0 0.39453125 0.6328125 0.071875 0.028125
0 0.5453125 0.53203125 0.0875 0.03125
0 0.54609375 0.50078125 0.0875 0.03125
0 0.63125 0.64375 0.090625 0.028125
0 0.63515625 0.66875 0.090625 0.028125
0 0.75390625 0.175 0.11875 0.053125
0 0.39296875 0.61015625 0.071875 0.028125
0 0.31875 0.57890625 0.0671875 0.028125
0 0.47421875 0.715625 0.075 0.028125
0 0.63203125 0.69765625 0.0875 0.028125
0 0.28515625 0.21328125 0.078125 0.04375
0 0.37265625 0.2984375 0.078125 0.034375
0 0.54609375 0.6140625 0.084375 0.0296875
0 0.30625 0.44921875 0.071875 0.03125
0 0.55 0.73828125 0.078125 0.03125
0 0.5515625 0.69453125 0.08125 0.028125
0 0.3171875 0.5546875 0.06875 0.0265625
0 0.31015625 0.503125 0.071875 0.028125
0 0.5515625 0.715625 0.078125 0.0265625
0 0.74921875 0.13203125 0.1203125 0.059375
0 0.2125 0.2234375 0.075 0.0453125
0 0.28828125 0.27578125 0.075 0.040625
0 0.47421875 0.73671875 0.075 0.028125
0 0.3640625 0.19609375 0.078125 0.04375
0 0.63125 0.815625 0.084375 0.03125
0 0.55078125 0.6671875 0.08125 0.028125
0 0.32578125 0.628125 0.0703125 0.028125
0 0.21640625 0.25703125 0.0734375 0.0421875
0 0.4765625 0.7609375 0.0734375 0.03125
0 0.30546875 0.478125 0.078125 0.028125
0 0.31640625 0.52890625 0.0703125 0.028125
0 0.6296875 0.92734375 0.078125 0.040625
0 0.3015625 0.39453125 0.0703125 0.0328125
0 0.3984375 0.659375 0.071875 0.03125
0 0.55 0.6421875 0.08125 0.028125
0 0.55234375 0.76484375 0.0765625 0.0296875
0 0.63046875 0.83828125 0.084375 0.03125
0 0.3234375 0.603125 0.06875 0.028125
0 0.25390625 0.57734375 0.071875 0.028125
0 0.253125 0.55546875 0.071875 0.028125
0 0.29921875 0.365625 0.0734375 0.0390625
0 0.29296875 0.30625 0.075 0.040625
0 0.72109375 0.72734375 0.0875 0.03125
0 0.72109375 0.753125 0.0890625 0.034375
0 0.71796875 0.7765625 0.0875 0.034375
0 0.71875 0.8 0.0875 0.034375
0 0.715625 0.82421875 0.084375 0.034375
0 0.7140625 0.8453125 0.084375 0.0328125
0 0.7125 0.86953125 0.08125 0.0296875
0 0.71171875 0.89140625 0.0828125 0.040625
0 0.709375 0.91484375 0.084375 0.040625
0 0.7078125 0.9359375 0.08125 0.0421875
0 0.70625 0.95859375 0.084375 0.034375
0 0.62890625 0.9015625 0.075 0.034375
0 0.6296875 0.88125 0.0765625 0.034375
0 0.63046875 0.859375 0.078125 0.034375
0 0.6296875 0.94453125 0.078125 0.03125
0 0.634375 0.7203125 0.0875 0.0375
0 0.28828125 0.24296875 0.0765625 0.046875
0 0.29453125 0.334375 0.071875 0.040625
0 0.21953125 0.28515625 0.071875 0.0390625
0 0.2234375 0.315625 0.0734375 0.040625
0 0.228125 0.3421875 0.065625 0.0359375
0 0.22890625 0.37109375 0.065625 0.034375
0 0.234375 0.39921875 0.0671875 0.0328125
0 0.23671875 0.425 0.071875 0.0328125
0 0.23828125 0.45234375 0.071875 0.034375
0 0.24375 0.478125 0.0703125 0.03125
0 0.246875 0.50390625 0.071875 0.028125
0 0.24921875 0.528125 0.06875 0.0234375
0 0.553125 0.7859375 0.078125 0.025
0 0.553125 0.80859375 0.075 0.0265625
0 0.55390625 0.83203125 0.0734375 0.028125
0 0.55546875 0.85234375 0.0734375 0.028125
0 0.5546875 0.87421875 0.0734375 0.0328125
0 0.5546875 0.8921875 0.071875 0.03125
0 0.5546875 0.9140625 0.071875 0.034375
0 0.5546875 0.9328125 0.0703125 0.03125
0 0.4796875 0.78515625 0.0734375 0.028125
0 0.48046875 0.80390625 0.0734375 0.028125
0 0.48125 0.82578125 0.0703125 0.028125
0 0.48125 0.84453125 0.071875 0.0328125
0 0.48359375 0.86484375 0.06875 0.0296875
0 0.484375 0.884375 0.06875 0.0265625
0 0.484375 0.9015625 0.06875 0.034375
0 0.48515625 0.9203125 0.0671875 0.034375
0 0.4015625 0.68203125 0.071875 0.028125
0 0.40234375 0.70234375 0.071875 0.0296875
0 0.40546875 0.72734375 0.071875 0.034375
0 0.40546875 0.75078125 0.071875 0.03125
0 0.4078125 0.77265625 0.071875 0.028125
0 0.41015625 0.79375 0.06875 0.0328125
0 0.4125 0.81484375 0.06875 0.0296875
0 0.41484375 0.83515625 0.0671875 0.028125
0 0.41484375 0.85546875 0.065625 0.0296875
0 0.41796875 0.871875 0.0640625 0.0296875
0 0.41953125 0.88984375 0.065625 0.0328125
0 0.42109375 0.909375 0.0625 0.034375
0 0.25859375 0.60234375 0.0671875 0.028125
0 0.2640625 0.62734375 0.065625 0.025
0 0.2671875 0.6515625 0.065625 0.025
0 0.26875 0.67421875 0.065625 0.021875
0 0.27109375 0.69609375 0.065625 0.025
0 0.33203125 0.6515625 0.06875 0.028125
0 0.33359375 0.67578125 0.071875 0.025
0 0.33671875 0.69765625 0.06875 0.03125
0 0.3375 0.7203125 0.065625 0.0296875
0 0.33984375 0.73984375 0.065625 0.028125
0 0.3421875 0.76328125 0.065625 0.028125
0 0.34453125 0.784375 0.065625 0.03125
0 0.346875 0.80625 0.065625 0.0296875
0 0.3484375 0.8234375 0.065625 0.028125
0 0.3515625 0.8421875 0.0640625 0.025
0 0.35546875 0.8609375 0.0609375 0.028125
0 0.35546875 0.8796875 0.065625 0.0265625
0 0.36015625 0.89765625 0.0640625 0.0296875
0 0.2734375 0.71953125 0.0640625 0.0234375
0 0.27734375 0.73984375 0.0625 0.0234375
0 0.28125 0.7609375 0.0640625 0.025
0 0.2828125 0.7796875 0.0625 0.0265625
0 0.2859375 0.80234375 0.0625 0.025
0 0.2875 0.81953125 0.0640625 0.0265625
0 0.2921875 0.8390625 0.0640625 0.025
0 0.29453125 0.86015625 0.059375 0.025
0 0.29609375 0.8765625 0.059375 0.025
0 0.30078125 0.89453125 0.059375 0.028125