0 0.60234375 0.596875 0.025 0.221875
0 0.71796875 0.59140625 0.0234375 0.2203125
0 0.63125 0.59453125 0.01875 0.225
0 0.6734375 0.5921875 0.021875 0.2140625
0 0.38125 0.26953125 0.175 0.03125
0 0.2078125 0.65625 0.175 0.0328125
0 0.20625 0.5203125 0.171875 0.034375
0 0.70078125 0.59140625 0.025 0.215625
0 0.3796875 0.2234375 0.178125 0.0328125
0 0.73515625 0.80234375 0.015625 0.2125
0 0.21171875 0.78359375 0.165625 0.0296875
0 0.55 0.125 0.171875 0.0359375
0 0.54375 0.221875 0.165625 0.0328125
0 0.20546875 0.4625 0.171875 0.0296875
0 0.2046875 0.58984375 0.175 0.0328125
0 0.20546875 0.6125 0.1765625 0.03125
0 0.37734375 0.2453125 0.171875 0.028125
0 0.57890625 0.81015625 0.01875 0.2109375
0 0.609375 0.8125 0.0125 0.2125
0 0.75703125 0.79296875 0.015625 0.2125
0 0.37890625 0.48671875 0.171875 0.03125
0 0.209375 0.76015625 0.16875 0.028125
0 0.71328125 0.1703125 0.16875 0.034375
0 0.3796875 0.42109375 0.175 0.028125
0 0.37890625 0.20078125 0.178125 0.0328125
0 0.734375 0.5875 0.025 0.2203125
0 0.7125 0.19140625 0.165625 0.034375
0 0.37734375 0.71953125 0.165625 0.034375
0 0.2078125 0.54609375 0.175 0.03125
0 0.3765625 0.46171875 0.171875 0.0296875
0 0.37734375 0.50859375 0.16875 0.0296875
0 0.38203125 0.15703125 0.1734375 0.034375
0 0.58515625 0.5984375 0.021875 0.21875
0 0.703125 0.80546875 0.015625 0.2171875
0 0.7609375 0.57890625 0.0171875 0.209375
0 0.3765625 0.88671875 0.1640625 0.0203125
0 0.38046875 0.4421875 0.175 0.03125
0 0.20703125 0.56484375 0.175 0.034375
0 0.2046875 0.3546875 0.175 0.03125
0 0.7109375 0.21640625 0.165625 0.034375
0 0.546875 0.1953125 0.1625 0.03125
0 0.21015625 0.715625 0.171875 0.0328125
0 0.56328125 0.80625 0.01875 0.2125
0 0.38125 0.3546875 0.1734375 0.03125
0 0.2015625 0.28671875 0.1796875 0.028125
0 0.20546875 0.33359375 0.1703125 0.0296875
0 0.2140625 0.87890625 0.159375 0.0296875
0 0.68671875 0.590625 0.025 0.21875
0 0.775 0.790625 0.01875 0.21875
0 0.20703125 0.240625 0.175 0.03125
0 0.21015625 0.1609375 0.1703125 0.03125
0 0.56953125 0.59375 0.021875 0.215625
0 0.38046875 0.17890625 0.175 0.03125
0 0.38046875 0.29140625 0.175 0.03125
0 0.6875 0.80390625 0.01875 0.2125
0 0.37734375 0.8265625 0.1640625 0.028125
0 0.54921875 0.17265625 0.171875 0.0328125
0 0.20859375 0.675 0.171875 0.028125
0 0.37890625 0.8046875 0.1640625 0.025
0 0.20546875 0.44140625 0.171875 0.028125
0 0.21015625 0.13515625 0.16875 0.0328125
0 0.203125 0.26484375 0.178125 0.0265625
0 0.209375 0.1125 0.171875 0.0328125
0 0.38125 0.553125 0.1734375 0.0359375
0 0.20625 0.38046875 0.171875 0.03125
0 0.3796875 0.39765625 0.175 0.028125
0 0.38203125 0.62890625 0.1703125 0.0375
0 0.55 0.1515625 0.1734375 0.03125
0 0.7140625 0.146875 0.16875 0.040625
0 0.38125 0.334375 0.175 0.028125
0 0.38046875 0.37734375 0.175 0.028125
0 0.6359375 0.80703125 0.01875 0.209375
0 0.20390625 0.3125 0.175 0.028125
0 0.37890625 0.76328125 0.165625 0.0265625
0 0.77421875 0.58046875 0.0296875 0.2125
0 0.3796875 0.69375 0.165625 0.028125
0 0.53984375 0.60078125 0.021875 0.2171875
0 0.55546875 0.5921875 0.0203125 0.221875
0 0.3765625 0.534375 0.16875 0.034375
0 0.20625 0.69609375 0.171875 0.025
0 0.20625 0.49453125 0.171875 0.03125
0 0.20859375 0.18046875 0.165625 0.025
0 0.2078125 0.203125 0.1703125 0.0265625
0 0.3796875 0.784375 0.1625 0.028125
0 0.2125 0.803125 0.1671875 0.025
0 0.38203125 0.11484375 0.1734375 0.03125
0 0.2125 0.81953125 0.165625 0.021875
0 0.38203125 0.13359375 0.1734375 0.0296875
0 0.20703125 0.634375 0.175 0.028125
0 0.37890625 0.74296875 0.165625 0.028125
0 0.21328125 0.83671875 0.165625 0.028125
0 0.21484375 0.85625 0.1578125 0.021875
0 0.76484375 0.359375 0.025 0.234375
0 0.54765625 0.24140625 0.159375 0.025
0 0.7171875 0.23984375 0.165625 0.025
0 0.78046875 0.35859375 0.021875 0.228125
0 0.74765625 0.3640625 0.025 0.23125
0 0.7296875 0.36484375 0.021875 0.228125
0 0.71484375 0.365625 0.021875 0.2296875
0 0.6984375 0.36640625 0.025 0.2328125
0 0.68203125 0.36328125 0.025 0.234375
0 0.66875 0.3578125 0.021875 0.23125
0 0.65078125 0.36015625 0.021875 0.2328125
0 0.63359375 0.359375 0.021875 0.23125
0 0.61875 0.36953125 0.01875 0.228125
0 0.60390625 0.36953125 0.01875 0.23125
0 0.58828125 0.3703125 0.01875 0.23125
0 0.57109375 0.36796875 0.01875 0.2296875
0 0.55625 0.3671875 0.0171875 0.2265625
0 0.54140625 0.37578125 0.01875 0.2296875
0 0.5265625 0.37734375 0.015625 0.228125
0 0.51171875 0.375 0.015625 0.228125
0 0.496875 0.365625 0.01875 0.225
0 0.4859375 0.375 0.015625 0.225
0 0.471875 0.375 0.01875 0.2296875
0 0.74921875 0.584375 0.01875 0.2171875
0 0.659375 0.59453125 0.0203125 0.215625
0 0.64609375 0.5921875 0.021875 0.21875
0 0.61796875 0.59609375 0.021875 0.21875
0 0.525 0.60078125 0.01875 0.215625
0 0.5109375 0.6015625 0.0171875 0.2171875
0 0.49921875 0.59609375 0.0140625 0.2125
0 0.484375 0.59765625 0.015625 0.215625
0 0.46953125 0.59609375 0.015625 0.2171875
0 0.790625 0.790625 0.015625 0.2125
0 0.746875 0.80078125 0.015625 0.209375
0 0.71875 0.80859375 0.021875 0.209375
0 0.6734375 0.8 0.0203125 0.2
0 0.6578125 0.80625 0.01875 0.209375
0 0.64765625 0.80390625 0.0125 0.203125
0 0.621875 0.80625 0.01875 0.20625
0 0.596875 0.8109375 0.015625 0.2140625
0 0.5515625 0.80859375 0.0109375 0.2125
0 0.53828125 0.81484375 0.01875 0.21875
0 0.5234375 0.81328125 0.01875 0.2125
0 0.509375 0.81484375 0.01875 0.2109375
0 0.4953125 0.8109375 0.0140625 0.209375
0 0.48125 0.81171875 0.0171875 0.2125
0 0.4671875 0.8109375 0.015625 0.2125
0 0.378125 0.90625 0.1625 0.0265625
0 0.37734375 0.865625 0.165625 0.025
0 0.378125 0.84609375 0.1625 0.021875
0 0.378125 0.6703125 0.165625 0.03125
0 0.378125 0.65078125 0.165625 0.0296875
0 0.378125 0.6109375 0.16875 0.028125
0 0.37734375 0.59453125 0.1703125 0.0359375
0 0.378125 0.5734375 0.16875 0.0375
0 0.378125 0.3109375 0.1734375 0.01875
0 0.209375 0.221875 0.171875 0.021875
0 0.2078125 0.39921875 0.16875 0.034375
0 0.20625 0.41875 0.171875 0.034375
0 0.20625 0.43984375 0.171875 0.034375
0 0.21015625 0.73515625 0.16875 0.0296875
0 0.215625 0.9 0.1625 0.0234375