0 0.0765625 0.73203125 0.153125 0.1734375
0 0.25625 0.41953125 0.1546875 0.15
0 0.0875 0.5625 0.171875 0.1625
0 0.0640625 0.28828125 0.128125 0.1109375
0 0.234375 0.72421875 0.1625 0.171875
0 0.1203125 0.41640625 0.121875 0.14375
0 0.2453125 0.56640625 0.159375 0.153125
0 0.034375 0.41796875 0.06875 0.1484375
0 0.23046875 0.2921875 0.209375 0.109375
0 0.72578125 0.41796875 0.240625 0.03125
0 0.72578125 0.81796875 0.25625 0.0375
0 0.725 0.396875 0.240625 0.0328125
0 0.725 0.4953125 0.25 0.0296875
0 0.72578125 0.51640625 0.246875 0.025
0 0.4703125 0.453125 0.271875 0.025
0 0.46875 0.475 0.275 0.021875
0 0.45546875 0.875 0.29375 0.0421875
0 0.45703125 0.8515625 0.2921875 0.040625
0 0.4609375 0.82890625 0.2875 0.0375
0 0.46171875 0.80703125 0.28125 0.034375
0 0.4578125 0.790625 0.275 0.025
0 0.45078125 0.7703125 0.2890625 0.03125
0 0.4578125 0.7484375 0.284375 0.028125
0 0.45859375 0.728125 0.284375 0.028125
0 0.4578125 0.7046875 0.2875 0.028125
0 0.46015625 0.68359375 0.28125 0.03125
0 0.4609375 0.66328125 0.28125 0.028125
0 0.4640625 0.64140625 0.278125 0.03125
0 0.46484375 0.6203125 0.275 0.03125
0 0.465625 0.59921875 0.2734375 0.028125
0 0.46953125 0.57734375 0.26875 0.0265625
0 0.46875 0.55703125 0.2703125 0.021875
0 0.47109375 0.5390625 0.26875 0.025
0 0.47265625 0.51796875 0.26875 0.025
0 0.47109375 0.496875 0.271875 0.021875
0 0.475 0.42890625 0.265625 0.0265625
0 0.46953125 0.4046875 0.26875 0.0375
0 0.47265625 0.37890625 0.2625 0.0375
0 0.471875 0.35625 0.265625 0.04375
0 0.47109375 0.33828125 0.259375 0.040625
0 0.47421875 0.32109375 0.259375 0.040625
0 0.46953125 0.2984375 0.2640625 0.05
0 0.4734375 0.278125 0.2703125 0.0375
0 0.471875 0.26171875 0.2640625 0.040625
0 0.47265625 0.24375 0.265625 0.0421875
0 0.4703125 0.2265625 0.2640625 0.04375
0 0.46875 0.209375 0.2625 0.040625
0 0.4703125 0.196875 0.265625 0.0375
0 0.46796875 0.17421875 0.2671875 0.046875
0 0.4703125 0.15546875 0.265625 0.04375
0 0.46953125 0.13671875 0.2640625 0.04375
0 0.728125 0.859375 0.253125 0.0359375
0 0.72890625 0.83828125 0.25625 0.0375
0 0.728125 0.7953125 0.253125 0.034375
0 0.72734375 0.77578125 0.253125 0.03125
0 0.7296875 0.759375 0.259375 0.0296875
0 0.73515625 0.73984375 0.2734375 0.0359375
0 0.73203125 0.71796875 0.2625 0.0328125
0 0.7296875 0.69609375 0.265625 0.0265625
0 0.72890625 0.675 0.2625 0.0265625
0 0.7296875 0.65546875 0.259375 0.025
0 0.7296875 0.63515625 0.2578125 0.025
0 0.72890625 0.61484375 0.2578125 0.021875
0 0.728125 0.5953125 0.2578125 0.021875
0 0.728125 0.5734375 0.253125 0.0234375
0 0.72734375 0.5546875 0.253125 0.021875
0 0.728125 0.53515625 0.246875 0.021875
0 0.72890625 0.4765625 0.253125 0.028125
0 0.7265625 0.45546875 0.2484375 0.03125
0 0.72265625 0.4359375 0.240625 0.0328125
0 0.7234375 0.3765625 0.2421875 0.04375
0 0.72265625 0.359375 0.2421875 0.0390625
0 0.7203125 0.34140625 0.2484375 0.0390625
0 0.72421875 0.32109375 0.246875 0.040625
0 0.7234375 0.30234375 0.246875 0.04375
0 0.72421875 0.284375 0.2421875 0.0421875
0 0.72421875 0.26484375 0.24375 0.04375
0 0.72265625 0.246875 0.24375 0.04375
0 0.71953125 0.23125 0.2375 0.04375
0 0.71953125 0.21640625 0.234375 0.04375
0 0.71796875 0.19921875 0.234375 0.046875
0 0.7171875 0.18359375 0.2328125 0.046875
0 0.7171875 0.165625 0.234375 0.046875