0 0.7 0.54921875 0.17421875 0.1390625
0 0.88828125 0.54453125 0.18671875 0.140625
0 0.52265625 0.41640625 0.16640625 0.13125
0 0.34296875 0.5484375 0.1703125 0.1359375
0 0.34765625 0.42109375 0.1671875 0.13203125
0 0.709375 0.68671875 0.1828125 0.1515625
0 0.15546875 0.5484375 0.178125 0.13984375
0 0.525 0.546875 0.17578125 0.13515625
0 0.5234375 0.684375 0.17734375 0.153125
0 0.14609375 0.6890625 0.18359375 0.15
0 0.903125 0.68515625 0.19140625 0.15
0 0.16640625 0.41953125 0.175 0.1328125
0 0.69765625 0.4171875 0.16796875 0.13359375
0 0.875 0.4109375 0.18203125 0.13046875
0 0.334375 0.6875 0.178125 0.15234375