0 0.69765625 0.90625 0.034375 0.0953125
0 0.696875 0.81640625 0.0359375 0.090625
0 0.72890625 0.9109375 0.034375 0.0921875
0 0.6984375 0.30625 0.034375 0.08125
0 0.728125 0.81875 0.034375 0.090625
0 0.5734375 0.15546875 0.03125 0.075
0 0.6359375 0.8984375 0.034375 0.09375
0 0.79296875 0.91796875 0.0375 0.096875
0 0.83125 0.64453125 0.0375 0.090625
0 0.76171875 0.91328125 0.0359375 0.096875
0 0.9609375 0.625 0.078125 0.028125
0 0.42890625 0.878125 0.0328125 0.0875
0 0.9625 0.57578125 0.075 0.028125
0 0.73359375 0.63671875 0.034375 0.0875
0 0.7609375 0.82265625 0.034375 0.09375
0 0.7671875 0.64140625 0.034375 0.0890625
0 0.703125 0.54921875 0.03125 0.084375
0 0.66484375 0.9015625 0.034375 0.0953125
0 0.54921875 0.23515625 0.0328125 0.084375
0 0.72890625 0.72578125 0.0359375 0.090625
0 0.5765625 0.234375 0.03125 0.0828125
0 0.39921875 0.87578125 0.0296875 0.0875
0 0.73046875 0.55234375 0.034375 0.0859375
0 0.5484375 0.71484375 0.0359375 0.0875
0 0.55703125 0.6296875 0.034375 0.084375
0 0.95859375 0.653125 0.08125 0.028125
0 0.6984375 0.72421875 0.0359375 0.090625
0 0.60234375 0.89765625 0.034375 0.090625
0 0.63984375 0.3109375 0.0328125 0.0828125
0 0.57109375 0.89609375 0.034375 0.090625
0 0.60703125 0.71875 0.0359375 0.0875
0 0.4546875 0.88125 0.0328125 0.0890625
0 0.60390625 0.1546875 0.03125 0.075
0 0.9609375 0.603125 0.078125 0.025
0 0.63515625 0.23046875 0.03125 0.08125
0 0.58671875 0.63046875 0.0328125 0.084375
0 0.56015625 0.54765625 0.03125 0.08125
0 0.79140625 0.8234375 0.0375 0.0921875
0 0.51328125 0.8875 0.034375 0.0890625
0 0.4359375 0.790625 0.03125 0.0859375
0 0.57578125 0.7171875 0.0359375 0.0875
0 0.70546875 0.390625 0.034375 0.08125
0 0.728125 0.30546875 0.034375 0.0828125
0 0.53671875 0.40078125 0.03125 0.0765625
0 0.796875 0.64296875 0.0359375 0.0890625
0 0.60625 0.23203125 0.034375 0.0828125
0 0.859375 0.7359375 0.040625 0.0890625
0 0.58671875 0.546875 0.03125 0.08125
0 0.671875 0.5484375 0.0328125 0.084375
0 0.6375 0.809375 0.03125 0.090625
0 0.5171875 0.8 0.0328125 0.0875
0 0.759375 0.30546875 0.0375 0.08125
0 0.82890625 0.9203125 0.0359375 0.096875
0 0.48515625 0.8859375 0.034375 0.090625
0 0.575 0.8046875 0.03125 0.090625
0 0.546875 0.15625 0.034375 0.075
0 0.60546875 0.8078125 0.034375 0.090625
0 0.546875 0.8015625 0.0328125 0.090625
0 0.8640625 0.646875 0.040625 0.090625
0 0.665625 0.809375 0.0328125 0.090625
0 0.67421875 0.3921875 0.03125 0.08125
0 0.9578125 0.67734375 0.08125 0.028125
0 0.52890625 0.62890625 0.034375 0.08125
0 0.9546875 0.37890625 0.0875 0.028125
0 0.5 0.628125 0.0328125 0.08125
0 0.825 0.825 0.0390625 0.0921875
0 0.40078125 0.4046875 0.028125 0.078125
0 0.7609375 0.728125 0.0375 0.0921875
0 0.49140625 0.796875 0.028125 0.0875
0 0.5625 0.40078125 0.028125 0.078125
0 0.66796875 0.309375 0.03125 0.0828125
0 0.49921875 0.32421875 0.03125 0.078125
0 0.95390625 0.3484375 0.0875 0.028125
0 0.61328125 0.63203125 0.034375 0.084375
0 0.7046875 0.6359375 0.034375 0.0875
0 0.46171875 0.79296875 0.03125 0.0875
0 0.475 0.32578125 0.03125 0.0765625
0 0.5890625 0.4 0.03125 0.08125
0 0.8625 0.92421875 0.0375 0.0984375
0 0.53359375 0.546875 0.0328125 0.08125
0 0.8 0.55234375 0.0375 0.0875
0 0.6390625 0.7203125 0.034375 0.0875
0 0.7640625 0.55078125 0.0375 0.0875
0 0.40078125 0.546875 0.028125 0.078125
0 0.54453125 0.89296875 0.034375 0.090625
0 0.553125 0.32109375 0.03125 0.084375
0 0.95390625 0.30078125 0.090625 0.028125
0 0.37421875 0.87421875 0.03125 0.0875
0 0.9625 0.55234375 0.075 0.028125
0 0.9546875 0.775 0.0875 0.0296875
0 0.428125 0.54765625 0.0296875 0.078125
0 0.95625 0.40859375 0.084375 0.03125
0 0.63046875 0.15390625 0.0328125 0.078125
0 0.95234375 0.27578125 0.09375 0.03125
0 0.6421875 0.63125 0.0328125 0.084375
0 0.37734375 0.54765625 0.028125 0.078125
0 0.9546875 0.80078125 0.0875 0.0296875
0 0.86171875 0.3765625 0.0375 0.08125
0 0.525 0.3234375 0.0296875 0.08125
0 0.48046875 0.54765625 0.03125 0.08125
0 0.6609375 0.15078125 0.0328125 0.078125
0 0.828125 0.37890625 0.0375 0.078125
0 0.4625 0.71015625 0.034375 0.08125
0 0.6484375 0.3953125 0.03125 0.08125
0 0.696875 0.225 0.0359375 0.0828125
0 0.953125 0.3265625 0.090625 0.025
0 0.7890625 0.30390625 0.034375 0.08125
0 0.41015625 0.7890625 0.03125 0.084375
0 0.95546875 0.82734375 0.0859375 0.028125
0 0.83203125 0.55390625 0.0375 0.090625
0 0.7984375 0.38359375 0.0359375 0.08125
0 0.85703125 0.8265625 0.0375 0.09375
0 0.95625 0.70546875 0.084375 0.028125
0 0.7265625 0.2234375 0.034375 0.08125
0 0.61640625 0.471875 0.109375 0.025
0 0.4546875 0.40625 0.03125 0.078125
0 0.75703125 0.2203125 0.0375 0.08125
0 0.37734375 0.409375 0.028125 0.075
0 0.9546875 0.7484375 0.0875 0.028125
0 0.453125 0.54765625 0.0296875 0.0796875
0 0.60546875 0.31640625 0.03125 0.0828125
0 0.6671875 0.721875 0.034375 0.0875
0 0.5125 0.471875 0.1 0.021875
0 0.4375 0.709375 0.0328125 0.08125
0 0.4296875 0.40703125 0.0296875 0.078125
0 0.73359375 0.38984375 0.034375 0.08125
0 0.49375 0.7109375 0.03125 0.0828125
0 0.48125 0.4046875 0.03125 0.078125
0 0.35 0.54765625 0.03125 0.0765625
0 0.66484375 0.228125 0.034375 0.08125
0 0.68828125 0.146875 0.034375 0.08125
0 0.50859375 0.54609375 0.028125 0.08125
0 0.78125 0.1328125 0.0375 0.08125
0 0.9453125 0.0984375 0.10625 0.0328125
0 0.34921875 0.41015625 0.03125 0.075
0 0.50703125 0.4046875 0.03125 0.078125
0 0.57890625 0.31640625 0.0328125 0.08125
0 0.61796875 0.39765625 0.03125 0.08125
0 0.47421875 0.62734375 0.034375 0.08125
0 0.7921875 0.7296875 0.0375 0.090625
0 0.94765625 0.12109375 0.1015625 0.0375
0 0.440625 0.17265625 0.028125 0.0828125
0 0.825 0.73359375 0.040625 0.090625
0 0.325 0.5484375 0.03125 0.075
0 0.5140625 0.4515625 0.1 0.025
0 0.95546875 0.85078125 0.0859375 0.028125
0 0.61328125 0.54609375 0.034375 0.084375
0 0.81484375 0.1296875 0.0375 0.08125
0 0.39140625 0.62578125 0.03125 0.0796875
0 0.378125 0.78671875 0.0296875 0.0828125
0 0.3921875 0.17890625 0.028125 0.0765625
0 0.64609375 0.55078125 0.03125 0.084375
0 0.521875 0.7125 0.034375 0.0875
0 0.9 0.64453125 0.0375 0.0953125
0 0.671875 0.6328125 0.034375 0.0859375
0 0.5125 0.4953125 0.1 0.01875
0 0.37890625 0.70234375 0.034375 0.08125
0 0.41328125 0.70234375 0.0328125 0.08125
0 0.9015625 0.553125 0.040625 0.0921875
0 0.29609375 0.8625 0.034375 0.0828125
0 0.44453125 0.62578125 0.034375 0.08125
0 0.95625 0.72734375 0.0875 0.025
0 0.89296875 0.8328125 0.040625 0.0953125
0 0.75390625 0.13671875 0.0328125 0.08125
0 0.7203125 0.13984375 0.0375 0.0796875
0 0.9515625 0.2515625 0.096875 0.028125
0 0.93984375 0.4734375 0.046875 0.028125
0 0.46484375 0.16953125 0.0296875 0.08125
0 0.81953125 0.296875 0.040625 0.08125
0 0.89453125 0.37578125 0.0375 0.084375
0 0.8953125 0.9296875 0.0390625 0.0984375
0 0.73046875 0.46484375 0.121875 0.025
0 0.6171875 0.49609375 0.1078125 0.025
0 0.515625 0.16015625 0.0328125 0.078125
0 0.84453125 0.13046875 0.0375 0.0859375
0 0.61640625 0.45 0.10625 0.0265625
0 0.32578125 0.40859375 0.028125 0.0734375
0 0.36640625 0.62578125 0.034375 0.078125
0 0.44609375 0.32734375 0.03125 0.075
0 0.32421875 0.2625 0.0265625 0.06875
0 0.321875 0.86484375 0.034375 0.084375
0 0.7859375 0.215625 0.0359375 0.0859375
0 0.9484375 0.1890625 0.103125 0.03125
0 0.3453125 0.87265625 0.0328125 0.0875
0 0.41875 0.17578125 0.025 0.078125
0 0.9390625 0.50234375 0.04375 0.028125
0 0.353125 0.7015625 0.034375 0.0796875
0 0.94921875 0.2109375 0.1015625 0.028125
0 0.76640625 0.38671875 0.034375 0.0828125
0 0.9484375 0.15078125 0.1 0.025
0 0.89453125 0.7375 0.0390625 0.090625
0 0.9578125 0.44453125 0.08125 0.03125
0 0.353125 0.784375 0.034375 0.08125
0 0.33984375 0.6265625 0.0328125 0.078125
0 0.3046875 0.7 0.0328125 0.0765625
0 0.39296875 0.32890625 0.03125 0.075
0 0.4203125 0.62734375 0.03125 0.08125
0 0.51796875 0.23828125 0.034375 0.0875
0 0.81953125 0.215625 0.0375 0.0875
0 0.85234375 0.29375 0.040625 0.08125
0 0.33984375 0.33203125 0.028125 0.075
0 0.9484375 0.16796875 0.1015625 0.0265625
0 0.95078125 0.2296875 0.0984375 0.021875
0 0.7296875 0.48984375 0.121875 0.0296875
0 0.36875 0.18046875 0.028125 0.078125
0 0.315625 0.62578125 0.034375 0.0765625
0 0.49140625 0.16640625 0.028125 0.08125
0 0.415625 0.47890625 0.096875 0.021875
0 0.34609375 0.2609375 0.0234375 0.06875
0 0.29921875 0.78359375 0.03125 0.08125
0 0.3265625 0.78515625 0.03125 0.084375
0 0.328125 0.7046875 0.0390625 0.08125
0 0.31953125 0.4984375 0.096875 0.021875
0 0.3203125 0.478125 0.09375 0.025
0 0.31640625 0.45703125 0.096875 0.025
0 0.41328125 0.5 0.0984375 0.0234375
0 0.4125 0.4578125 0.1 0.025
0 0.315625 0.33671875 0.021875 0.075
0 0.32265625 0.19609375 0.021875 0.071875
0 0.34375 0.19140625 0.021875 0.0734375
0 0.36484375 0.33203125 0.025 0.075
0 0.41796875 0.3296875 0.025 0.078125
0 0.36875 0.25859375 0.028125 0.0734375
0 0.39375 0.25703125 0.028125 0.0765625
0 0.41875 0.25390625 0.03125 0.0765625
0 0.4453125 0.253125 0.025 0.075
0 0.46953125 0.2484375 0.028125 0.078125
0 0.49296875 0.2453125 0.021875 0.0796875
0 0.865625 0.5546875 0.040625 0.09375
0 0.72890625 0.44140625 0.121875 0.03125
0 0.85078125 0.4921875 0.13125 0.028125
0 0.853125 0.465625 0.134375 0.028125
0 0.853125 0.43828125 0.13125 0.028125
0 0.84609375 0.2125 0.040625 0.084375
0 0.88515625 0.28984375 0.04375 0.0875
0 0.88125 0.20703125 0.0375 0.0828125
0 0.87578125 0.12734375 0.0390625 0.08125
0 0.94609375 0.075 0.1078125 0.0421875
0 0.94453125 0.52890625 0.0484375 0.028125
0 0.95625 0.8734375 0.0875 0.021875
0 0.9578125 0.89375 0.084375 0.03125