0 0.490625 0.69921875 0.05078125 0.08671875
0 0.72265625 0.54296875 0.0625 0.0953125
0 0.5546875 0.5328125 0.05546875 0.0921875
0 0.36015625 0.434375 0.0484375 0.0875
0 0.60234375 0.621875 0.05546875 0.09140625
0 0.66484375 0.5359375 0.05703125 0.0921875
0 0.43671875 0.5234375 0.053125 0.08828125
0 0.49453125 0.53125 0.05546875 0.0890625
0 0.77109375 0.63671875 0.0640625 0.0953125
0 0.61015625 0.5359375 0.05546875 0.0921875
0 0.5078125 0.43984375 0.053125 0.0921875
0 0.54921875 0.61875 0.05234375 0.090625
0 0.71328125 0.63203125 0.06015625 0.09296875
0 0.3390625 0.34375 0.04765625 0.090625
0 0.54140625 0.7046875 0.05078125 0.08671875
0 0.82890625 0.6390625 0.07109375 0.09765625
0 0.54453125 0.3453125 0.0546875 0.09609375
0 0.59296875 0.7125 0.05390625 0.0890625
0 0.39921875 0.60546875 0.04765625 0.0859375
0 0.26796875 0.59375 0.04296875 0.0796875
0 0.446875 0.6078125 0.0484375 0.0859375
0 0.35234375 0.6015625 0.0453125 0.08359375
0 0.40625 0.43671875 0.04921875 0.08828125
0 0.26796875 0.4328125 0.04453125 0.08359375
0 0.3921875 0.6890625 0.046875 0.08203125
0 0.61171875 0.44296875 0.05859375 0.09609375
0 0.2 0.50859375 0.04453125 0.0796875
0 0.44140625 0.69375 0.04765625 0.084375
0 0.5984375 0.34609375 0.0578125 0.09921875
0 0.45625 0.43828125 0.05 0.090625
0 0.65625 0.625 0.05703125 0.0921875
0 0.5609375 0.44140625 0.05546875 0.0953125
0 0.26484375 0.66875 0.04140625 0.07890625
0 0.759375 0.72578125 0.06328125 0.09296875
0 0.18203125 0.5875 0.04296875 0.078125
0 0.634375 0.8015625 0.05625 0.08828125
0 0.43671875 0.77421875 0.04765625 0.08203125
0 0.859375 0.44921875 0.0734375 0.1046875
0 0.3484375 0.6796875 0.0453125 0.0796875
0 0.70078125 0.72265625 0.05859375 0.09140625
0 0.78359375 0.54609375 0.06640625 0.096875
0 0.7921875 0.44765625 0.06953125 0.10234375
0 0.38984375 0.765625 0.0453125 0.08125
0 0.3046875 0.6734375 0.04375 0.08203125
0 0.18125 0.6625 0.04375 0.0765625
0 0.728125 0.44765625 0.06484375 0.09921875
0 0.31015625 0.43359375 0.0484375 0.08671875
0 0.17890625 0.4296875 0.04375 0.08046875
0 0.49375 0.61328125 0.05078125 0.08828125
0 0.22265625 0.43046875 0.0453125 0.08125
0 0.1359375 0.428125 0.0453125 0.08046875
0 0.38828125 0.34453125 0.04921875 0.09140625
0 0.84609375 0.55 0.06953125 0.09921875
0 0.30234375 0.75234375 0.04375 0.08125
0 0.490625 0.34375 0.053125 0.09453125
0 0.20234375 0.34375 0.0453125 0.0859375
0 0.534375 0.78515625 0.05234375 0.084375
0 0.38125 0.51875 0.05 0.084375
0 0.1609375 0.50625 0.04296875 0.07890625
0 0.22421875 0.5890625 0.04296875 0.078125
0 0.64609375 0.7140625 0.05546875 0.090625
0 0.81875 0.73515625 0.0703125 0.09453125
0 0.33359375 0.51640625 0.04609375 0.0828125
0 0.43828125 0.3453125 0.05234375 0.09296875
0 0.26328125 0.74453125 0.04375 0.07890625
0 0.30546875 0.27890625 0.1125 0.04375
0 0.6890625 0.80703125 0.05859375 0.09140625
0 0.48359375 0.77890625 0.04921875 0.0828125
0 0.73984375 0.34453125 0.06875 0.10546875
0 0.80625 0.825 0.06796875 0.0890625
0 0.1203125 0.50390625 0.04140625 0.078125
0 0.28671875 0.5140625 0.046875 0.08125
0 0.58125 0.79375 0.053125 0.0875
0 0.17734375 0.734375 0.0453125 0.07578125
0 0.13828125 0.6578125 0.0421875 0.075
0 0.29296875 0.34453125 0.04765625 0.08828125
0 0.6609375 0.34609375 0.06171875 0.1015625
0 0.24375 0.51171875 0.0421875 0.08125
0 0.34609375 0.7609375 0.04453125 0.08125
0 0.8578125 0.1671875 0.1671875 0.05625
0 0.246875 0.34375 0.04609375 0.0875
0 0.3109375 0.5953125 0.04296875 0.08203125
0 0.8 0.34453125 0.06953125 0.1078125
0 0.67265625 0.4453125 0.059375 0.0984375
0 0.86875 0.34296875 0.08046875 0.1125
0 0.13828125 0.58125 0.04140625 0.07890625
0 0.22109375 0.73828125 0.04453125 0.07578125
0 0.746875 0.8203125 0.0609375 0.09140625
0 0.084375 0.50703125 0.03984375 0.07734375
0 0.103125 0.578125 0.04296875 0.078125
0 0.221875 0.665625 0.04140625 0.078125
0 0.846875 0.2640625 0.15546875 0.05703125
0 0.16171875 0.34296875 0.0453125 0.0859375
0 0.5578125 0.259375 0.12890625 0.028125
0 0.13515625 0.7296875 0.0453125 0.07890625
0 0.1015625 0.65546875 0.0421875 0.078125
0 0.85234375 0.2171875 0.16171875 0.0578125
0 0.69453125 0.26796875 0.13828125 0.04765625
0 0.0984375 0.4265625 0.04765625 0.08046875
0 0.09921875 0.72734375 0.04296875 0.078125
0 0.10390625 0.2078125 0.1015625 0.04609375
0 0.31328125 0.1984375 0.12109375 0.0421875
0 0.10546875 0.2875 0.09765625 0.04453125
0 0.2015625 0.2859375 0.1046875 0.0421875
0 0.08671875 0.34375 0.05390625 0.08359375
0 0.7 0.18671875 0.1390625 0.0328125
0 0.203125 0.20234375 0.11484375 0.04609375
0 0.10390625 0.2453125 0.1015625 0.04296875
0 0.5625 0.2375 0.12890625 0.03359375
0 0.56640625 0.18515625 0.13046875 0.03671875
0 0.565625 0.21015625 0.1265625 0.0359375
0 0.421875 0.2875 0.11796875 0.02578125
0 0.42421875 0.26328125 0.1203125 0.02265625
0 0.2 0.2421875 0.10234375 0.04453125
0 0.30859375 0.23671875 0.11328125 0.0484375
0 0.42890625 0.190625 0.12109375 0.0296875
0 0.4265625 0.215625 0.115625 0.02578125
0 0.42578125 0.2375 0.11171875 0.02890625
0 0.55390625 0.28359375 0.11875 0.02890625
0 0.696875 0.21328125 0.1390625 0.03359375
0 0.696875 0.23515625 0.13515625 0.02734375
0 0.1203125 0.3421875 0.03984375 0.0859375