0 0.4578125 0.49375 0.0890625 0.0515625
0 0.44765625 0.83046875 0.084375 0.0484375
0 0.7125 0.38984375 0.08125 0.05
0 0.771875 0.63359375 0.0765625 0.046875
0 0.21484375 0.49453125 0.046875 0.128125
0 0.540625 0.58984375 0.084375 0.05
0 0.54609375 0.475 0.0859375 0.05
0 0.55 0.375 0.0875 0.053125
0 0.73125 0.13046875 0.0859375 0.065625
0 0.625 0.48125 0.08125 0.05
0 0.69296875 0.6875 0.078125 0.05
0 0.7703125 0.678125 0.075 0.046875
0 0.53828125 0.63984375 0.0828125 0.0484375
0 0.54765625 0.42734375 0.0859375 0.0515625
0 0.5328125 0.78125 0.08125 0.0484375
0 0.45546875 0.54453125 0.0875 0.05
0 0.725 0.1828125 0.084375 0.0578125
0 0.69765625 0.63671875 0.078125 0.05
0 0.4546875 0.5953125 0.0875 0.05
0 0.54453125 0.53046875 0.084375 0.053125
0 0.7015625 0.58671875 0.08125 0.0484375
0 0.690625 0.77890625 0.078125 0.0484375
0 0.46328125 0.26875 0.090625 0.05625
0 0.77578125 0.58671875 0.075 0.046875
0 0.55234375 0.3234375 0.0875 0.053125
0 0.36875 0.38359375 0.09375 0.0546875
0 0.55390625 0.2703125 0.0875 0.0546875
0 0.61484375 0.6734375 0.08125 0.046875
0 0.46328125 0.32265625 0.090625 0.0546875
0 0.6171875 0.5765625 0.084375 0.05
0 0.29921875 0.5 0.0453125 0.121875
0 0.3703125 0.43359375 0.09375 0.053125
0 0.3734375 0.3265625 0.096875 0.05625
0 0.6125 0.7703125 0.0796875 0.0515625
0 0.465625 0.21328125 0.09375 0.05625
0 0.46875 0.15078125 0.09375 0.0609375
0 0.76484375 0.81875 0.075 0.05
0 0.7671875 0.725 0.0734375 0.05
0 0.37109375 0.265625 0.0953125 0.0578125
0 0.4484375 0.784375 0.084375 0.0484375
0 0.3625 0.7390625 0.0890625 0.0484375
0 0.1703125 0.490625 0.0484375 0.125
0 0.21484375 0.61640625 0.046875 0.121875
0 0.36640625 0.6921875 0.0890625 0.05
0 0.634375 0.384375 0.084375 0.0515625
0 0.371875 0.21015625 0.096875 0.059375
0 0.36640625 0.53984375 0.09375 0.0515625
0 0.79296875 0.346875 0.0796875 0.053125
0 0.62265625 0.53125 0.0828125 0.05
0 0.12109375 0.21953125 0.0515625 0.140625
0 0.63125 0.43125 0.084375 0.05
0 0.6359375 0.27734375 0.084375 0.053125
0 0.55625 0.21484375 0.0890625 0.05625
0 0.259375 0.23671875 0.046875 0.1375
0 0.61328125 0.72109375 0.08125 0.0484375
0 0.56015625 0.103125 0.090625 0.065625
0 0.78671875 0.4453125 0.078125 0.05
0 0.21484375 0.2296875 0.0484375 0.140625
0 0.53359375 0.73359375 0.08125 0.0484375
0 0.6328125 0.32890625 0.084375 0.053125
0 0.30078125 0.23984375 0.046875 0.134375
0 0.640625 0.22421875 0.084375 0.05625
0 0.6171875 0.62578125 0.08125 0.046875
0 0.29921875 0.6203125 0.04375 0.11875
0 0.4703125 0.09375 0.09375 0.06875
0 0.71015625 0.43984375 0.08125 0.05
0 0.6421875 0.171875 0.0875 0.059375
0 0.5359375 0.6890625 0.0828125 0.0484375
0 0.7859375 0.4921875 0.078125 0.0484375
0 0.3671875 0.48359375 0.09375 0.053125
0 0.365625 0.6421875 0.090625 0.05
0 0.3625 0.7875 0.0875 0.0484375
0 0.44765625 0.87890625 0.0828125 0.05
0 0.61015625 0.82109375 0.0796875 0.05
0 0.815625 0.1421875 0.084375 0.065625
0 0.70546875 0.53828125 0.08125 0.0484375
0 0.6859375 0.8265625 0.078125 0.05
0 0.45 0.7375 0.084375 0.0484375
0 0.1671875 0.2234375 0.053125 0.1375
0 0.70859375 0.4890625 0.08125 0.05
0 0.7203125 0.28671875 0.0828125 0.0546875
0 0.53125 0.83515625 0.0828125 0.053125
0 0.36875 0.5921875 0.090625 0.05
0 0.79140625 0.39765625 0.078125 0.053125
0 0.259375 0.49765625 0.046875 0.125
0 0.7171875 0.33828125 0.08125 0.053125
0 0.259375 0.61875 0.0453125 0.1203125
0 0.365625 0.8796875 0.084375 0.05
0 0.37578125 0.146875 0.0984375 0.0640625
0 0.453125 0.64453125 0.0859375 0.0484375
0 0.53203125 0.88046875 0.0828125 0.053125
0 0.64765625 0.11875 0.0890625 0.0625
0 0.68984375 0.73125 0.078125 0.0484375
0 0.45078125 0.690625 0.084375 0.0484375
0 0.765625 0.771875 0.0765625 0.05
0 0.7640625 0.86640625 0.078125 0.05
0 0.60859375 0.86875 0.078125 0.05
0 0.5578125 0.16015625 0.090625 0.059375
0 0.12421875 0.484375 0.05 0.128125
0 0.80546875 0.19375 0.08125 0.059375
0 0.21640625 0.3609375 0.046875 0.13125
0 0.80078125 0.296875 0.08125 0.053125
0 0.721875 0.2359375 0.0828125 0.05625
0 0.30703125 0.36875 0.046875 0.128125
0 0.7828125 0.53984375 0.078125 0.046875
0 0.125 0.3546875 0.0484375 0.1375
0 0.259375 0.37109375 0.046875 0.13125
0 0.46171875 0.37890625 0.0921875 0.059375
0 0.68515625 0.8703125 0.078125 0.046875
0 0.296875 0.73828125 0.04375 0.121875
0 0.121875 0.07890625 0.053125 0.15
0 0.25859375 0.7375 0.04375 0.1203125
0 0.16796875 0.615625 0.046875 0.125
0 0.16796875 0.3578125 0.0515625 0.134375
0 0.1296875 0.86328125 0.0515625 0.125
0 0.3625 0.83515625 0.084375 0.05
0 0.3078125 0.1015625 0.0515625 0.1484375
0 0.17109375 0.8671875 0.0484375 0.11875
0 0.12734375 0.61640625 0.05 0.125
0 0.46171875 0.4390625 0.090625 0.0546875
0 0.26015625 0.096875 0.0515625 0.15
0 0.37578125 0.08828125 0.1 0.065625
0 0.8015625 0.2453125 0.08125 0.05625
0 0.1296875 0.73515625 0.046875 0.121875
0 0.303125 0.8546875 0.046875 0.109375
0 0.21640625 0.08984375 0.0515625 0.1484375
0 0.25625 0.859375 0.046875 0.115625
0 0.21796875 0.86328125 0.05 0.1203125
0 0.17109375 0.74140625 0.0453125 0.13125
0 0.2171875 0.7390625 0.046875 0.1234375
0 0.16484375 0.08203125 0.0546875 0.15