0 0.65703125 0.7828125 0.0765625 0.046875
0 0.71953125 0.45390625 0.071875 0.0421875
0 0.578125 0.53671875 0.071875 0.04375
0 0.43125 0.64921875 0.078125 0.046875
0 0.73046875 0.77890625 0.075 0.05
0 0.79453125 0.58125 0.071875 0.04375
0 0.728125 0.68984375 0.071875 0.046875
0 0.50703125 0.575 0.075 0.04375
0 0.434375 0.51328125 0.075 0.0453125
0 0.578125 0.49140625 0.071875 0.04375
0 0.50625 0.66640625 0.075 0.046875
0 0.4328125 0.47265625 0.075 0.0421875
0 0.71796875 0.4140625 0.071875 0.040625
0 0.65234375 0.559375 0.075 0.04375
0 0.6546875 0.60390625 0.071875 0.04375
0 0.43203125 0.603125 0.078125 0.0453125
0 0.715625 0.371875 0.071875 0.040625
0 0.50625 0.71328125 0.075 0.046875
0 0.65625 0.73671875 0.075 0.046875
0 0.5109375 0.62421875 0.075 0.04375
0 0.7921875 0.5375 0.071875 0.04375
0 0.6546875 0.6484375 0.075 0.04375
0 0.50625 0.76015625 0.075 0.05
0 0.71953125 0.49765625 0.071875 0.04375
0 0.57890625 0.621875 0.075 0.04375
0 0.578125 0.58046875 0.0734375 0.04375
0 0.4328125 0.55703125 0.075 0.04375
0 0.57890625 0.66875 0.075 0.046875
0 0.50625 0.246875 0.06875 0.040625
0 0.5796875 0.7140625 0.075 0.046875
0 0.50625 0.40859375 0.071875 0.040625
0 0.725 0.5890625 0.071875 0.05
0 0.72265625 0.54375 0.0734375 0.04375
0 0.57578125 0.36875 0.071875 0.040625
0 0.50703125 0.32578125 0.071875 0.040625
0 0.78359375 0.37109375 0.071875 0.040625
0 0.43203125 0.346875 0.075 0.046875
0 0.6515625 0.51796875 0.071875 0.04375
0 0.65625 0.69375 0.075 0.046875
0 0.79609375 0.62265625 0.071875 0.0453125
0 0.50703125 0.3671875 0.071875 0.040625
0 0.43671875 0.265625 0.0734375 0.04375
0 0.43125 0.7859375 0.078125 0.05
0 0.72890625 0.73125 0.075 0.0484375
0 0.43203125 0.69609375 0.078125 0.04375
0 0.5765625 0.446875 0.071875 0.0453125
0 0.50625 0.44765625 0.0734375 0.040625
0 0.7890625 0.4515625 0.06875 0.04375
0 0.7890625 0.49453125 0.071875 0.0421875
0 0.65078125 0.47578125 0.071875 0.0421875
0 0.78671875 0.41328125 0.0703125 0.040625
0 0.50625 0.284375 0.0703125 0.0390625
0 0.4375 0.2234375 0.075 0.040625
0 0.43828125 0.18359375 0.071875 0.040625
0 0.43046875 0.73828125 0.078125 0.046875
0 0.34453125 0.43359375 0.0375 0.1
0 0.5796875 0.759375 0.075 0.046875
0 0.50703125 0.125 0.06875 0.040625
0 0.80703125 0.771875 0.075 0.0515625
0 0.57890625 0.32734375 0.06875 0.0421875
0 0.434375 0.43046875 0.0734375 0.04375
0 0.7265625 0.64296875 0.0734375 0.046875
0 0.43828125 0.14453125 0.071875 0.04375
0 0.57578125 0.28671875 0.06875 0.040625
0 0.78203125 0.33046875 0.06875 0.040625
0 0.8 0.71328125 0.075 0.05
0 0.50703125 0.16640625 0.06875 0.04375
0 0.7984375 0.6671875 0.0734375 0.0453125
0 0.5734375 0.1515625 0.0703125 0.0796875
0 0.64609375 0.27265625 0.06875 0.040625
0 0.50625 0.53125 0.075 0.04375
0 0.43515625 0.3875 0.0734375 0.0421875
0 0.71328125 0.290625 0.06875 0.0421875
0 0.64921875 0.43203125 0.071875 0.0421875
0 0.37421875 0.75859375 0.0375 0.1109375
0 0.50703125 0.490625 0.075 0.0453125
0 0.34296875 0.53671875 0.0390625 0.10625
0 0.64375 0.31328125 0.06875 0.040625
0 0.6453125 0.38984375 0.071875 0.040625
0 0.38125 0.4328125 0.0359375 0.1
0 0.38359375 0.33515625 0.034375 0.096875
0 0.77734375 0.17734375 0.0671875 0.0390625
0 0.7140625 0.33046875 0.071875 0.040625
0 0.64765625 0.35 0.0703125 0.040625
0 0.51171875 0.20703125 0.06875 0.040625
0 0.6421875 0.15 0.06875 0.053125
0 0.57578125 0.41015625 0.0703125 0.0390625
0 0.34765625 0.33671875 0.0375 0.096875
0 0.3796875 0.5375 0.0375 0.103125
0 0.71171875 0.2140625 0.0671875 0.0375
0 0.384375 0.240625 0.0359375 0.09375
0 0.70859375 0.14140625 0.06875 0.04375
0 0.71171875 0.24921875 0.0671875 0.040625
0 0.77421875 0.1421875 0.065625 0.040625
0 0.35390625 0.14609375 0.0375 0.09375
0 0.38359375 0.14609375 0.0359375 0.0953125
0 0.31171875 0.53515625 0.0390625 0.1078125
0 0.78125 0.29140625 0.06875 0.040625
0 0.37109375 0.64609375 0.040625 0.109375
0 0.7796875 0.21640625 0.06875 0.0390625
0 0.33828125 0.75703125 0.0390625 0.1125
0 0.33984375 0.646875 0.040625 0.109375
0 0.2578125 0.1390625 0.040625 0.096875
0 0.3140625 0.43359375 0.0375 0.103125
0 0.35078125 0.2390625 0.0359375 0.09375
0 0.64140625 0.1953125 0.06875 0.04375
0 0.5765625 0.2265625 0.0703125 0.08125
0 0.2296875 0.76015625 0.04375 0.115625
0 0.31640625 0.334375 0.0390625 0.1
0 0.78125 0.25078125 0.0671875 0.0421875
0 0.2390625 0.53984375 0.040625 0.10625
0 0.2796875 0.5375 0.0390625 0.10625
0 0.3046875 0.75625 0.040625 0.1140625
0 0.325 0.140625 0.0375 0.096875
0 0.709375 0.17734375 0.0671875 0.0375
0 0.29375 0.13671875 0.040625 0.096875
0 0.2640625 0.75859375 0.04375 0.115625
0 0.30625 0.64765625 0.040625 0.109375
0 0.3203125 0.23671875 0.0390625 0.0953125
0 0.25078125 0.23203125 0.0390625 0.096875
0 0.64453125 0.23359375 0.0703125 0.040625
0 0.2828125 0.43125 0.0375 0.1
0 0.2453125 0.4328125 0.040625 0.1
0 0.23203125 0.64921875 0.040625 0.109375
0 0.26640625 0.65 0.040625 0.1125
0 0.24609375 0.33125 0.0390625 0.103125
0 0.28125 0.33046875 0.0375 0.1015625
0 0.28359375 0.2328125 0.0375 0.0984375
0 0.4328125 0.30546875 0.075 0.04375