0 0.3890625 0.7328125 0.0484375 0.08125
0 0.48828125 0.7375 0.05 0.08125
0 0.6078125 0.6625 0.05078125 0.0828125
0 0.44765625 0.571875 0.04921875 0.084375
0 0.75859375 0.4078125 0.059375 0.08984375
0 0.49375 0.57421875 0.05 0.084375
0 0.5484375 0.5765625 0.05078125 0.08515625
0 0.8171875 0.6734375 0.0578125 0.0875
0 0.39453125 0.5703125 0.04765625 0.084375
0 0.16796875 0.5625 0.04921875 0.08125
0 0.45390625 0.65703125 0.0515625 0.08359375
0 0.6359375 0.74609375 0.05234375 0.0859375
0 0.875 0.67578125 0.0640625 0.0890625
0 0.54921875 0.49609375 0.05078125 0.08828125
0 0.59765625 0.5765625 0.05 0.08671875
0 0.6015625 0.49296875 0.0515625 0.0875
0 0.16640625 0.640625 0.04921875 0.07890625
0 0.65703125 0.66484375 0.05234375 0.08359375
0 0.43828125 0.734375 0.04921875 0.08203125
0 0.55703125 0.66015625 0.05078125 0.0828125
0 0.8078125 0.58359375 0.05859375 0.08984375
0 0.11953125 0.56015625 0.04765625 0.0796875
0 0.64921875 0.578125 0.05234375 0.0875
0 0.7109375 0.66640625 0.053125 0.08671875
0 0.75 0.58203125 0.05546875 0.08828125
0 0.25859375 0.565625 0.04765625 0.08125
0 0.503125 0.49453125 0.04921875 0.08828125
0 0.35234375 0.4875 0.04921875 0.08515625
0 0.4 0.40234375 0.0484375 0.08671875
0 0.509375 0.66015625 0.05 0.08515625
0 0.703125 0.40703125 0.05390625 0.08984375
0 0.40078125 0.48828125 0.04765625 0.084375
0 0.30390625 0.48671875 0.0484375 0.084375
0 0.12109375 0.48125 0.0484375 0.08046875
0 0.8140625 0.49765625 0.05546875 0.08984375
0 0.5375 0.73828125 0.05078125 0.0828125
0 0.2140625 0.6421875 0.04765625 0.07890625
0 0.303125 0.40078125 0.0484375 0.08515625
0 0.3515625 0.4015625 0.0484375 0.084375
0 0.7640625 0.66953125 0.0546875 0.08671875
0 0.26015625 0.4859375 0.046875 0.0828125
0 0.340625 0.7296875 0.04765625 0.08046875
0 0.4046875 0.65546875 0.0484375 0.0828125
0 0.49609375 0.4078125 0.05 0.0890625
0 0.6765625 0.83125 0.053125 0.08359375
0 0.79453125 0.75859375 0.0640625 0.08515625
0 0.24765625 0.72421875 0.04453125 0.08046875
0 0.11796875 0.640625 0.04609375 0.08046875
0 0.759375 0.496875 0.05625 0.08984375
0 0.77890625 0.840625 0.059375 0.08671875
0 0.815625 0.40859375 0.05703125 0.090625
0 0.62578125 0.828125 0.053125 0.08359375
0 0.54921875 0.40234375 0.05078125 0.08828125
0 0.20234375 0.721875 0.04609375 0.08046875
0 0.7390625 0.75078125 0.05625 0.08359375
0 0.353125 0.65234375 0.04765625 0.08125
0 0.25625 0.4 0.0484375 0.084375
0 0.159375 0.71953125 0.04765625 0.0796875
0 0.30390625 0.5671875 0.04609375 0.08125
0 0.70078125 0.5796875 0.0515625 0.08671875
0 0.16796875 0.484375 0.04921875 0.08203125
0 0.30703125 0.65 0.046875 0.08046875
0 0.2015625 0.80078125 0.046875 0.07890625
0 0.68671875 0.74765625 0.0546875 0.08359375
0 0.45 0.40078125 0.05 0.08828125
0 0.26171875 0.64453125 0.04765625 0.08046875
0 0.58515625 0.74140625 0.05078125 0.08359375
0 0.45 0.48828125 0.05078125 0.0859375
0 0.35 0.56796875 0.04609375 0.084375
0 0.3859375 0.81484375 0.04765625 0.08046875
0 0.33828125 0.8125 0.0484375 0.07890625
0 0.86484375 0.58671875 0.0625 0.0921875
0 0.47734375 0.82109375 0.04921875 0.08359375
0 0.29453125 0.72734375 0.04609375 0.08125
0 0.575 0.825 0.05234375 0.08125
0 0.52578125 0.82109375 0.05 0.08203125
0 0.29140625 0.80859375 0.04609375 0.07734375
0 0.59765625 0.4078125 0.05078125 0.0890625
0 0.85859375 0.76484375 0.07421875 0.08984375
0 0.6171875 0.30390625 0.11953125 0.0421875
0 0.61875 0.2609375 0.12421875 0.04375
0 0.1125 0.71875 0.04609375 0.0796875
0 0.4328125 0.8171875 0.04609375 0.08125
0 0.21328125 0.5640625 0.046875 0.08046875
0 0.6515625 0.40390625 0.05234375 0.08828125
0 0.83359375 0.8453125 0.06484375 0.08515625
0 0.621875 0.34296875 0.11875 0.04296875
0 0.50234375 0.30234375 0.12265625 0.0421875
0 0.2125 0.48515625 0.04765625 0.0828125
0 0.7234375 0.8328125 0.05625 0.084375
0 0.653125 0.49375 0.05234375 0.0890625
0 0.61953125 0.2171875 0.12265625 0.0484375
0 0.5015625 0.340625 0.11953125 0.0421875
0 0.7453125 0.34375 0.128125 0.04296875
0 0.86953125 0.4140625 0.05703125 0.09296875
0 0.73984375 0.30546875 0.1296875 0.04375
0 0.49921875 0.26015625 0.12265625 0.04375
0 0.159375 0.796875 0.04609375 0.078125
0 0.88046875 0.26328125 0.1359375 0.0453125
0 0.75 0.17578125 0.1296875 0.04453125
0 0.87734375 0.3046875 0.134375 0.046875
0 0.38046875 0.26484375 0.1171875 0.0421875
0 0.24609375 0.8046875 0.0453125 0.0796875
0 0.37578125 0.30390625 0.11484375 0.03984375
0 0.88203125 0.17265625 0.13828125 0.046875
0 0.49609375 0.2171875 0.1234375 0.04453125
0 0.88671875 0.496875 0.06328125 0.0921875
0 0.37578125 0.340625 0.1140625 0.04140625
0 0.25703125 0.340625 0.1109375 0.0421875
0 0.25625 0.2625 0.11484375 0.0421875
0 0.87109375 0.3453125 0.1328125 0.04609375
0 0.25703125 0.30234375 0.11328125 0.0421875
0 0.1171875 0.39921875 0.04765625 0.08203125
0 0.20859375 0.40078125 0.0515625 0.08359375
0 0.74765625 0.221875 0.1296875 0.04453125
0 0.1125 0.79375 0.04765625 0.07890625
0 0.62265625 0.1703125 0.13046875 0.04765625
0 0.746875 0.26015625 0.13046875 0.04375
0 0.8828125 0.21953125 0.13828125 0.04921875
0 0.26328125 0.2234375 0.11484375 0.0453125
0 0.3765625 0.2234375 0.115625 0.04296875
0 0.496875 0.175 0.11875 0.04609375
0 0.2609375 0.1890625 0.11484375 0.04375
0 0.1484375 0.33984375 0.11171875 0.04375
0 0.70625 0.49609375 0.0546875 0.0890625
0 0.146875 0.30234375 0.1125 0.0421875
0 0.16484375 0.39921875 0.0484375 0.084375
0 0.38203125 0.18671875 0.1125 0.0390625
0 0.1515625 0.190625 0.1140625 0.04609375
0 0.14609375 0.22578125 0.11171875 0.04453125
0 0.14765625 0.2625 0.11171875 0.0421875