0 0.71796875 0.5765625 0.0515625 0.0828125
0 0.7671875 0.496875 0.053125 0.08359375
0 0.6171875 0.65625 0.04765625 0.07890625
0 0.61796875 0.575 0.0484375 0.08125
0 0.6671875 0.575 0.0515625 0.08203125
0 0.49609375 0.80703125 0.04609375 0.07734375
0 0.45078125 0.80390625 0.046875 0.07734375
0 0.6171875 0.415625 0.04921875 0.084375
0 0.54453125 0.80859375 0.046875 0.0765625
0 0.29296875 0.5703125 0.0453125 0.078125
0 0.42890625 0.4953125 0.04609375 0.0796875
0 0.521875 0.57421875 0.04765625 0.08203125
0 0.49140625 0.728125 0.04765625 0.07734375
0 0.20234375 0.56875 0.04375 0.07734375
0 0.5203125 0.49609375 0.04765625 0.08125
0 0.5203125 0.6546875 0.04765625 0.07890625
0 0.44375 0.7265625 0.04765625 0.07734375
0 0.4265625 0.4140625 0.04765625 0.08359375
0 0.33828125 0.571875 0.04609375 0.078125
0 0.43046875 0.6515625 0.0453125 0.07890625
0 0.43125 0.571875 0.04609375 0.08046875
0 0.56796875 0.65703125 0.0484375 0.07890625
0 0.665625 0.415625 0.05 0.084375
0 0.8140625 0.66015625 0.05234375 0.0828125
0 0.6828125 0.7359375 0.04765625 0.08046875
0 0.38125 0.41640625 0.04765625 0.08203125
0 0.471875 0.49609375 0.04921875 0.0796875
0 0.56953125 0.57421875 0.04765625 0.08203125
0 0.38203125 0.4953125 0.04765625 0.0796875
0 0.56796875 0.49609375 0.0484375 0.08203125
0 0.38359375 0.57109375 0.04609375 0.0796875
0 0.72890625 0.73671875 0.04921875 0.08046875
0 0.71640625 0.41328125 0.053125 0.08515625
0 0.4734375 0.57265625 0.04765625 0.08125
0 0.47265625 0.65234375 0.04765625 0.078125
0 0.29140625 0.65 0.0453125 0.0796875
0 0.66484375 0.65703125 0.04765625 0.08125
0 0.246875 0.56953125 0.0453125 0.07734375
0 0.33671875 0.6515625 0.04765625 0.07890625
0 0.52265625 0.41328125 0.0484375 0.0859375
0 0.56640625 0.41640625 0.05 0.08359375
0 0.5859375 0.73125 0.0484375 0.0765625
0 0.7640625 0.6609375 0.0515625 0.08125
0 0.76640625 0.41328125 0.05390625 0.0859375
0 0.29140625 0.4953125 0.0453125 0.07734375
0 0.39296875 0.7265625 0.05234375 0.07734375
0 0.7796875 0.73828125 0.05 0.08203125
0 0.76796875 0.57734375 0.0515625 0.0828125
0 0.8203125 0.496875 0.05703125 0.08671875
0 0.384375 0.65 0.04765625 0.07734375
0 0.20078125 0.49375 0.04375 0.07734375
0 0.68125 0.81640625 0.04921875 0.0796875
0 0.11953125 0.80078125 0.05234375 0.07890625
0 0.53984375 0.73046875 0.0484375 0.078125
0 0.73046875 0.81796875 0.04921875 0.08203125
0 0.63359375 0.8125 0.04765625 0.078125
0 0.58671875 0.81015625 0.046875 0.07734375
0 0.71328125 0.65859375 0.05078125 0.08046875
0 0.471875 0.4171875 0.0484375 0.0828125
0 0.7796875 0.821875 0.0515625 0.0828125
0 0.33515625 0.4171875 0.04609375 0.08125
0 0.35859375 0.803125 0.046875 0.0765625
0 0.8296875 0.740625 0.05546875 0.0828125
0 0.25546875 0.8 0.04921875 0.078125
0 0.4046875 0.80390625 0.04609375 0.07578125
0 0.159375 0.56875 0.04921875 0.0765625
0 0.28828125 0.41484375 0.04609375 0.08125
0 0.3375 0.72578125 0.04921875 0.075
0 0.20390625 0.721875 0.0484375 0.0765625
0 0.15859375 0.41484375 0.0453125 0.078125
0 0.2 0.6484375 0.04609375 0.078125
0 0.634375 0.73359375 0.0484375 0.078125
0 0.19765625 0.4171875 0.0453125 0.0796875
0 0.24375 0.4171875 0.0453125 0.08046875
0 0.31328125 0.796875 0.046875 0.07421875
0 0.2921875 0.72265625 0.04453125 0.07578125
0 0.2484375 0.6484375 0.04609375 0.07890625
0 0.81484375 0.41796875 0.05703125 0.0875
0 0.24140625 0.32109375 0.11015625 0.0390625
0 0.3359375 0.496875 0.0453125 0.0796875
0 0.2453125 0.4953125 0.04609375 0.078125
0 0.1609375 0.721875 0.04765625 0.075
0 0.61328125 0.49375 0.05 0.08359375
0 0.15703125 0.646875 0.05078125 0.0765625
0 0.1109375 0.56953125 0.0484375 0.078125
0 0.2109375 0.796875 0.04765625 0.07734375
0 0.1609375 0.49453125 0.0453125 0.07734375
0 0.81796875 0.578125 0.0546875 0.08359375
0 0.8296875 0.82265625 0.0546875 0.08515625
0 0.1171875 0.49296875 0.04453125 0.078125
0 0.2484375 0.721875 0.04609375 0.0765625
0 0.115625 0.725 0.05 0.0796875
0 0.11328125 0.41796875 0.04921875 0.078125
0 0.6953125 0.35078125 0.1203125 0.04296875
0 0.8171875 0.35078125 0.12890625 0.0453125
0 0.10703125 0.646875 0.04921875 0.07578125
0 0.715625 0.4984375 0.05078125 0.08359375
0 0.4671875 0.35390625 0.11484375 0.040625
0 0.58046875 0.19765625 0.1203125 0.046875
0 0.66640625 0.4984375 0.0515625 0.08515625
0 0.69921875 0.315625 0.11796875 0.04296875
0 0.70078125 0.19609375 0.12109375 0.04609375
0 0.13359375 0.21484375 0.0953125 0.03984375
0 0.35 0.3203125 0.11015625 0.040625
0 0.578125 0.35234375 0.11484375 0.0421875
0 0.35390625 0.3546875 0.109375 0.040625
0 0.1640625 0.79765625 0.05 0.07734375
0 0.4625 0.31875 0.11640625 0.0421875
0 0.23515625 0.2078125 0.11484375 0.0421875
0 0.69609375 0.27890625 0.1203125 0.04453125
0 0.8296875 0.1984375 0.13125 0.04609375
0 0.81640625 0.315625 0.12578125 0.04453125
0 0.825 0.27890625 0.128125 0.046875
0 0.7 0.23359375 0.121875 0.0453125
0 0.35078125 0.21015625 0.115625 0.04375
0 0.5796875 0.23828125 0.11875 0.04609375
0 0.82734375 0.234375 0.13515625 0.04765625
0 0.4625 0.24296875 0.11484375 0.04453125
0 0.578125 0.31796875 0.11796875 0.04375
0 0.5796875 0.28203125 0.11875 0.04375
0 0.4609375 0.28125 0.1171875 0.04140625
0 0.46484375 0.20546875 0.11328125 0.04609375
0 0.134375 0.25078125 0.10703125 0.04921875
0 0.13828125 0.35703125 0.10625 0.03984375
0 0.13515625 0.32421875 0.10234375 0.040625
0 0.23828125 0.246875 0.11640625 0.04765625
0 0.34921875 0.28203125 0.11328125 0.05234375
0 0.134375 0.28671875 0.10234375 0.03984375
0 0.2390625 0.2859375 0.11328125 0.0390625
0 0.2484375 0.35625 0.11015625 0.0375
0 0.35 0.24609375 0.1140625 0.0375