0 0.4859375 0.52578125 0.075 0.0453125
0 0.3359375 0.64296875 0.078125 0.0453125
0 0.2625 0.6390625 0.078125 0.0453125
0 0.409375 0.64375 0.0765625 0.046875
0 0.56171875 0.41875 0.078125 0.0453125
0 0.56328125 0.684375 0.078125 0.046875
0 0.4140625 0.42421875 0.0765625 0.04375
0 0.33515625 0.68828125 0.0765625 0.04375
0 0.3359375 0.46640625 0.0765625 0.04375
0 0.4125 0.33671875 0.075 0.046875
0 0.40859375 0.68828125 0.0765625 0.04375
0 0.56171875 0.6390625 0.078125 0.046875
0 0.48671875 0.44140625 0.075 0.04375
0 0.4125 0.51015625 0.075 0.046875
0 0.409375 0.46640625 0.0765625 0.04375
0 0.56171875 0.4625 0.078125 0.04375
0 0.4859375 0.571875 0.0765625 0.046875
0 0.26328125 0.59609375 0.0765625 0.046875
0 0.56328125 0.7765625 0.0796875 0.0453125
0 0.26328125 0.46328125 0.075 0.04375
0 0.5625 0.73203125 0.078125 0.046875
0 0.3359375 0.5109375 0.078125 0.0453125
0 0.26796875 0.19921875 0.075 0.046875
0 0.4875 0.39609375 0.075 0.04375
0 0.48671875 0.61796875 0.078125 0.0453125
0 0.56171875 0.821875 0.078125 0.05
0 0.4875 0.35234375 0.075 0.04375
0 0.3390625 0.2484375 0.075 0.0453125
0 0.33984375 0.3375 0.075 0.0453125
0 0.4125 0.6 0.075 0.046875
0 0.5609375 0.50859375 0.078125 0.04375
0 0.33671875 0.60078125 0.078125 0.0453125
0 0.3375 0.42578125 0.075 0.04375
0 0.3390625 0.29375 0.075 0.04375
0 0.3359375 0.55703125 0.078125 0.04375
0 0.56171875 0.553125 0.078125 0.0453125
0 0.409375 0.55625 0.0765625 0.04375
0 0.4109375 0.38125 0.0765625 0.0421875
0 0.48671875 0.484375 0.0765625 0.04375
0 0.334375 0.7796875 0.0765625 0.046875
0 0.41171875 0.29140625 0.075 0.04375
0 0.26171875 0.50859375 0.075 0.04375
0 0.4859375 0.8421875 0.0765625 0.046875
0 0.26328125 0.55234375 0.0765625 0.04375
0 0.26171875 0.684375 0.075 0.046875
0 0.2671875 0.37734375 0.075 0.04375
0 0.56171875 0.2828125 0.075 0.046875
0 0.265625 0.41953125 0.075 0.04375
0 0.56171875 0.37578125 0.078125 0.04375
0 0.48671875 0.66171875 0.0765625 0.046875
0 0.33359375 0.73359375 0.075 0.046875
0 0.5625 0.33125 0.078125 0.046875
0 0.184375 0.70703125 0.075 0.046875
0 0.48828125 0.31171875 0.075 0.04375
0 0.41171875 0.2046875 0.075 0.04375
0 0.48828125 0.26875 0.0765625 0.04375
0 0.4890625 0.225 0.075 0.04375
0 0.4078125 0.78203125 0.078125 0.046875
0 0.265625 0.28828125 0.075 0.04375
0 0.5609375 0.19921875 0.075 0.0453125
0 0.4859375 0.8 0.0765625 0.0453125
0 0.5625 0.59375 0.078125 0.04375
0 0.3390625 0.3828125 0.075 0.04375
0 0.40859375 0.87265625 0.0765625 0.0484375
0 0.2609375 0.73125 0.078125 0.0453125
0 0.4078125 0.734375 0.078125 0.046875
0 0.5625 0.23828125 0.0765625 0.04375
0 0.18359375 0.75 0.075 0.046875
0 0.5609375 0.871875 0.078125 0.05
0 0.18984375 0.35625 0.0734375 0.04375
0 0.61796875 0.30859375 0.0375 0.1
0 0.4890625 0.18125 0.075 0.0453125
0 0.18671875 0.57265625 0.078125 0.046875
0 0.33984375 0.2046875 0.075 0.046875
0 0.2671875 0.33359375 0.0734375 0.04375
0 0.2671875 0.246875 0.0734375 0.04375
0 0.41171875 0.24765625 0.075 0.04375
0 0.18359375 0.7984375 0.078125 0.0515625
0 0.653125 0.5125 0.0375 0.10625
0 0.1859375 0.52890625 0.0765625 0.04375
0 0.6171875 0.5125 0.0359375 0.10625
0 0.18515625 0.61875 0.075 0.046875
0 0.61796875 0.41171875 0.0375 0.103125
0 0.26015625 0.871875 0.0765625 0.05
0 0.334375 0.86875 0.078125 0.0484375
0 0.703125 0.62265625 0.065625 0.109375
0 0.6171875 0.62109375 0.0359375 0.10625
0 0.18515625 0.6625 0.075 0.0453125
0 0.71875 0.30703125 0.040625 0.103125
0 0.61875 0.73515625 0.0390625 0.109375
0 0.190625 0.2703125 0.0734375 0.046875
0 0.6828125 0.40703125 0.0375 0.103125
0 0.653125 0.4109375 0.0375 0.103125
0 0.18984375 0.3125 0.0734375 0.046875
0 0.68046875 0.30703125 0.0375 0.103125
0 0.71640625 0.40546875 0.0375 0.103125
0 0.40859375 0.8265625 0.0765625 0.04375
0 0.1859375 0.4875 0.075 0.046875
0 0.6515625 0.20625 0.0390625 0.103125
0 0.71796875 0.20390625 0.040625 0.1046875
0 0.684375 0.51796875 0.0390625 0.10625
0 0.653125 0.621875 0.0375 0.10625
0 0.334375 0.825 0.078125 0.046875
0 0.6515625 0.31171875 0.034375 0.103125
0 0.18828125 0.4421875 0.075 0.04375
0 0.61953125 0.209375 0.0375 0.103125
0 0.63671875 0.85078125 0.06875 0.1125
0 0.65390625 0.73515625 0.0421875 0.109375
0 0.190625 0.18203125 0.078125 0.05
0 0.7171875 0.51796875 0.0375 0.10625
0 0.26015625 0.7765625 0.078125 0.0484375
0 0.68125 0.20703125 0.0390625 0.10625
0 0.4859375 0.7546875 0.078125 0.0484375
0 0.6359375 0.73828125 0.0640625 0.1109375
0 0.19140625 0.39609375 0.0765625 0.046875
0 0.71796875 0.734375 0.04375 0.1109375
0 0.1796875 0.84921875 0.078125 0.05
0 0.18984375 0.225 0.078125 0.05
0 0.26015625 0.8234375 0.0765625 0.0515625
0 0.71171875 0.8484375 0.075 0.121875
0 0.68828125 0.7359375 0.04375 0.109375
0 0.65625 0.84609375 0.046875 0.1109375
0 0.62109375 0.8421875 0.04375 0.1125
0 0.48671875 0.709375 0.078125 0.05