0 0.39765625 0.403125 0.025 0.221875
0 0.28203125 0.40859375 0.0234375 0.2203125
0 0.36875 0.40546875 0.01875 0.225
0 0.3265625 0.4078125 0.021875 0.2140625
0 0.61875 0.73046875 0.175 0.03125
0 0.7921875 0.34375 0.175 0.0328125
0 0.79375 0.4796875 0.171875 0.034375
0 0.29921875 0.40859375 0.025 0.215625
0 0.6203125 0.7765625 0.178125 0.0328125
0 0.26484375 0.19765625 0.015625 0.2125
0 0.78828125 0.21640625 0.165625 0.0296875
0 0.45 0.875 0.171875 0.0359375
0 0.45625 0.778125 0.165625 0.0328125
0 0.79453125 0.5375 0.171875 0.0296875
0 0.7953125 0.41015625 0.175 0.0328125
0 0.79453125 0.3875 0.1765625 0.03125
0 0.62265625 0.7546875 0.171875 0.028125
0 0.42109375 0.18984375 0.01875 0.2109375
0 0.390625 0.1875 0.0125 0.2125
0 0.24296875 0.20703125 0.015625 0.2125
0 0.62109375 0.51328125 0.171875 0.03125
0 0.790625 0.23984375 0.16875 0.028125
0 0.28671875 0.8296875 0.16875 0.034375
0 0.6203125 0.57890625 0.175 0.028125
0 0.62109375 0.79921875 0.178125 0.0328125
0 0.265625 0.4125 0.025 0.2203125
0 0.2875 0.80859375 0.165625 0.034375
0 0.62265625 0.28046875 0.165625 0.034375
0 0.7921875 0.45390625 0.175 0.03125
0 0.6234375 0.53828125 0.171875 0.0296875
0 0.62265625 0.49140625 0.16875 0.0296875
0 0.61796875 0.84296875 0.1734375 0.034375
0 0.41484375 0.4015625 0.021875 0.21875
0 0.296875 0.19453125 0.015625 0.2171875
0 0.2390625 0.42109375 0.0171875 0.209375
0 0.6234375 0.11328125 0.1640625 0.0203125
0 0.61953125 0.5578125 0.175 0.03125
0 0.79296875 0.43515625 0.175 0.034375
0 0.7953125 0.6453125 0.175 0.03125
0 0.2890625 0.78359375 0.165625 0.0359375
0 0.453125 0.8046875 0.1625 0.03125
0 0.78984375 0.284375 0.171875 0.03125
0 0.43671875 0.19375 0.01875 0.2125
0 0.61875 0.6453125 0.1734375 0.03125
0 0.7984375 0.71328125 0.1796875 0.0296875
0 0.79453125 0.66640625 0.1703125 0.0296875
0 0.7859375 0.12109375 0.159375 0.0296875
0 0.31328125 0.409375 0.025 0.21875
0 0.225 0.209375 0.01875 0.21875
0 0.79296875 0.759375 0.175 0.03125
0 0.78984375 0.8390625 0.1703125 0.03125
0 0.43046875 0.40625 0.021875 0.215625
0 0.61953125 0.82109375 0.175 0.0328125
0 0.61953125 0.70859375 0.175 0.03125
0 0.3125 0.19609375 0.01875 0.2125
0 0.62265625 0.1734375 0.1640625 0.028125
0 0.45078125 0.82734375 0.171875 0.0328125
0 0.79140625 0.325 0.171875 0.028125
0 0.62109375 0.1953125 0.1640625 0.025
0 0.79453125 0.55859375 0.171875 0.028125
0 0.78984375 0.86484375 0.16875 0.0328125
0 0.796875 0.73515625 0.178125 0.0265625
0 0.790625 0.8875 0.171875 0.0328125
0 0.61875 0.446875 0.1734375 0.0359375
0 0.79375 0.61953125 0.171875 0.03125
0 0.6203125 0.60234375 0.175 0.028125
0 0.61796875 0.37109375 0.1703125 0.0375
0 0.45 0.8484375 0.1734375 0.03125
0 0.2859375 0.853125 0.16875 0.040625
0 0.61875 0.665625 0.175 0.028125
0 0.61953125 0.62265625 0.175 0.028125
0 0.3640625 0.19296875 0.01875 0.209375
0 0.79609375 0.6875 0.175 0.028125
0 0.62109375 0.23671875 0.165625 0.0265625
0 0.22578125 0.41953125 0.0296875 0.2125
0 0.6203125 0.30625 0.165625 0.028125
0 0.46015625 0.39921875 0.021875 0.2171875
0 0.44453125 0.4078125 0.0203125 0.221875
0 0.6234375 0.465625 0.16875 0.034375
0 0.79375 0.30390625 0.171875 0.025
0 0.79375 0.50546875 0.171875 0.03125
0 0.79140625 0.81953125 0.165625 0.025
0 0.7921875 0.796875 0.1703125 0.0265625
0 0.6203125 0.215625 0.1625 0.028125
0 0.7875 0.196875 0.1671875 0.025
0 0.61796875 0.88515625 0.1734375 0.0328125
0 0.7875 0.18046875 0.165625 0.021875
0 0.61796875 0.86640625 0.1734375 0.0296875
0 0.79296875 0.365625 0.175 0.028125
0 0.62109375 0.25703125 0.165625 0.028125
0 0.78671875 0.16328125 0.165625 0.028125
0 0.78515625 0.14375 0.1578125 0.021875
0 0.23515625 0.640625 0.025 0.234375
0 0.45234375 0.75859375 0.159375 0.025
0 0.2828125 0.76015625 0.165625 0.025
0 0.21953125 0.64140625 0.021875 0.228125
0 0.25234375 0.6359375 0.025 0.23125
0 0.2703125 0.63515625 0.021875 0.228125
0 0.28515625 0.634375 0.021875 0.2296875
0 0.3015625 0.63359375 0.025 0.2328125
0 0.31796875 0.63671875 0.025 0.234375
0 0.33125 0.6421875 0.021875 0.23125
0 0.34921875 0.63984375 0.021875 0.2328125
0 0.36640625 0.640625 0.021875 0.23125
0 0.38125 0.63046875 0.01875 0.228125
0 0.39609375 0.63046875 0.01875 0.23125
0 0.41171875 0.6296875 0.01875 0.23125
0 0.42890625 0.63203125 0.01875 0.2296875
0 0.44375 0.6328125 0.0171875 0.2265625
0 0.45859375 0.62421875 0.01875 0.2296875
0 0.4734375 0.62265625 0.015625 0.228125
0 0.48828125 0.625 0.015625 0.228125
0 0.503125 0.634375 0.01875 0.225
0 0.5140625 0.625 0.015625 0.225
0 0.528125 0.625 0.01875 0.2296875
0 0.25078125 0.415625 0.01875 0.2171875
0 0.340625 0.40546875 0.0203125 0.215625
0 0.35390625 0.4078125 0.021875 0.21875
0 0.38203125 0.40390625 0.021875 0.21875
0 0.475 0.39921875 0.01875 0.215625
0 0.4890625 0.3984375 0.0171875 0.2171875
0 0.50078125 0.40390625 0.0140625 0.2125
0 0.515625 0.40234375 0.015625 0.215625
0 0.53046875 0.40390625 0.015625 0.2171875
0 0.209375 0.209375 0.015625 0.2125
0 0.253125 0.19921875 0.015625 0.209375
0 0.28125 0.19140625 0.021875 0.209375
0 0.3265625 0.2 0.0203125 0.2
0 0.3421875 0.19375 0.01875 0.209375
0 0.35234375 0.19609375 0.0125 0.203125
0 0.378125 0.19375 0.01875 0.20625
0 0.403125 0.1890625 0.015625 0.2140625
0 0.4484375 0.19140625 0.0109375 0.2125
0 0.46171875 0.18515625 0.01875 0.21875
0 0.4765625 0.18671875 0.01875 0.2125
0 0.490625 0.18515625 0.01875 0.2109375
0 0.5046875 0.1890625 0.0140625 0.209375
0 0.51875 0.18828125 0.0171875 0.2125
0 0.5328125 0.1890625 0.015625 0.2125
0 0.621875 0.09375 0.1625 0.025
0 0.62265625 0.134375 0.165625 0.025
0 0.621875 0.15390625 0.1625 0.021875
0 0.621875 0.3296875 0.165625 0.03125
0 0.621875 0.34921875 0.165625 0.0296875
0 0.621875 0.3890625 0.16875 0.028125
0 0.62265625 0.40546875 0.1703125 0.0359375
0 0.621875 0.4265625 0.16875 0.0375
0 0.621875 0.6890625 0.1734375 0.01875
0 0.790625 0.778125 0.171875 0.021875
0 0.7921875 0.60078125 0.16875 0.034375
0 0.79375 0.58125 0.171875 0.034375
0 0.79375 0.56015625 0.171875 0.034375
0 0.78984375 0.26484375 0.16875 0.028125
0 0.784375 0.1 0.1625 0.021875