0 0.60703125 0.853125 0.10625 0.078125
0 0.50625 0.86953125 0.109375 0.08125
0 0.4 0.88359375 0.115625 0.0890625
0 0.496875 0.73671875 0.1 0.065625
0 0.39375 0.50859375 0.0984375 0.05625
0 0.5 0.6703125 0.1 0.0609375
0 0.3984375 0.62578125 0.1046875 0.059375
0 0.478125 0.25859375 0.084375 0.046875
0 0.7484375 0.540625 0.08125 0.053125
0 0.39765625 0.8125 0.1078125 0.078125
0 0.4984375 0.79609375 0.1046875 0.075
0 0.48515625 0.39921875 0.0875 0.0515625
0 0.56171875 0.30703125 0.08125 0.0453125
0 0.49140625 0.55703125 0.096875 0.05625
0 0.66875 0.54765625 0.084375 0.0546875
0 0.4875 0.45078125 0.0890625 0.0515625
0 0.3984375 0.68515625 0.10625 0.065625
0 0.4953125 0.61328125 0.096875 0.059375
0 0.5921875 0.72421875 0.1 0.065625
0 0.5671875 0.39765625 0.084375 0.05
0 0.584375 0.609375 0.09375 0.05625
0 0.67578125 0.5984375 0.0875 0.05625
0 0.6 0.7890625 0.1015625 0.0703125
0 0.390625 0.453125 0.096875 0.053125
0 0.4875 0.5 0.09375 0.053125
0 0.58828125 0.6625 0.0953125 0.059375
0 0.69609375 0.77421875 0.096875 0.071875
0 0.39296875 0.40234375 0.09375 0.05
0 0.70390625 0.8421875 0.1 0.0796875
0 0.58359375 0.55078125 0.090625 0.0546875
0 0.565625 0.35078125 0.084375 0.046875
0 0.39609375 0.7484375 0.1109375 0.071875
0 0.3984375 0.56484375 0.1015625 0.059375
0 0.6609375 0.49453125 0.0859375 0.05
0 0.67890625 0.6546875 0.090625 0.0609375
0 0.3921875 0.30859375 0.0890625 0.0484375
0 0.48359375 0.3484375 0.0875 0.05
0 0.325 0.4203125 0.046875 0.128125
0 0.26015625 0.86875 0.0625 0.178125
0 0.65078125 0.39921875 0.08125 0.046875
0 0.73984375 0.490625 0.08125 0.05
0 0.6859375 0.71015625 0.0953125 0.065625
0 0.81796875 0.48359375 0.078125 0.05
0 0.64140625 0.31015625 0.078125 0.0453125
0 0.27109375 0.696875 0.05625 0.15625
0 0.3953125 0.35234375 0.09375 0.05
0 0.47734375 0.30390625 0.0875 0.046875
0 0.71484375 0.31171875 0.078125 0.046875
0 0.47578125 0.215625 0.08125 0.046875
0 0.734375 0.4421875 0.078125 0.046875
0 0.390625 0.171875 0.084375 0.046875
0 0.3171875 0.8578125 0.059375 0.171875
0 0.64453125 0.35390625 0.0765625 0.046875
0 0.759375 0.59296875 0.084375 0.05625
0 0.47578125 0.17265625 0.0796875 0.04375
0 0.72578125 0.39609375 0.0796875 0.04375
0 0.8265625 0.53046875 0.0796875 0.053125
0 0.32109375 0.6921875 0.053125 0.153125
0 0.3265625 0.2953125 0.046875 0.1125
0 0.27265625 0.5515625 0.05 0.140625
0 0.76875 0.6484375 0.0875 0.059375
0 0.11484375 0.7125 0.0671875 0.165625
0 0.39140625 0.21640625 0.0859375 0.046875
0 0.32265625 0.54921875 0.046875 0.1359375
0 0.134375 0.42265625 0.059375 0.134375
0 0.81015625 0.43515625 0.078125 0.0484375
0 0.21484375 0.70546875 0.059375 0.1625
0 0.65625 0.44609375 0.084375 0.0484375
0 0.28359375 0.4203125 0.0484375 0.125
0 0.7765625 0.70078125 0.0875 0.0625
0 0.38984375 0.13359375 0.08125 0.046875
0 0.2265625 0.55703125 0.053125 0.14375
0 0.71015625 0.2671875 0.0734375 0.04375
0 0.17578125 0.56015625 0.053125 0.1453125
0 0.12890625 0.55703125 0.059375 0.146875
0 0.2046875 0.8796875 0.075 0.1890625
0 0.2828125 0.2953125 0.046875 0.115625
0 0.39140625 0.09296875 0.08125 0.0453125
0 0.55390625 0.2203125 0.078125 0.04375
0 0.5578125 0.26484375 0.08125 0.04375
0 0.39140625 0.2625 0.0875 0.046875
0 0.571875 0.4484375 0.0875 0.05
0 0.6375 0.26640625 0.078125 0.04375
0 0.16171875 0.71171875 0.0625 0.1625
0 0.32890625 0.190625 0.0453125 0.1015625
0 0.5515625 0.17890625 0.0765625 0.04375
0 0.2859375 0.1875 0.046875 0.10625
0 0.47265625 0.13515625 0.0765625 0.0453125
0 0.8 0.83046875 0.103125 0.0796875
0 0.7984375 0.37421875 0.0765625 0.046875
0 0.7890625 0.76484375 0.09375 0.06875
0 0.8359375 0.58125 0.08125 0.05625
0 0.7203125 0.35546875 0.078125 0.0453125
0 0.853125 0.6359375 0.084375 0.059375
0 0.4734375 0.09375 0.078125 0.0453125
0 0.89140625 0.81015625 0.09375 0.0796875
0 0.23828125 0.29140625 0.0484375 0.11875
0 0.5515625 0.1421875 0.071875 0.04375
0 0.86328125 0.6921875 0.090625 0.06875
0 0.33046875 0.0953125 0.04375 0.09375
0 0.08828125 0.89765625 0.078125 0.19375
0 0.54765625 0.103125 0.071875 0.04375
0 0.2328125 0.421875 0.0515625 0.13125
0 0.1890625 0.4234375 0.0546875 0.1328125
0 0.871875 0.75078125 0.09375 0.0703125
0 0.70234375 0.21875 0.075 0.0578125
0 0.1421875 0.89453125 0.078125 0.190625
0 0.78828125 0.32890625 0.078125 0.0453125
0 0.2953125 0.08984375 0.0484375 0.1
0 0.24609375 0.1828125 0.0515625 0.1078125
0 0.5765625 0.50234375 0.0890625 0.0515625
0 0.14609375 0.2984375 0.053125 0.11875
0 0.61328125 0.10703125 0.075 0.046875
0 0.1609375 0.1828125 0.05625 0.115625
0 0.19453125 0.29609375 0.053125 0.11875
0 0.775 0.24921875 0.075 0.04375
0 0.61875 0.14609375 0.071875 0.04375
0 0.684375 0.09609375 0.071875 0.040625
0 0.6265625 0.22578125 0.08125 0.04375
0 0.246875 0.08359375 0.053125 0.103125
0 0.78359375 0.29140625 0.078125 0.04375
0 0.2015625 0.18203125 0.0546875 0.1125
0 0.165625 0.078125 0.0515625 0.1046875
0 0.2078125 0.0765625 0.053125 0.1
0 0.62421875 0.18515625 0.08125 0.04375
0 0.69296875 0.171875 0.075 0.04375
0 0.6875 0.13359375 0.0734375 0.0359375
0 0.7671875 0.21015625 0.078125 0.040625
0 0.76015625 0.17265625 0.0734375 0.0390625
0 0.7546875 0.13828125 0.071875 0.0375
0 0.7515625 0.10078125 0.0703125 0.0375