0 0.596875 0.39765625 0.221875 0.025
0 0.59140625 0.28203125 0.2203125 0.0234375
0 0.59453125 0.36875 0.22421875 0.01796875
0 0.5921875 0.3265625 0.2140625 0.02109375
0 0.26953125 0.61875 0.03046875 0.175
0 0.65625 0.7921875 0.0328125 0.17421875
0 0.5203125 0.79375 0.03515625 0.17265625
0 0.59140625 0.29921875 0.215625 0.02421875
0 0.2234375 0.6203125 0.0328125 0.178125
0 0.80234375 0.26484375 0.21328125 0.01640625
0 0.78359375 0.78828125 0.0296875 0.165625
0 0.125 0.45 0.0359375 0.17109375
0 0.221875 0.45625 0.0328125 0.16640625
0 0.4625 0.79453125 0.0296875 0.17265625
0 0.58984375 0.7953125 0.0328125 0.175
0 0.6125 0.79453125 0.03203125 0.1765625
0 0.2453125 0.62265625 0.02734375 0.17265625
0 0.81015625 0.42109375 0.2109375 0.01875
0 0.8125 0.390625 0.21328125 0.0125
0 0.79296875 0.24296875 0.21171875 0.015625
0 0.48671875 0.62109375 0.03046875 0.17265625
0 0.76015625 0.790625 0.02734375 0.16796875
0 0.1703125 0.28671875 0.03359375 0.16796875
0 0.42109375 0.6203125 0.028125 0.17421875
0 0.20078125 0.62109375 0.0328125 0.17734375
0 0.5875 0.265625 0.2203125 0.02421875
0 0.19140625 0.2875 0.03359375 0.16640625
0 0.71953125 0.62265625 0.03359375 0.16640625
0 0.54609375 0.7921875 0.03125 0.175
0 0.46171875 0.6234375 0.0296875 0.17109375
0 0.50859375 0.62265625 0.0296875 0.16953125
0 0.15703125 0.61796875 0.034375 0.1734375
0 0.5984375 0.41484375 0.21875 0.021875
0 0.80546875 0.296875 0.2171875 0.015625
0 0.57890625 0.2390625 0.21015625 0.0171875
0 0.88671875 0.6234375 0.0203125 0.1640625
0 0.4421875 0.61953125 0.03046875 0.175
0 0.56484375 0.79296875 0.03359375 0.175
0 0.3546875 0.7953125 0.03046875 0.17578125
0 0.21640625 0.2890625 0.03515625 0.16484375
0 0.1953125 0.453125 0.03125 0.16328125
0 0.715625 0.78984375 0.03203125 0.17265625
0 0.80625 0.43671875 0.21171875 0.01796875
0 0.3546875 0.61875 0.03046875 0.1734375
0 0.28671875 0.7984375 0.02890625 0.1796875
0 0.33359375 0.79453125 0.0296875 0.1703125
0 0.87890625 0.7859375 0.0296875 0.16015625
0 0.590625 0.31328125 0.21796875 0.025
0 0.790625 0.225 0.21796875 0.01953125
0 0.240625 0.79296875 0.03046875 0.17578125
0 0.1609375 0.78984375 0.03046875 0.1703125
0 0.59375 0.43046875 0.21640625 0.02109375
0 0.17890625 0.61953125 0.03203125 0.175
0 0.29140625 0.61953125 0.03203125 0.17578125
0 0.80390625 0.3125 0.21328125 0.01953125
0 0.8265625 0.62265625 0.02734375 0.1640625
0 0.17265625 0.45078125 0.0328125 0.17265625
0 0.675 0.79140625 0.02734375 0.17265625
0 0.8046875 0.62109375 0.02421875 0.1640625
0 0.44140625 0.79453125 0.02890625 0.171875
0 0.13515625 0.78984375 0.0328125 0.16953125
0 0.26484375 0.796875 0.0265625 0.17890625
0 0.1125 0.790625 0.0328125 0.171875
0 0.553125 0.61875 0.0359375 0.1734375
0 0.38046875 0.79375 0.03125 0.17109375
0 0.39765625 0.6203125 0.028125 0.175
0 0.62890625 0.61796875 0.0375 0.1703125
0 0.1515625 0.45 0.03125 0.1734375
0 0.146875 0.2859375 0.03984375 0.16953125
0 0.334375 0.61875 0.028125 0.17421875
0 0.37734375 0.61953125 0.02890625 0.17421875
0 0.80703125 0.3640625 0.209375 0.01953125
0 0.3125 0.79609375 0.028125 0.175
0 0.76328125 0.62109375 0.0265625 0.165625
0 0.58046875 0.22578125 0.2125 0.0296875
0 0.69375 0.6203125 0.02734375 0.165625
0 0.60078125 0.46015625 0.2171875 0.021875
0 0.5921875 0.44453125 0.22109375 0.0203125
0 0.534375 0.6234375 0.03359375 0.16875
0 0.69609375 0.79375 0.025 0.17109375
0 0.49453125 0.79375 0.03125 0.17109375
0 0.18046875 0.79140625 0.02421875 0.165625
0 0.203125 0.7921875 0.0265625 0.1703125
0 0.784375 0.6203125 0.028125 0.16171875
0 0.803125 0.7875 0.025 0.1671875
0 0.11484375 0.61796875 0.03203125 0.1734375
0 0.81953125 0.7875 0.02265625 0.165625
0 0.13359375 0.61796875 0.0296875 0.1734375
0 0.634375 0.79296875 0.028125 0.17421875
0 0.74296875 0.62109375 0.028125 0.16640625
0 0.83671875 0.78671875 0.02734375 0.165625
0 0.85625 0.78515625 0.021875 0.1578125
0 0.359375 0.23515625 0.23359375 0.025
0 0.24140625 0.45234375 0.02578125 0.16015625
0 0.23984375 0.2828125 0.02421875 0.16484375
0 0.35859375 0.21953125 0.22734375 0.021875
0 0.3640625 0.25234375 0.23125 0.02578125
0 0.36484375 0.2703125 0.22890625 0.021875
0 0.365625 0.28515625 0.2296875 0.02265625
0 0.36640625 0.3015625 0.2328125 0.025
0 0.36328125 0.31796875 0.23359375 0.02578125
0 0.3578125 0.33125 0.23125 0.021875
0 0.36015625 0.34921875 0.2328125 0.02109375
0 0.359375 0.36640625 0.23046875 0.02109375
0 0.36953125 0.38125 0.22734375 0.01875
0 0.36953125 0.39609375 0.23046875 0.01953125
0 0.3703125 0.41171875 0.23046875 0.01953125
0 0.36796875 0.42890625 0.2296875 0.01796875
0 0.3671875 0.44375 0.2265625 0.0171875
0 0.37578125 0.45859375 0.2296875 0.01953125
0 0.37734375 0.4734375 0.22734375 0.01640625
0 0.375 0.48828125 0.228125 0.015625
0 0.365625 0.503125 0.22421875 0.01953125
0 0.375 0.5140625 0.22421875 0.01640625
0 0.375 0.528125 0.2296875 0.01875
0 0.584375 0.25078125 0.2171875 0.01953125
0 0.59453125 0.340625 0.21640625 0.0203125
0 0.5921875 0.35390625 0.21953125 0.02265625
0 0.59609375 0.38203125 0.21796875 0.021875
0 0.60078125 0.475 0.21484375 0.01875
0 0.6015625 0.4890625 0.2171875 0.0171875
0 0.59609375 0.50078125 0.21328125 0.0140625
0 0.59765625 0.515625 0.215625 0.015625
0 0.59609375 0.53046875 0.2171875 0.01484375
0 0.790625 0.209375 0.21171875 0.01640625
0 0.80078125 0.253125 0.21015625 0.015625
0 0.80859375 0.28125 0.20859375 0.021875
0 0.8 0.3265625 0.2 0.0203125
0 0.80625 0.3421875 0.21015625 0.01953125
0 0.80390625 0.35234375 0.20390625 0.01171875
0 0.80625 0.378125 0.20703125 0.01953125
0 0.8109375 0.403125 0.2140625 0.01640625
0 0.80859375 0.4484375 0.21171875 0.0109375
0 0.81484375 0.46171875 0.21796875 0.01796875
0 0.81328125 0.4765625 0.21328125 0.01953125
0 0.81484375 0.490625 0.2109375 0.01875
0 0.8109375 0.5046875 0.209375 0.0140625
0 0.81171875 0.51875 0.21171875 0.0171875
0 0.8109375 0.5328125 0.21171875 0.015625
0 0.90625 0.621875 0.02578125 0.1625
0 0.865625 0.62265625 0.02421875 0.16484375
0 0.84609375 0.621875 0.02109375 0.16328125
0 0.6703125 0.621875 0.03046875 0.16484375
0 0.65078125 0.621875 0.0296875 0.16640625
0 0.6109375 0.621875 0.028125 0.16796875
0 0.59453125 0.62265625 0.0359375 0.1703125
0 0.5734375 0.621875 0.03671875 0.16953125
0 0.3109375 0.621875 0.01875 0.1734375
0 0.221875 0.790625 0.021875 0.17109375
0 0.39921875 0.7921875 0.034375 0.16796875
0 0.41875 0.79375 0.034375 0.17265625
0 0.43984375 0.79375 0.034375 0.17265625
0 0.73515625 0.78984375 0.02890625 0.16875
0 0.9 0.784375 0.02265625 0.1625