0 0.3140625 0.56015625 0.0453125 0.075
0 0.446875 0.696875 0.04375 0.0671875
0 0.29296875 0.409375 0.0484375 0.078125
0 0.271875 0.5625 0.05 0.075
0 0.33984375 0.63125 0.0453125 0.071875
0 0.42265625 0.4875 0.04375 0.0734375
0 0.5140625 0.409375 0.04375 0.075
0 0.4640625 0.4859375 0.0421875 0.0734375
0 0.190625 0.48984375 0.05625 0.0765625
0 0.3390625 0.409375 0.046875 0.078125
0 0.334375 0.48828125 0.046875 0.075
0 0.428125 0.62578125 0.0421875 0.071875
0 0.37890625 0.48828125 0.0453125 0.0734375
0 0.38515625 0.4125 0.046875 0.078125
0 0.19453125 0.4125 0.053125 0.08125
0 0.43046875 0.41328125 0.04375 0.078125
0 0.4734375 0.41015625 0.04375 0.075
0 0.5875 0.61875 0.040625 0.0671875
0 0.2453125 0.6359375 0.05 0.075
0 0.5859375 0.484375 0.040625 0.071875
0 0.7890625 0.4125 0.0421875 0.06875
0 0.28828125 0.4890625 0.0484375 0.075
0 0.2015625 0.6421875 0.05 0.078125
0 0.3609375 0.70234375 0.04375 0.06875
0 0.55703125 0.41328125 0.040625 0.075
0 0.66640625 0.48046875 0.0390625 0.06875
0 0.48984375 0.69375 0.040625 0.0671875
0 0.22265625 0.5640625 0.05 0.0765625
0 0.3046875 0.77421875 0.046875 0.071875
0 0.22578125 0.7125 0.053125 0.075
0 0.240625 0.4890625 0.053125 0.0765625
0 0.56796875 0.553125 0.040625 0.06875
0 0.5265625 0.5546875 0.040625 0.0703125
0 0.384375 0.62890625 0.0453125 0.071875
0 0.6078125 0.55234375 0.040625 0.06875
0 0.6265625 0.48359375 0.0390625 0.0703125
0 0.31640625 0.7046875 0.046875 0.06875
0 0.48828125 0.55625 0.040625 0.06875
0 0.4046875 0.6984375 0.04375 0.06875
0 0.403125 0.55859375 0.04375 0.071875
0 0.271875 0.709375 0.046875 0.0703125
0 0.3484375 0.76953125 0.046875 0.06875
0 0.4671875 0.62421875 0.0421875 0.071875
0 0.8140625 0.60703125 0.040625 0.0640625
0 0.24765625 0.4125 0.0515625 0.08125
0 0.2078125 0.7859375 0.0515625 0.075
0 0.39140625 0.765625 0.04375 0.06875
0 0.25859375 0.78203125 0.05 0.0734375
0 0.5875 0.74453125 0.0390625 0.065625
0 0.4453125 0.55703125 0.0421875 0.0703125
0 0.434375 0.76328125 0.0421875 0.065625
0 0.59765625 0.41015625 0.0421875 0.0734375
0 0.5265625 0.68671875 0.040625 0.065625
0 0.35859375 0.559375 0.04375 0.071875
0 0.471875 0.759375 0.040625 0.065625
0 0.29375 0.63359375 0.046875 0.0734375
0 0.6265625 0.7421875 0.0375 0.065625
0 0.675 0.4109375 0.040625 0.071875
0 0.5515625 0.74921875 0.0390625 0.0671875
0 0.63515625 0.41171875 0.040625 0.071875
0 0.82890625 0.41484375 0.0453125 0.06875
0 0.62421875 0.61640625 0.0390625 0.065625
0 0.70390625 0.4796875 0.0375 0.06875
0 0.5125 0.75625 0.040625 0.065625
0 0.5078125 0.6234375 0.040625 0.0703125
0 0.53203125 0.35625 0.1 0.0375
0 0.56640625 0.68359375 0.0375 0.0640625
0 0.73828125 0.48203125 0.040625 0.06875
0 0.21171875 0.35 0.11875 0.040625
0 0.7015625 0.7375 0.0375 0.0640625
0 0.77265625 0.609375 0.040625 0.065625
0 0.6390625 0.68046875 0.0375 0.0625
0 0.75078125 0.41171875 0.0375 0.06875
0 0.43125 0.321875 0.10625 0.0375
0 0.54765625 0.48203125 0.0421875 0.071875
0 0.53359375 0.3234375 0.1 0.0375
0 0.64375 0.55 0.040625 0.0671875
0 0.6625 0.6140625 0.0375 0.0671875
0 0.81640625 0.33125 0.090625 0.0390625
0 0.6046875 0.68125 0.0375 0.0640625
0 0.71953125 0.328125 0.09375 0.034375
0 0.5484375 0.62109375 0.040625 0.06875
0 0.6265625 0.35703125 0.096875 0.0375
0 0.43125 0.35546875 0.1046875 0.0375
0 0.8125 0.36171875 0.090625 0.0390625
0 0.63203125 0.26015625 0.0953125 0.0421875
0 0.73828125 0.73203125 0.040625 0.0640625
0 0.32734375 0.353125 0.109375 0.0375
0 0.209375 0.31640625 0.11875 0.04375
0 0.63046875 0.32578125 0.0953125 0.0359375
0 0.43359375 0.2484375 0.109375 0.040625
0 0.71484375 0.41484375 0.040625 0.071875
0 0.6640625 0.73984375 0.040625 0.065625
0 0.8234375 0.66875 0.0375 0.0640625
0 0.77578125 0.478125 0.0375 0.0671875
0 0.1984375 0.2359375 0.1234375 0.04375
0 0.821875 0.2640625 0.09375 0.040625
0 0.63046875 0.29296875 0.0953125 0.0375
0 0.20703125 0.278125 0.121875 0.04375
0 0.53671875 0.2890625 0.1 0.040625
0 0.32421875 0.31875 0.109375 0.040625
0 0.6828125 0.54921875 0.0421875 0.065625
0 0.53828125 0.25546875 0.1 0.040625
0 0.8125 0.4796875 0.0515625 0.0671875
0 0.78671875 0.66875 0.0375 0.0625
0 0.82578125 0.54375 0.040625 0.065625
0 0.72421875 0.29609375 0.0984375 0.0375
0 0.7265625 0.26171875 0.096875 0.0390625
0 0.43125 0.284375 0.10625 0.040625
0 0.75625 0.54453125 0.0375 0.065625
0 0.6765625 0.6765625 0.0375 0.065625
0 0.7203125 0.546875 0.0375 0.065625
0 0.75 0.6703125 0.0375 0.0625
0 0.70078125 0.61328125 0.0359375 0.065625
0 0.8078125 0.7296875 0.0390625 0.0625
0 0.73203125 0.6109375 0.04375 0.065625
0 0.71484375 0.6734375 0.040625 0.0640625
0 0.51015625 0.4828125 0.040625 0.0734375
0 0.81953125 0.30234375 0.0953125 0.040625
0 0.32265625 0.2859375 0.1125 0.040625
0 0.3203125 0.24296875 0.11875 0.0453125
0 0.72421875 0.359375 0.096875 0.0359375
0 0.79296875 0.54296875 0.04375 0.0625
0 0.77421875 0.7296875 0.0375 0.0625