0 0.2046875 0.82421875 0.0515625 0.08125
0 0.48828125 0.58359375 0.0453125 0.075
0 0.4359375 0.51015625 0.046875 0.0765625
0 0.2515625 0.58828125 0.05 0.078125
0 0.57578125 0.584375 0.04375 0.075
0 0.48984375 0.66015625 0.04375 0.075
0 0.4421875 0.81171875 0.04375 0.075
0 0.575 0.65859375 0.04375 0.0734375
0 0.3890625 0.509375 0.046875 0.078125
0 0.58125 0.4375 0.0453125 0.078125
0 0.490625 0.4359375 0.046875 0.0765625
0 0.53671875 0.43671875 0.046875 0.0765625
0 0.48984375 0.73359375 0.04375 0.075
0 0.57109375 0.51171875 0.0453125 0.075
0 0.34921875 0.8171875 0.0484375 0.075
0 0.35078125 0.740625 0.046875 0.0765625
0 0.15234375 0.5890625 0.05625 0.08125
0 0.1484375 0.5046875 0.0546875 0.08125
0 0.39765625 0.73671875 0.046875 0.0765625
0 0.3 0.5875 0.0484375 0.078125
0 0.34921875 0.66328125 0.046875 0.078125
0 0.396875 0.8140625 0.046875 0.075
0 0.25390625 0.665625 0.053125 0.0796875
0 0.30078125 0.6640625 0.05 0.078125
0 0.34375 0.43203125 0.05 0.08125
0 0.61640625 0.51171875 0.04375 0.0765625
0 0.3015625 0.81875 0.046875 0.078125
0 0.39375 0.43359375 0.046875 0.0796875
0 0.70390625 0.5125 0.040625 0.075
0 0.703125 0.5828125 0.0421875 0.071875
0 0.2953125 0.43125 0.05 0.0796875
0 0.70234375 0.65625 0.040625 0.071875
0 0.39765625 0.6625 0.046875 0.078125
0 0.2 0.58828125 0.053125 0.08125
0 0.24609375 0.43125 0.05 0.08125
0 0.25390625 0.82109375 0.0484375 0.078125
0 0.66015625 0.51484375 0.04375 0.075
0 0.44453125 0.6609375 0.046875 0.0765625
0 0.3421875 0.509375 0.046875 0.078125
0 0.48125 0.51015625 0.0453125 0.075
0 0.66796875 0.43984375 0.0421875 0.075
0 0.4421875 0.434375 0.05 0.0796875
0 0.4859375 0.81015625 0.0453125 0.0734375
0 0.19765625 0.42890625 0.0515625 0.08125
0 0.29296875 0.50859375 0.046875 0.078125
0 0.57265625 0.7296875 0.04375 0.071875
0 0.4453125 0.73515625 0.0453125 0.078125
0 0.525 0.5109375 0.04375 0.0765625
0 0.19921875 0.50546875 0.0515625 0.08125
0 0.14609375 0.42734375 0.0515625 0.08125
0 0.3484375 0.5875 0.046875 0.078125
0 0.30234375 0.74140625 0.05 0.078125
0 0.61640625 0.72890625 0.0421875 0.071875
0 0.20234375 0.74765625 0.053125 0.0796875
0 0.52734375 0.8078125 0.04375 0.075
0 0.61875 0.65859375 0.0421875 0.071875
0 0.246875 0.50625 0.05 0.0796875
0 0.7796875 0.7265625 0.0421875 0.071875
0 0.53046875 0.58359375 0.0453125 0.075
0 0.71015625 0.440625 0.04375 0.075
0 0.15234375 0.746875 0.059375 0.078125
0 0.625 0.43828125 0.04375 0.0765625
0 0.53046875 0.73203125 0.040625 0.075
0 0.74296875 0.5140625 0.040625 0.071875
0 0.44140625 0.5875 0.0453125 0.075
0 0.1453125 0.6703125 0.0578125 0.084375
0 0.6203125 0.58359375 0.0421875 0.075
0 0.74140625 0.5875 0.0390625 0.071875
0 0.746875 0.4421875 0.0421875 0.075
0 0.15390625 0.83125 0.05625 0.084375
0 0.7375 0.7265625 0.040625 0.071875
0 0.825 0.51484375 0.0421875 0.0734375
0 0.53359375 0.66015625 0.04375 0.075
0 0.7890625 0.44296875 0.04375 0.071875
0 0.66015625 0.58671875 0.040625 0.0734375
0 0.20390625 0.66796875 0.053125 0.0828125
0 0.56953125 0.80625 0.04375 0.075
0 0.61328125 0.80546875 0.04375 0.075
0 0.78359375 0.51484375 0.0421875 0.071875
0 0.25546875 0.74296875 0.05 0.0796875
0 0.69765625 0.80078125 0.04375 0.0734375
0 0.83046875 0.44296875 0.04375 0.071875
0 0.65546875 0.80234375 0.040625 0.0734375
0 0.7 0.7265625 0.0421875 0.071875
0 0.7828125 0.58671875 0.040625 0.0703125
0 0.82265625 0.584375 0.04375 0.06875
0 0.740625 0.65625 0.040625 0.0703125
0 0.81875 0.79609375 0.040625 0.06875
0 0.659375 0.72734375 0.040625 0.071875
0 0.77734375 0.79921875 0.0421875 0.071875
0 0.659375 0.65703125 0.0421875 0.071875
0 0.78203125 0.65625 0.040625 0.071875
0 0.39296875 0.58515625 0.046875 0.078125
0 0.4046875 0.3390625 0.109375 0.040625
0 0.82109375 0.72578125 0.040625 0.075
0 0.7359375 0.8 0.040625 0.071875
0 0.40546875 0.37578125 0.109375 0.0390625
0 0.5125 0.38125 0.103125 0.0375
0 0.61484375 0.384375 0.103125 0.0375
0 0.5125 0.34453125 0.1046875 0.0375
0 0.6140625 0.346875 0.103125 0.0375
0 0.71171875 0.35234375 0.096875 0.0375
0 0.16953125 0.215625 0.128125 0.0515625
0 0.81171875 0.35546875 0.0984375 0.0375
0 0.5109375 0.31171875 0.1046875 0.0375
0 0.184375 0.36640625 0.11875 0.040625
0 0.809375 0.390625 0.096875 0.0375
0 0.82109375 0.6546875 0.04375 0.071875
0 0.29921875 0.3703125 0.1140625 0.040625
0 0.7171875 0.384375 0.096875 0.0359375
0 0.71640625 0.32109375 0.1 0.040625
0 0.178125 0.3296875 0.1265625 0.0421875
0 0.40390625 0.30234375 0.109375 0.040625
0 0.17109375 0.25234375 0.128125 0.046875
0 0.51640625 0.2796875 0.10625 0.0375
0 0.61484375 0.31484375 0.10625 0.040625
0 0.8171875 0.2578125 0.1 0.0421875
0 0.615625 0.27734375 0.1046875 0.040625
0 0.62265625 0.2421875 0.103125 0.040625
0 0.29140625 0.33515625 0.1171875 0.040625
0 0.5140625 0.24375 0.10625 0.0390625
0 0.17109375 0.29609375 0.128125 0.046875
0 0.8125 0.3265625 0.1 0.040625
0 0.8140625 0.29453125 0.1 0.0421875
0 0.3 0.22890625 0.115625 0.046875
0 0.71484375 0.25 0.096875 0.040625
0 0.2953125 0.30078125 0.115625 0.04375
0 0.71484375 0.290625 0.1 0.0390625
0 0.40390625 0.27109375 0.109375 0.040625
0 0.40625 0.2359375 0.1078125 0.040625
0 0.29453125 0.26328125 0.115625 0.046875