0 0.30234375 0.09375 0.034375 0.09375
0 0.303125 0.18359375 0.0359375 0.090625
0 0.27109375 0.0890625 0.034375 0.0921875
0 0.3015625 0.69375 0.034375 0.08125
0 0.271875 0.18125 0.034375 0.090625
0 0.4265625 0.84453125 0.03125 0.075
0 0.3640625 0.1015625 0.034375 0.09375
0 0.20703125 0.08203125 0.0375 0.096875
0 0.16875 0.35546875 0.0375 0.090625
0 0.23828125 0.08671875 0.0359375 0.096875
0 0.0390625 0.375 0.078125 0.028125
0 0.57109375 0.121875 0.0328125 0.0875
0 0.0375 0.42421875 0.075 0.028125
0 0.26640625 0.36328125 0.034375 0.0875
0 0.2390625 0.17734375 0.034375 0.09375
0 0.2328125 0.35859375 0.034375 0.0890625
0 0.296875 0.45078125 0.03125 0.084375
0 0.33515625 0.0984375 0.034375 0.0953125
0 0.45078125 0.76484375 0.0328125 0.084375
0 0.27109375 0.27421875 0.0359375 0.090625
0 0.4234375 0.765625 0.03125 0.0828125
0 0.60078125 0.12421875 0.0296875 0.0875
0 0.26953125 0.44765625 0.034375 0.0859375
0 0.4515625 0.28515625 0.0359375 0.0875
0 0.44296875 0.3703125 0.034375 0.084375
0 0.04140625 0.346875 0.08125 0.028125
0 0.3015625 0.27578125 0.0359375 0.090625
0 0.39765625 0.10234375 0.034375 0.090625
0 0.36015625 0.6890625 0.0328125 0.0828125
0 0.42890625 0.10390625 0.034375 0.090625
0 0.39296875 0.28125 0.0359375 0.0875
0 0.5453125 0.11875 0.0328125 0.0890625
0 0.39609375 0.8453125 0.03125 0.075
0 0.0390625 0.396875 0.078125 0.025
0 0.36484375 0.76953125 0.03125 0.08125
0 0.41328125 0.36953125 0.0328125 0.084375
0 0.43984375 0.45234375 0.03125 0.08125
0 0.20859375 0.1765625 0.0375 0.09375
0 0.48671875 0.1125 0.034375 0.0890625
0 0.5640625 0.209375 0.03125 0.0859375
0 0.42421875 0.2828125 0.0359375 0.0875
0 0.29453125 0.609375 0.034375 0.08125
0 0.271875 0.69453125 0.034375 0.0828125
0 0.46328125 0.59921875 0.03125 0.0765625
0 0.203125 0.35703125 0.0359375 0.0890625
0 0.39375 0.76796875 0.034375 0.0828125
0 0.140625 0.2640625 0.040625 0.0890625
0 0.41328125 0.453125 0.03125 0.08125
0 0.328125 0.4515625 0.0328125 0.084375
0 0.3625 0.190625 0.03125 0.090625
0 0.4828125 0.2 0.0328125 0.0875
0 0.240625 0.69453125 0.0375 0.08125
0 0.17109375 0.0796875 0.0359375 0.096875
0 0.51484375 0.1140625 0.034375 0.090625
0 0.425 0.1953125 0.03125 0.090625
0 0.453125 0.84375 0.034375 0.075
0 0.39453125 0.1921875 0.034375 0.090625
0 0.453125 0.1984375 0.0328125 0.090625
0 0.1359375 0.353125 0.040625 0.090625
0 0.334375 0.190625 0.0328125 0.090625
0 0.32578125 0.6078125 0.03125 0.08125
0 0.0421875 0.32265625 0.08125 0.028125
0 0.47109375 0.37109375 0.034375 0.08125
0 0.0453125 0.62109375 0.0875 0.028125
0 0.5 0.371875 0.0328125 0.08125
0 0.175 0.175 0.0390625 0.0921875
0 0.59921875 0.5953125 0.028125 0.078125
0 0.2390625 0.271875 0.0375 0.0921875
0 0.50859375 0.203125 0.028125 0.0875
0 0.4375 0.59921875 0.028125 0.078125
0 0.33203125 0.690625 0.03125 0.0828125
0 0.50078125 0.67578125 0.03125 0.078125
0 0.04609375 0.6515625 0.0875 0.028125
0 0.38671875 0.36796875 0.034375 0.084375
0 0.2953125 0.3640625 0.034375 0.0875
0 0.53828125 0.20703125 0.03125 0.0875
0 0.525 0.67421875 0.03125 0.0765625
0 0.4109375 0.6 0.03125 0.08125
0 0.1375 0.07578125 0.0375 0.0984375
0 0.46640625 0.453125 0.0328125 0.08125
0 0.2 0.44765625 0.0375 0.0875
0 0.3609375 0.2796875 0.034375 0.0875
0 0.2359375 0.44921875 0.0375 0.0875
0 0.59921875 0.453125 0.028125 0.078125
0 0.45546875 0.10703125 0.034375 0.090625
0 0.446875 0.67890625 0.03125 0.084375
0 0.04609375 0.69921875 0.090625 0.028125
0 0.62578125 0.12578125 0.03125 0.0875
0 0.0375 0.44765625 0.075 0.028125
0 0.0453125 0.225 0.0875 0.0296875
0 0.571875 0.45234375 0.0296875 0.078125
0 0.04375 0.59140625 0.084375 0.03125
0 0.36953125 0.84609375 0.0328125 0.078125
0 0.04765625 0.72421875 0.09375 0.03125
0 0.3578125 0.36875 0.0328125 0.084375
0 0.62265625 0.45234375 0.028125 0.078125
0 0.0453125 0.19921875 0.0875 0.028125
0 0.13828125 0.6234375 0.0375 0.08125
0 0.475 0.6765625 0.0296875 0.08125
0 0.51953125 0.45234375 0.03125 0.08125
0 0.3390625 0.84921875 0.0328125 0.078125
0 0.171875 0.62109375 0.0375 0.078125
0 0.5375 0.28984375 0.034375 0.08125
0 0.3515625 0.6046875 0.03125 0.08125
0 0.303125 0.775 0.0359375 0.0828125
0 0.046875 0.6734375 0.090625 0.025
0 0.2109375 0.69609375 0.034375 0.08125
0 0.58984375 0.2109375 0.03125 0.084375
0 0.04453125 0.17265625 0.0859375 0.028125
0 0.16796875 0.44609375 0.0375 0.090625
0 0.2015625 0.61640625 0.0359375 0.08125
0 0.14296875 0.1734375 0.0375 0.09375
0 0.04375 0.29453125 0.084375 0.028125
0 0.2734375 0.7765625 0.034375 0.08125
0 0.38359375 0.528125 0.109375 0.025
0 0.5453125 0.59375 0.03125 0.078125
0 0.24296875 0.7796875 0.0375 0.08125
0 0.62265625 0.590625 0.028125 0.075
0 0.0453125 0.2515625 0.0875 0.028125
0 0.546875 0.45234375 0.0296875 0.0796875
0 0.39453125 0.68359375 0.03125 0.0828125
0 0.3328125 0.278125 0.034375 0.0875
0 0.4875 0.528125 0.1 0.021875
0 0.5625 0.290625 0.0328125 0.08125
0 0.5703125 0.59296875 0.0296875 0.078125
0 0.26640625 0.61015625 0.034375 0.08125
0 0.50625 0.2890625 0.03125 0.0828125
0 0.51875 0.5953125 0.03125 0.078125
0 0.65 0.45234375 0.03125 0.0765625
0 0.33515625 0.771875 0.034375 0.08125
0 0.31171875 0.853125 0.034375 0.08125
0 0.49140625 0.45390625 0.028125 0.08125
0 0.21875 0.8671875 0.0375 0.0828125
0 0.0546875 0.9015625 0.10625 0.0328125
0 0.65078125 0.58984375 0.03125 0.075
0 0.49296875 0.5953125 0.03125 0.078125
0 0.42109375 0.68359375 0.0328125 0.08125
0 0.38203125 0.60234375 0.03125 0.08125
0 0.52578125 0.37265625 0.034375 0.08125
0 0.2078125 0.2703125 0.0375 0.090625
0 0.05234375 0.87890625 0.1015625 0.0375
0 0.559375 0.82734375 0.028125 0.0828125
0 0.175 0.26640625 0.040625 0.090625
0 0.675 0.4515625 0.03125 0.075
0 0.4859375 0.5484375 0.1 0.025
0 0.04453125 0.14921875 0.0859375 0.028125
0 0.38671875 0.45390625 0.034375 0.084375
0 0.18515625 0.8703125 0.0375 0.08125
0 0.60859375 0.37421875 0.03125 0.0796875
0 0.621875 0.21328125 0.0296875 0.0828125
0 0.6078125 0.82109375 0.028125 0.0765625
0 0.35390625 0.44921875 0.03125 0.084375
0 0.478125 0.2875 0.034375 0.0875
0 0.1 0.35546875 0.0375 0.096875
0 0.328125 0.3671875 0.034375 0.0859375
0 0.4875 0.5046875 0.1 0.01875
0 0.62109375 0.29765625 0.034375 0.08125
0 0.58671875 0.29765625 0.0328125 0.08125
0 0.0984375 0.446875 0.040625 0.0921875
0 0.70390625 0.1375 0.034375 0.0828125
0 0.55546875 0.37421875 0.034375 0.08125
0 0.04375 0.27265625 0.0875 0.025
0 0.10703125 0.1671875 0.040625 0.0953125
0 0.24609375 0.86328125 0.0328125 0.08125
0 0.2796875 0.86015625 0.0375 0.0796875
0 0.0484375 0.7484375 0.096875 0.028125
0 0.06015625 0.5265625 0.046875 0.028125
0 0.53515625 0.83046875 0.0296875 0.08125
0 0.18046875 0.703125 0.040625 0.08125
0 0.10546875 0.62421875 0.0375 0.084375
0 0.1046875 0.0703125 0.0390625 0.0984375
0 0.26953125 0.53515625 0.121875 0.025
0 0.3828125 0.50390625 0.1078125 0.025
0 0.484375 0.83984375 0.0328125 0.078125
0 0.15546875 0.86953125 0.0375 0.0859375
0 0.38359375 0.55 0.10625 0.0265625
0 0.67421875 0.59140625 0.028125 0.0734375
0 0.63359375 0.37421875 0.034375 0.078125
0 0.55390625 0.67265625 0.03125 0.075
0 0.67578125 0.7375 0.0265625 0.06875
0 0.678125 0.13515625 0.034375 0.084375
0 0.2140625 0.784375 0.0359375 0.0859375
0 0.0515625 0.8109375 0.103125 0.03125
0 0.6546875 0.12734375 0.0328125 0.0875
0 0.58125 0.82421875 0.025 0.078125
0 0.0609375 0.49765625 0.04375 0.028125
0 0.646875 0.2984375 0.034375 0.0796875
0 0.05078125 0.7890625 0.1015625 0.028125
0 0.23359375 0.61328125 0.034375 0.0828125
0 0.0515625 0.84921875 0.1 0.025
0 0.10546875 0.2625 0.0390625 0.090625
0 0.0421875 0.55546875 0.08125 0.03125
0 0.646875 0.215625 0.034375 0.08125
0 0.66015625 0.3734375 0.0328125 0.078125
0 0.6953125 0.3 0.0328125 0.0765625
0 0.60703125 0.67109375 0.03125 0.075
0 0.5796875 0.37265625 0.03125 0.08125
0 0.48203125 0.76171875 0.034375 0.0875
0 0.18046875 0.784375 0.0375 0.0859375
0 0.14765625 0.70625 0.040625 0.0828125
0 0.66015625 0.66796875 0.028125 0.075
0 0.0515625 0.83203125 0.1015625 0.0265625
0 0.04921875 0.7703125 0.0984375 0.021875
0 0.2703125 0.51015625 0.121875 0.0296875
0 0.63125 0.81953125 0.028125 0.078125
0 0.684375 0.37421875 0.034375 0.0765625
0 0.50859375 0.83359375 0.028125 0.08125
0 0.584375 0.52109375 0.096875 0.021875
0 0.65390625 0.7390625 0.0234375 0.06875
0 0.70078125 0.21640625 0.03125 0.08125
0 0.6734375 0.21484375 0.03125 0.084375
0 0.671875 0.2953125 0.0390625 0.08125
0 0.68046875 0.5015625 0.096875 0.021875
0 0.6796875 0.521875 0.09375 0.025
0 0.68359375 0.54296875 0.096875 0.025
0 0.58671875 0.5 0.0984375 0.0234375
0 0.5875 0.5421875 0.1 0.025
0 0.684375 0.66328125 0.021875 0.075
0 0.67734375 0.80390625 0.021875 0.071875
0 0.65625 0.80859375 0.021875 0.0734375
0 0.63515625 0.66796875 0.025 0.075
0 0.58203125 0.6703125 0.025 0.078125
0 0.63125 0.74140625 0.028125 0.0734375
0 0.60625 0.74296875 0.028125 0.0765625
0 0.58125 0.74609375 0.03125 0.0765625
0 0.5546875 0.746875 0.025 0.075
0 0.53046875 0.7515625 0.028125 0.078125
0 0.50703125 0.7546875 0.021875 0.0796875
0 0.134375 0.4453125 0.040625 0.09375
0 0.27109375 0.55859375 0.121875 0.03125
0 0.14921875 0.5078125 0.13125 0.028125
0 0.146875 0.534375 0.134375 0.028125
0 0.146875 0.56171875 0.13125 0.028125
0 0.15390625 0.7875 0.040625 0.084375
0 0.11484375 0.71015625 0.04375 0.0875
0 0.11875 0.79296875 0.0375 0.0828125
0 0.12421875 0.87265625 0.0390625 0.08125
0 0.05390625 0.925 0.1078125 0.0421875
0 0.05546875 0.47109375 0.0484375 0.028125
0 0.04375 0.1265625 0.0875 0.021875
0 0.0421875 0.10625 0.084375 0.03125